3.201546162 1.434117634 -1.247048909 0.8430385906 0.4673486659 0.5287737565 -0.2562429036 0.8905602837 -0.1040120137 0.07790407174 0.3230344617 -0.09614188591 0.1315291268 0.08256196569 -0.06026401054
4.27514241 2.116538414 -0.1799540337 0.9452975109 -0.1662269479 0.04869200465 -0.5907356478 -0.02027165264 -1.086433957 -0.7640806704 -0.4990143793 -0.5738719243 -0.01002212855 0.2158300803 0.3005164816
-2.400649165 0.7181282466 1.102036263 1.289442277 -1.168604224 0.7509621108 0.7118442402 -0.1639649999 -0.9864194547 -0.1400229344 -0.1458141131 -0.01141739586 -0.2254915775 -0.3916848041 0.8599184237
5.591655145 3.171860689 0.9768639141 1.028092084 -1.430718955 -0.6180782792 -0.2507051427 -0.4259587479 -1.76767058 -1.517376179 -0.962627277 -0.8908232719 -0.1680837947 0.7003330502 0.7008308565
3.643316054 1.799525298 -0.9935386996 0.9050716227 0.3198664061 0.2638272124 -0.5930090689 0.5414913006 -0.3033375374 -0.01867790632 0.2815247742 -0.1141362028 0.2335965536 0.239179422 0.04422912013
6.059892416 3.553846329 -0.5131189775 -0.7692109217 -0.7544074253 0.7295846778 -0.08344100065 0.6452550992 -1.164738279 -1.490766913 -2.36553168 -1.531113785 -0.9516104276 -0.3578050579 0.4000475658
-6.776735055 0.8488181478 3.029243392 0.8238381257 -1.881793046 0.8907792553 1.291400866 -0.4526427611 -0.8556836066 -0.4246569921 -1.197386248 0.01512144809 -0.02858973817 -0.3872751963 0.1013197703
5.489063483 2.128187857 2.001204457 0.8415348277 -3.408200967 -1.423569565 0.4236694646 -0.3087767401 -2.231210547 -2.279221993 -1.187338581 -1.087917072 -0.7837854804 0.5999480187 1.194187
1.262993188 3.086861624 -1.781748268 1.016682634 0.3563674234 0.1658239997 -0.4449472935 0.3546590744 -0.2157745481 -0.08034842182 0.1936332178 -0.1239589212 0.2041391066 -0.05619953737 0.09407313766
4.645851783 3.697215654 1.831423244 1.434755471 0.6233749456 0.03964245851 -0.787787342 -0.7051681842 -1.02547618 -1.104004106 -1.263799587 -1.016728275 -0.9231923812 -0.6554972309 -0.5838774135
1.818472725 0.1817890393 1.681483191 -0.4920237952 0.148104381 2.789727584 -1.21419556 -0.8398190355 -0.2343680639 -0.374336533 -0.8218771803 -0.09164424111 -0.1599995918 -0.7176830524 1.131695229
4.830880647 3.079576571 1.162779258 0.5899300258 -0.7859858322 -0.6297041695 -1.15682769 -1.23478322 -1.524248064 -1.395439333 -1.219084831 -0.5769932584 -0.2603302525 0.1049002508 0.4839711401
3.802756865 1.13091503 -0.2030188107 0.9065638129 0.5177843346 0.9866555123 -0.5531861824 0.03418124408 -0.6634060346 -0.2938262912 -0.3630603666 -0.4412500863 -0.3921458403 -0.4531509639 0.5712707014
6.136536424 2.596175304 -1.519348653 -2.188915919 -0.3412549857 0.3764096382 0.6732431323 1.613376252 -1.231841085 -1.121328244 -1.874482618 -1.537144367 -1.29796064 -1.023967491 0.7164808404
-7.145283836 -0.5881442885 1.120959772 1.394018116 -0.9220307343 1.522981753 1.232118279 -0.8195254424 -1.021753954 -0.04229935233 -1.039683341 -0.597872786 -0.2989306655 -0.7858137032 0.2043260317
2.735000475 2.322145936 1.158475171 0.450293691 -2.032101239 -0.451338133 0.1374519822 -0.349342266 -1.734608264 -1.74131178 -1.28821936 -0.8514167785 -0.3181916846 0.2417868777 0.888298354
3.284490151 1.590707909 -1.003686596 1.011716836 0.5829416603 0.5118692083 -0.3988802472 0.5915096464 -0.4567742871 -0.2877085185 0.02683024633 -0.3575670114 0.01518129681 0.07547395234 -0.05750666134
5.15087125 3.017356204 0.2918960234 1.092296271 0.2056980409 -0.05978624163 -1.147190217 -0.2820048781 -1.056078359 -1.145874279 -0.7285468902 -0.6728209531 -0.6120054448 -0.1406103496 0.1159074908
-1.972691397 0.8167508602 2.233428181 0.642978502 -1.653622766 1.382153505 0.9966086428 -0.6033680908 -1.139350616 -0.3983538176 -1.523076514 -0.8632123647 -0.452999472 -0.6028758469 0.2850787021
6.001226576 2.535164321 -0.007083379326 0.5797362547 -1.512713596 -0.7446678078 -0.4221677774 0.01265614231 -1.6028794 -1.920232795 -1.38255051 -0.7459115366 -0.2284734312 0.5267164127 0.8277617096
3.44546707 1.580961483 -1.14236834 0.70877844 0.08990434329 0.08431423498 -0.7902795998 0.3106725442 -0.555059047 -0.3058605739 0.004103691018 -0.2790271528 0.08551294657 0.1043964466 -0.01373281924
7.576363579 1.610111229 -1.122110807 -0.5226912424 -1.353463697 -0.840780278 0.5449041076 1.1855064 -1.900376765 -2.133798493 -1.962240089 -1.15886406 -0.5338028797 0.9232431486 0.7928713499
-4.781715773 0.794374182 3.092542946 0.5661924519 -1.793817326 1.436114019 1.26354544 -0.3970483658 -1.240242069 -0.7324029687 -2.049514305 -0.4434880808 -0.5204452592 -0.3422357037 0.3419472183
4.647525883 1.074935471 0.7960913242 0.6704442253 -2.597677193 -1.847831386 0.2834866841 -0.1999481255 -2.038437289 -2.910943381 -1.481092533 -0.8432290798 -0.3968787244 1.173036618 1.523704732
3.02321179 1.19690016 -1.456081246 0.5873842846 0.1457452918 0.2033208719 -0.5750809184 0.5845151331 -0.331047359 -0.104581762 0.1933897648 -0.162364224 0.2098952255 0.2066580444 0.04626534158
5.095837085 3.120852004 1.728210087 -0.3771114412 0.7836093006 0.09054514165 -1.634104551 0.3810907282 -0.3948940394 -1.551085741 -2.247549154 -1.838110334 -1.686205361 -0.8556692 -0.06417360022
0.6760439705 1.505585536 2.588651158 0.3856013617 -1.257450516 1.335724258 0.4183159446 -1.019559299 -1.425870236 -0.5489608913 -2.053650123 -0.8166555793 -0.5681375651 -0.5810809471 -0.06999525441
4.964649466 2.765226691 0.9244953118 0.1584584403 -1.739352827 -1.313919567 -0.7205484642 -0.7656708163 -1.64217643 -2.454601515 -1.379102665 -0.882178228 -0.7440562729 0.5154951422 1.377243122
2.634690109 0.5801319436 0.3281831994 0.4445269504 0.002424663335 1.061847716 -0.7650932525 -0.0233380419 -0.202390768 -0.4118827744 -0.5142419642 -0.03929277862 0.1874727122 -0.3826197514 0.5770347089
7.421170388 1.355343673 -1.561838543 -1.442753264 -0.2281113839 -1.049696447 -1.123512544 0.000772214086 -3.205298576 -1.183917905 -1.230515146 -0.6339616434 -1.100963049 -0.06887318929 0.5982564419
-6.28638023 -0.5127558293 2.287216235 0.6993993139 -1.391676913 0.8708090791 0.06438892579 -0.8926331556 -1.411744156 -0.7808525936 -0.9163838134 0.0009472352186 -0.5288971886 -0.2946108366 0.3931552889
4.50483479 1.884988729 0.8895479989 -0.1238441227 -3.15866307 -0.0553952498 0.6443521355 -0.1265769831 -1.394588511 -2.333800789 -2.110470695 -1.025816267 -0.4152846585 0.2674109966 0.4094717974
