3.980876133 -1.674618496 2.484101818 2.089904853 0.4968926626 0.5729660778 0.2502169577 -0.3540546703 -0.1189747353 0.304030056 0.4737197586 -0.1593690103 -0.2429425442 0.04076981129 0.2332829281
4.470606872 2.742040137 1.541946722 1.456429294 0.8028477209 0.6558984669 0.2968119618 0.1627094293 0.02802648338 -0.1440590097 0.01112470689 0.1115732035 -0.1447685093 0.0166333894 0.2293356716
6.01184053 0.8898995664 1.882606105 2.430205423 0.7700072907 0.3533181032 -0.1078082933 -0.4597656929 -0.4260105912 0.2129032985 0.2958886917 -0.3510631597 -0.4118265881 0.1752420251 0.3577708304
2.86475057 1.896546319 1.470117073 1.239834313 0.7192188944 0.7117000975 0.3301872767 0.3215250693 0.1937295932 -0.1039480726 -0.08788424143 0.1724627406 0.01011328559 0.02162432107 0.1388973117
0.4709481086 -1.987972602 3.787894084 1.838129823 0.6131637461 0.4422442999 0.09326388883 -0.3379386663 0.2600131602 0.4505118622 0.2967542753 -0.2557258254 0.0839431843 0.1543463762 0.09814332722
3.597147921 1.591232345 1.103342164 1.316319557 0.163389269 0.07490982041 -0.2049141299 -0.161601784 -0.1561935503 -0.2001221493 -0.07449274405 -0.02504326209 -0.09342904686 0.01950141887 0.04209041653
7.379881648 0.1018051786 0.8269214457 3.248073567 1.969576355 -0.3363386274 -1.04452978 -0.6180266855 -0.6746300015 -0.06053188192 0.2295665205 -0.7935774728 -0.9937311589 0.1620251472 0.6659466867
1.462776177 0.7548020078 1.426247364 0.8221406131 0.1052389373 0.4456778508 0.22008974 0.2467102153 -0.004239161439 -0.1652781004 -0.09534480424 0.06438886326 -0.0151781307 0.09236056999 0.1195457299
6.067405815 -0.1429062867 2.686208487 0.4085299233 -0.7783486624 0.09016286937 0.3795013422 -0.1822632427 -0.2109565861 0.2934116981 0.468069355 -0.4035873726 -0.2423564536 0.02272264522 0.1844194079
3.431791254 2.552443378 0.5174703537 0.8809476535 0.299899394 0.166361394 -0.02449335651 0.04380758877 -0.147143606 -0.2384062803 -0.07365296133 0.01602135881 -0.06203069509 0.0478818139 0.08749923986
7.816195122 0.681126305 0.9162126397 1.118868572 0.7760932297 0.2408913078 -0.6622366429 -0.6949344885 -0.08800277321 0.1032279739 0.2702186417 -0.3436268318 -0.4785377894 0.08517929347 0.2701274785
2.062648213 1.1725046 0.6467495755 1.07915223 0.5411745656 0.572919369 0.2097125882 0.2081848633 0.08482196057 -0.1796591698 -0.1162847389 0.09645565129 0.0701983689 0.07069649163 0.1015636822
0.648246306 -3.101054371 2.513303568 1.665601665 0.746852177 0.8290258976 0.4467590884 -0.3536852169 0.09824757454 0.3263117414 0.4565226564 -0.4314712308 -0.03174781272 0.1653550419 0.3266946734
3.999107293 1.675389605 -0.1869915627 0.7701328007 0.1773722196 -0.0650298486 -0.2800753558 -0.09231442817 -0.1998822186 -0.05100396634 0.2630228122 0.2817017734 0.04896738294 0.1519113387 0.173936219
7.0826359 0.3780169551 0.7085918897 2.418696705 0.8799335482 -1.173496487 -1.105173337 -0.9573060468 -1.346174411 -0.4244988766 0.8860976438 -0.3946075557 -1.153985725 0.4798043401 0.7311214208
3.487233857 0.2960462948 0.2115626132 0.8043201045 0.2255802632 0.3364752649 0.04922443551 0.03748862108 -0.108149863 -0.2125019546 -0.1688916067 -0.1073348364 -0.1144641242 0.02193635548 0.06305124441
4.031115782 -0.7798133087 3.606163336 1.369602463 -0.2532478876 0.05831391167 0.1586919075 -0.5390694658 -0.2940917352 0.1331815245 0.3978069446 -0.4077096418 -0.3453862514 0.04221241918 0.3704540399
5.015799468 1.919985543 0.5486410202 0.7875662158 0.3441771962 0.5434633285 0.2248829102 0.13732985 -0.04152870813 -0.19548982 -0.1351495101 0.05235915908 -0.1464200139 -0.2056572801 -0.1598617163
4.857784046 -0.4828616718 0.8843477251 2.359578577 0.807258645 0.5027233738 0.3148977512 -0.5233231133 -0.4166789737 -0.01514860098 0.4661883199 -0.05673015139 -0.4294946409 -0.1063543433 0.3961265441
2.621290745 2.127716732 0.5545289706 1.165843037 0.5893091828 0.3665017697 0.140931558 0.1699320034 -0.02001176232 -0.2936939967 -0.2243967328 -0.07706527704 -0.06869747992 0.01015496979 0.1144375243
0.795021485 -1.626388607 3.82347759 1.433885261 0.3778437959 0.3948710528 0.02809951236 -0.648191964 -0.39085293 -0.04291459529 -0.3940274386 -0.5104928802 -0.2459403547 -0.08967487548 0.09300885584
3.842096484 1.414490429 0.6318918124 0.8246202216 -0.1930248017 -0.1555032236 -0.4227412637 -0.3815020585 -0.50609782 -0.6341064874 -0.3105276643 -0.0862510119 -0.1197278911 0.0986786681 0.1893300941
8.493870937 -0.9125399053 0.4040633772 3.874864736 2.216500853 -1.125532214 -1.238809751 -0.4176290032 -1.111925766 -0.3211196286 0.4673097354 -0.7924674538 -1.288319893 0.08180985439 0.8373173788
2.243567002 0.8917751686 2.005034701 0.8081522884 -0.1347886152 0.0335054699 -0.2506346471 -0.1447178914 -0.3071360363 -0.4058250857 -0.3108693694 -0.05743522609 -0.09612178536 0.08779609106 0.1934796972
5.41406232 -1.194928885 1.957131501 -0.1800069424 -0.5957345081 0.149450279 0.342426589 -0.1735332082 -0.2099906159 0.179201024 0.1996983381 -0.3314587628 -0.07411454318 0.07524081553 0.1471596773
3.652424371 2.24629394 -0.01335805224 0.3198378058 -0.2125565701 -0.2076857082 -0.1638294981 0.0575599824 -0.1607843056 -0.2812447765 -0.04720174086 0.02698742588 -0.06895342808 0.02147490917 0.04183273107
9.043859697 -0.6504185578 0.3829973961 0.2311596109 0.1372909972 0.12451038 -0.04290463743 -0.2383141799 0.09465654825 -0.05847342827 0.07021447589 -0.1010803136 -0.4102244681 0.04313120815 0.1434700156
2.405310892 1.690680338 0.2880573385 0.5585256111 -0.01136418666 0.1073575067 -0.02682027897 0.07477289232 -0.04984631432 -0.1495885138 -0.009322981246 0.1053822613 0.05249604905 0.07595952578 0.129019595
2.4330133 -2.299543373 2.823082024 1.510893761 0.2536528138 0.1914276746 -0.06650478081 -0.4937790102 0.0976875867 0.3169124206 0.2506421065 -0.5498145266 -0.2129635957 0.05778513263 0.2517845322
5.204517011 0.7205834928 -0.8858496966 0.3699083904 -0.6530696844 -0.9215653638 -0.7044573536 -0.415543959 -0.3248719973 0.1264510626 0.2839085188 -0.1535732192 -0.07678688636 0.3768891247 0.2036098851
8.333847012 -0.7462201806 0.4786031817 2.471323045 1.50934599 -1.334089186 -1.75504678 -0.9689837175 -1.201450928 -0.6148026036 1.196820578 -0.4380952434 -1.377550118 0.4519090297 0.8358801398
3.08036917 0.4784824705 0.8706162633 0.8929069588 -0.2647336096 -0.2869191041 -0.5673345115 -0.3061039502 -0.2270229517 -0.2175717894 0.02554074443 0.05924323976 -0.007520783237 0.1287065376 0.1088490824
