14.80465715 2.080340301 -4.590985512 -1.676853341 1.286257512 0.5469678252 -1.720578857 -1.094679847 0.1630664647 0.2332966769 -0.4890995001 -0.6588518468 0.2565398205 0.6390783431 -0.4467868672
10.51776735 2.015238308 -2.723105974 -0.8860332094 1.293121965 0.8201780124 -1.311120127 -1.420100746 -0.2205014536 0.5116566422 0.02643054425 -0.3677235844 -0.2222046455 -0.2183592998 -0.4554662598
4.878029785 -2.41542221 -1.111317039 3.466397278 2.128081109 -1.053688671 -2.026200237 -0.3425542104 -0.5094393553 -0.9075332021 0.06238391234 0.1130577187 -0.6672175519 -0.8240403166 -0.3511468508
3.162887893 2.216756782 -0.6515224805 0.2766100099 0.8490900001 0.5298497115 -0.5331950463 -0.1473407296 -0.1645234208 -0.2526158785 -0.1626533764 -0.3445901402 -0.3840366932 -0.2765554094 -0.4085731016
14.11304655 0.174322805 -4.387872717 0.6777235248 2.231560536 -0.4389755394 -2.391963556 -0.9438294977 0.1222881897 -0.02430536783 -0.2268016205 -0.09455915395 -0.01767454157 -0.3043691432 -0.6489272607
8.177938354 -2.905334919 -4.450677559 0.5087187146 2.563250026 0.5524068169 -2.320361284 -1.439936019 -0.07835344128 -0.7759084282 -0.8929714406 0.1817835288 0.4413761527 -0.1358243848 -0.4886120013
5.30663637 -5.904560656 -4.057440721 1.992922229 2.302100095 -0.07415546173 -1.798771164 -0.5919316918 0.4672313903 -0.6784928399 -0.4742410768 0.7404724129 0.03459392618 -1.01794332 -0.5379117137
2.235896495 1.516037737 -1.302381526 0.0006483744856 0.6886250486 0.5195971868 -0.3986719242 -0.1730139486 -0.1253950912 -0.1240542964 -0.1943946497 -0.2188255367 -0.3571765729 -0.3155882571 -0.3530163064
12.66323114 3.707521761 -1.731219994 -1.126072081 -0.1653021241 -0.5854108494 -1.204058016 0.2144710622 0.8362885848 -0.2231948266 -1.537943785 -1.110691406 0.6803924739 1.228136575 -0.1167800674
7.039997302 2.687897176 0.15702684 1.574821805 1.382158047 -0.5511012353 -2.309371537 -1.425621178 -0.278975153 0.1705394183 -0.1099513246 -0.3148921272 -0.2332777684 -0.2605467632 -0.2418418135
2.238703159 -6.582066849 -1.875107149 3.951473351 1.902571812 -1.620315514 -1.961227883 0.3250154764 0.1005455422 -0.7620305977 0.2781263959 0.3073265499 -0.865366131 -0.7629358575 -0.05713375433
2.57803513 1.64575883 -1.457860848 -0.3157377045 0.2567915607 0.08564562075 -0.7176013964 -0.3812088153 -0.2593957654 -0.2147660854 -0.2289656446 -0.1934705085 -0.3304074507 -0.293085165 -0.2647185259
10.09230396 1.33733951 -2.13010393 1.100253589 2.171621717 -0.4961766581 -2.910264166 -1.474481394 0.4716295888 0.6146794347 -0.1999901769 -0.4260120094 -0.04517971671 -0.300315393 -0.69511123
8.731684955 -0.5901173026 -3.68637598 -0.1520602778 1.436951084 -0.4623858902 -2.492518621 -1.389330614 0.3870705475 0.8945296268 0.1726625533 -0.3453289824 -0.3201911239 -0.3324799177 -0.6467996031
3.973178696 -8.025525312 -2.811031291 1.361706334 2.250898905 1.725570614 -2.38897504 -1.816353012 0.54770698 -1.531465325 -0.9212621588 0.6519388207 -0.2941387903 -0.5477405749 0.1480494365
1.855728175 1.108342235 -1.599667002 -0.6378163546 0.3181331498 0.2396827513 -0.7389736806 -0.169228336 -0.1629562652 -0.165402103 0.02065957435 -0.269871755 -0.3820675575 -0.2206705175 -0.417839714
11.78600853 1.45804072 -3.712645227 -1.380143814 0.8468143186 0.2463389993 -1.283151338 -0.6783162461 0.2842685684 0.08519158853 -0.6779680348 -0.4901968012 0.3178068808 0.3484739894 -0.5337783148
8.212708613 1.643190997 -2.403863984 -0.5459316521 1.329354213 0.8832406218 -1.100816255 -1.169027592 -0.1856482188 0.473017862 0.1111563189 -0.3980252842 -0.3214395646 -0.1603448183 -0.4550060832
2.288191121 -3.578045781 -1.346548071 2.232761332 1.080972692 -0.9160281799 -1.695528569 0.05850397529 0.2054008632 -0.6168035687 0.06150422135 0.2316747606 -0.5048693109 -0.6475347258 -0.3310752566
2.296799899 1.704099346 -0.9701945667 -0.4624934551 0.5588479846 0.2790005124 -0.9335053963 -0.1123395651 -0.2515131946 -0.2959788232 0.1358433731 -0.4910189202 -0.4583806321 -0.1493761109 -0.5434947884
13.31924073 -1.639036082 -4.300777675 1.577213839 1.819951062 -1.641332135 -2.342741822 -0.5683779356 0.0646200673 0.1655756064 0.5109181989 0.02957473497 -0.5039733627 -0.3412292961 -0.3625417304
4.450777582 -2.753544668 -3.743403164 0.9782579643 2.902901633 0.7480310401 -2.139389435 -1.576319522 -0.3740571321 -0.08705598385 -0.2162534866 -0.2753516617 -0.05753631853 -0.1324555686 -0.5691887201
2.331147816 -5.531565116 -4.524881034 1.622549151 3.673937668 0.8468432777 -2.492993128 -1.831415376 0.1216791624 0.24198941 -0.3218160168 -0.2038071073 -0.04809986204 -0.4435491598 -0.6086230064
2.884121121 -0.1751921358 -1.917380718 0.6029751809 1.109267293 -0.01621292337 -1.101984923 -0.1498180447 -0.1201967784 -0.4720707789 -0.2507400194 -0.07223962979 -0.274225661 -0.5335611943 -0.4727433963
8.86498631 3.193406173 -0.943794607 -1.155714372 -0.8404529085 -0.8612212626 -0.9079561129 0.1603902046 0.7023013291 -0.08406821306 -1.252173051 -0.9585249867 0.3221941222 0.7729436645 -0.1046555449
5.361950764 1.163703445 -1.108999189 0.7628504425 1.366755698 -0.003586025843 -1.65031212 -0.9060137615 -0.003179649305 0.3350663539 0.0045783616 -0.4447351236 -0.3920181767 -0.2607876608 -0.401481852
1.843803965 -8.543694887 -1.244915955 3.762055887 0.5133300857 -0.8505510798 -0.8924830281 -0.1878399836 0.1430162985 -0.4577552196 -0.05386264722 0.1452625594 -0.7783358232 -0.6891262008 0.06656159158
2.082964396 1.416325102 -1.371613891 -0.3879326557 0.4441351491 0.2823104896 -0.7487231764 -0.419276289 -0.5520098817 -0.5450773922 -0.3832931886 -0.5421266143 -0.5663287179 -0.3715782157 -0.4477804872
10.61055683 -0.3717395388 -2.91422683 1.445644348 2.001056177 -1.100973249 -2.642710358 -0.9296912913 0.2724318144 0.1976288366 -0.01679062084 -0.04417512294 -0.1284770892 -0.4198162072 -0.5766204162
6.955442282 -1.38604555 -4.138075425 -0.4339651211 1.923112191 0.601470523 -1.785843208 -1.362209343 0.2029516122 0.6993278398 -0.09807020737 -0.5586048477 -0.1183862184 0.02241578551 -0.6088258014
0.9440397352 -8.222245419 -4.357972027 2.400598558 3.205376933 0.5747237941 -2.158020284 -1.135963227 0.6225968588 -0.4422777695 -0.746076515 0.5346521253 0.1445820395 -0.7876362522 -0.1451919953
1.815604999 0.9565296244 -1.901280436 -0.7134615934 -0.009878975361 -0.1436417535 -1.008905006 -0.5951251848 -0.5017093427 -0.4082455667 -0.3068641008 -0.3527214472 -0.4268277505 -0.29298487 -0.3215427829
