1.221644871 1.441389773 1.630689655 2.417931417 0.8060590508 0.950422772 1.198342582 0.2660508172 0.5933584992 0.9423384454 0.60618672 0.4753267859 0.6102202532 0.3946130412 0.04502697335
3.772292852 0.9302381928 1.694189401 2.781868901 0.2061271897 -0.4036945405 0.6503033731 0.1256815683 0.2176872349 0.6474168258 0.6757632597 0.1334341783 0.04450210883 0.496434605 0.0899709479
-1.235333288 0.1726346751 2.630700395 2.634617981 0.1651069539 1.06948942 1.951325175 -0.236639851 1.216173818 0.0702027321 1.004050036 0.7005785668 0.1646397361 0.7101874291 0.05262561396
2.872741272 3.557423859 1.742322455 1.939318835 1.091794096 0.7826542645 0.439542641 0.03741258784 0.2001699703 0.223212284 0.1364155068 0.03867933382 0.04518258801 0.1797394037 0.05287197172
0.6555796523 2.020054273 0.8062172636 1.793847518 1.307164585 1.224814644 0.8550001732 0.4481350841 0.5331935791 0.7148762386 0.6825455839 0.5182781859 0.4435799092 0.3531414797 0.1800498768
5.438717536 -0.03318399993 0.1311105699 1.17613714 -0.7096661803 1.024910253 2.604126094 -0.2984965887 0.2220394557 1.018369663 0.2200034119 -0.09508818099 0.289791917 0.02727645778 -0.4858617005
-3.222258261 -2.850281847 3.838651629 2.136520767 0.5945992491 0.80806921 2.740933631 -0.429203406 1.169440473 0.1788313713 1.13890221 1.089832944 -0.04109365602 0.9673705361 0.2616219495
3.462359414 2.930244289 1.434992064 0.8611983616 -0.1959690798 0.9420620681 1.071225686 -0.3532068832 0.5497551282 0.7274153792 -0.2010276834 -0.04868129427 0.1887306403 -0.04912307854 -0.1919572356
1.869392958 3.002125093 1.605044986 1.933483012 0.8984947172 0.8254169358 0.9695992349 0.7143049643 0.6248332277 0.703523854 0.5401355154 0.2546511002 0.1677705377 0.1724202223 0.04778256844
5.967383733 1.088004342 0.3858523693 1.820442781 -0.6295762171 -0.8453140572 0.9040274609 -0.9456705399 0.06899806441 -0.2915242865 -0.07281154251 0.1393153873 0.3999864979 0.4181269537 -0.5149295533
0.4656439689 -1.63523975 1.561669512 3.326706908 0.4474764223 0.7256803807 1.006417002 0.2324584496 0.8437036263 0.8975031548 0.509414148 0.4182345653 0.4488211312 0.3275159879 -0.004593717675
3.603159747 4.595520059 1.803796126 1.418183982 0.7385335864 -0.5672279751 0.5346852394 -0.2879222006 0.1858444327 0.4293956997 0.009323682954 0.3276045801 -0.356741649 0.2674372076 0.02469961029
1.578172544 2.017282662 0.7912726097 1.249786775 0.8476471275 0.7604623914 0.4325995471 0.3770645625 0.4207491668 0.5304882958 0.4068322159 0.2875450558 0.2255274919 0.2100008368 0.1505700829
5.934689311 1.316025377 -0.05327467146 0.1067649518 -0.9318683099 0.03956675272 2.489998086 -0.06220012078 -0.7284880342 -0.1994457172 0.4273095496 0.08363979432 -0.08244516885 0.5315076245 -0.8426291855
-0.01768521112 -3.068276413 2.995145058 3.11418443 -0.04427148411 0.2243905381 1.21991784 -0.2152182818 1.237836003 -0.5496291845 0.482220581 0.5649143132 0.5658746284 0.6577552362 -0.4417281808
4.866741253 3.729822287 1.794550228 -0.08588992411 -1.306840053 -0.3099573383 2.124000678 0.0875108326 -0.1349126452 0.1537570531 -0.2107872107 -0.2681981552 -0.13193826 0.9959369981 -0.4619787844
2.7227168 1.084985018 0.6982971182 1.980702382 1.698957091 1.446880142 0.5406164248 0.2949459033 0.6172929914 0.9418395426 1.074410769 0.5233570487 0.1356745103 0.4694420243 0.3932608413
3.46383786 0.6055827493 2.032380537 3.084622051 -0.1834690287 -1.572310001 1.490427853 -0.8567041301 0.8335876562 0.8224990304 -0.301403029 0.3864827536 0.3458146731 0.4821806995 -0.7106691579
0.9415186491 -0.1241401294 1.294809259 2.624759201 0.4369200163 0.716845677 1.376919096 -0.1588316509 0.5125281137 0.9416599477 0.62289202 0.3123499643 0.3121049842 0.4692760032 0.01610927978
4.153660311 3.880435528 1.706507523 1.915684524 1.256305807 0.643025907 0.1018014285 -0.5619408192 -0.606935469 -0.445904847 -0.3143322203 -0.2043383372 -0.2612186989 0.2293108452 0.1476725966
0.6152996342 1.774105705 0.5692414669 1.495714161 1.030677215 0.9069195509 0.4895018005 0.271110326 0.2685609082 0.4910857115 0.4022108075 0.268890385 0.1553605352 0.1223356956 0.1042113387
6.326087819 -0.1694351752 -0.7797136404 0.9001470321 -0.5964142786 0.3364720117 2.178742059 -0.5447530817 0.07096394739 0.7515001078 0.1043613712 -0.4767788483 -0.2482338377 -0.03402709965 -0.7496614589
-2.050594044 -4.387855272 2.97491623 2.494258271 0.7707671789 0.7945398687 1.628916152 -0.1205782715 1.397848872 -0.2236924454 0.7307175375 1.218517963 0.5725515494 0.6937825304 -0.4241026269
4.229299311 2.152838905 1.430909384 1.175567449 -0.8949810142 0.03738232002 1.74809824 -0.653795717 -0.1266418987 0.5285582037 0.1591984058 0.494929589 0.04814331566 -0.1370057857 -0.535479115
1.613180543 2.661074939 1.372408504 1.956701821 1.166151655 1.050062876 0.7580418864 0.5225509538 0.5009653501 0.7800538736 0.6266820385 0.3877462058 0.1882167071 0.07205778009 0.0161347283
4.332574713 -0.3656038564 1.202049415 2.518487384 -0.7673454689 -1.852211958 1.209687706 -0.9260686088 0.5105608165 0.3066949517 -0.4527670261 0.1789332641 0.05736565098 0.1923577829 -0.6505619628
1.998890679 -2.529136318 0.7838855096 3.033658178 -0.5087818824 -0.3195070227 1.411369912 -0.3714900681 1.02687886 -0.2920548701 0.7220353477 0.1633366899 0.5317375649 0.5584811727 -0.3534938379
4.689979739 4.427808936 1.730232889 1.943571456 1.215447131 -0.4374475416 -0.5127086173 -1.215874118 0.1811617275 0.292103145 0.1529391478 0.02890876791 -0.3658003156 0.1850641389 -0.3950664259
1.874949097 1.653432489 0.7224545543 0.8556013021 0.452542847 0.4640072341 0.2981755472 0.2827385317 0.1770118017 0.1879971693 0.1140631343 0.108454651 0.08151449861 0.08242458455 0.004238993113
6.18414439 0.674360635 -0.3256782487 0.4511836084 -1.766888004 -0.7010352809 2.908153075 -0.3679765095 -0.3880058266 -0.33910344 0.1603336687 0.1500005186 -0.01897852302 0.4883947856 -1.17288416
-0.7014575466 -3.988298014 1.737508774 3.41027462 0.758542796 0.1972796585 1.155437962 -0.7239934632 1.62807332 -0.6201029944 0.6444835177 0.7658011976 0.3354139889 0.5838912243 -0.4140157775
5.51748236 3.031515697 0.5222769922 0.1824102612 -0.5740397897 -0.1436052555 1.354405762 -0.9435358355 -0.04648064568 0.2341143781 0.03039080611 -0.1377665443 0.06669965527 0.4124733508 -0.6411472247
