1.281883541 1.916749974 -0.12555262 1.094857138 0.807313589 0.9014422922 0.5848770969 0.5036068833 -0.2050330513 -0.5106729737 -0.2746031035 -0.002265480683 0.1442214629 0.1387031069 0.0277732623
5.120098327 1.033224183 0.3262636533 -0.08703626177 -0.6570339518 -1.17365783 -0.089401056 -0.6255002456 -0.4249131556 -1.007655774 -0.6662347689 0.3047345377 0.6058693461 0.1982326477 -0.04531703544
3.922136369 1.302177915 0.3405943793 1.261396875 -0.4945040296 -0.8099077993 0.2558571704 1.332774849 -0.0171179349 -0.9448765524 0.1765217835 0.5607434271 -0.07127331345 0.2305681613 0.3555164341
-2.616782687 1.704954236 0.3595611045 0.8276442932 0.2274009748 0.5589671431 0.02235772553 0.09066745428 -0.1338111334 0.03503853026 0.05205355148 0.02099474625 -0.06116519429 0.0170210495 -0.01242340904
3.132250873 -0.0506884996 -2.124036636 1.747764955 0.6941816145 -0.8817291202 0.3913882312 0.3330326758 0.5261232843 -0.6054829898 0.9099886949 0.3659985876 -0.1248676786 0.05080622058 -0.1707619321
3.814845705 -1.591150609 -0.1015382755 0.8054670301 -0.4672932324 -0.9545809377 -0.9104860503 -0.09720981864 0.1555586005 0.179172823 0.5263096535 0.185756013 0.09597885211 -0.2578351901 -0.08244685083
5.156683096 -0.2356957285 0.7482895391 0.4701607728 -1.444208565 -1.494795178 0.03132886158 1.286602788 -0.2151129355 -1.26089537 0.002921912866 0.5543327913 -0.01768922723 0.3793557776 0.3875314243
-3.133699263 -2.049631407 0.1844916028 1.653416728 0.4709203627 0.2381926986 1.440882327 -0.6196339853 -0.08306616049 0.2375746114 0.08363195712 0.3042453189 0.4766792426 -0.301235475 0.1105128805
1.027747799 1.669501574 -0.3680145756 0.846959148 0.6608089058 0.7655181883 0.5590320446 0.7884071218 0.2695384494 -0.0619170552 0.1093959764 0.3332359863 0.387238219 0.3491794656 0.1600034949
1.247507091 -0.5479554967 1.352499954 1.351810734 -0.2507232526 -0.5512304547 0.407183148 -0.87161776 -0.2813309612 -0.7594784244 -0.5551711061 0.0995145911 0.1984440784 -0.2951825737 -0.4894720936
5.123070667 -0.9615115983 -1.68434042 1.767899336 0.4692566976 -1.195540102 -0.3279301688 1.281253752 0.8546480338 -0.07978015911 1.027882604 0.2447526133 -0.5258113444 0.1450990929 0.303095467
-1.427074268 -1.894942816 0.972122426 1.604033753 0.2996901552 -0.3914229602 -0.3482950399 -0.08967221896 1.152832986 -0.3386123708 0.1990239544 0.1435044914 0.3470095721 -0.1628892587 -0.4641522227
0.6171662996 -0.1411662332 -1.640918856 1.898148376 0.955941398 -0.7423242203 -0.04351674327 0.1566646054 1.116546442 -0.6775220409 0.2318992185 0.137158728 0.2840515203 -0.0564226489 -0.1698240992
2.168988025 -2.121480272 0.2788094162 0.550034127 -0.5875264992 -1.680921814 -1.126054171 0.1571316944 0.6635420661 0.1417761092 0.06250174905 0.1620077287 0.2382056897 -0.0827010946 -0.2009902816
3.794191443 -1.375214963 1.399205353 0.709494869 -1.408573893 -1.666365315 -0.3831149381 0.4663158315 -0.5531878328 -1.630664048 -0.06390281072 0.6703719236 0.04617388506 0.4675607521 0.3243295769
-2.814390036 -2.846875976 1.044897159 1.909755962 -0.3752087889 -0.6552157275 -0.3187116064 -0.3234793719 1.337777902 -0.3247935048 -0.3398812766 0.4826016125 0.5864550859 -0.03556515159 -0.4991161392
1.637325732 2.025108413 -0.07691096954 0.8303561349 0.4068679714 0.4202180037 0.192201359 0.3376494742 -0.1720709837 -0.3723807423 -0.1004993622 0.1183690681 0.1724633115 0.1688709316 0.0693402363
4.919429399 0.0623628621 0.5861714231 0.4142677821 -0.7882401085 -1.408332994 -0.867667741 -0.5532102637 -0.3103550516 -1.402171566 -0.7231299926 0.2906425921 0.5172758691 0.02147125924 -0.2164466998
2.745059192 1.746675547 0.1053299945 1.387529353 0.07708662855 -0.2595124784 0.3121720273 0.948730696 -0.02191176147 -0.4650245539 0.3065927547 0.4533284267 0.004152984585 0.03085041186 0.1196675694
-1.714971307 -1.141849637 -0.04332220514 0.9871037457 0.5246678859 -0.2148621572 -0.02724782794 -0.2252152383 0.3784068164 -0.07582373941 1.076706364 0.1648617459 0.03191092263 -0.0147051698 -0.07568148659
2.248016855 0.8110724928 -2.914701431 2.292170138 0.5516032765 -0.8855588126 0.5392258401 0.4440413783 0.6104378884 -0.1699203466 1.084257374 0.3475012036 -0.4026206914 0.08857737904 -0.3942345122
2.560877153 -1.296425375 -0.3061206776 0.8739309746 -1.177755543 -1.723635458 -1.13622866 -0.01905363021 -0.1570311113 0.3066812545 1.045626028 -0.1543828049 0.03683764616 -0.5897891726 0.147862054
5.140088828 -0.2061378575 0.8736630018 1.835803751 -1.216994411 -2.023695842 0.201454718 0.9883124809 -1.266432682 -1.993226989 -0.3285629161 -0.4116585698 -0.1889124796 0.1201473497 0.2186877455
-3.304214481 -2.418525056 0.1394035925 1.270807706 0.07653071421 -0.3006762283 0.5413613365 0.1663644202 0.1623222191 -0.6266764883 0.3290581241 0.6577658005 -0.31919629 0.172293813 -0.4751619411
1.00046621 1.263280598 -0.5666087043 0.7122564188 0.4908267489 0.6083028331 0.3173734919 0.326685621 -0.1506821088 -0.3197621221 -0.147084096 -0.008784751593 0.08628871461 0.09298587125 0.0735119608
3.403843117 0.06563667073 1.462243847 0.896883793 -0.6673924153 -1.330360005 -0.6490391969 -0.6475361728 -0.07794417044 -1.166303846 -0.7720873649 0.08810248249 0.3675926093 -0.2971025452 -0.4648369924
4.912455007 -0.6475284284 -1.702318615 1.867912755 0.1577294753 -0.9207795854 -0.4946970917 0.2923855991 0.3279018221 -0.02913550924 1.278417209 0.238825243 -0.4923515731 -0.2089566763 -0.3101525361
-1.556362451 -1.532222131 1.01301279 1.928565429 -0.2229851495 -0.6929334662 0.4472549533 -0.8748587105 -0.3239331828 -0.6499115584 -0.8266939323 0.4272268648 0.7326289862 -0.1309584529 -0.4678342985
1.015564407 -0.2983497664 -1.913465171 0.4863354119 0.4934441585 -0.6431158441 0.3827554969 0.3924725538 0.3001127208 -0.7470817538 0.7935822467 1.025722306 -0.09517977362 -0.08039762166 -0.4173753927
0.9632895257 -2.281410553 0.5655715843 0.1538277844 -0.5113039717 -1.693751135 -0.6855008605 0.5842375484 0.6841319693 0.476825568 0.02865531712 -0.2047305408 -0.005366664792 -0.3112927131 -0.3353217812
4.090491048 -1.686435505 0.5317418167 0.4254966052 -1.226165893 -1.857068568 -0.9417118895 -0.4570100991 -0.6779315521 -1.462437539 -0.009732868108 0.4956384657 -0.04013430613 0.4222517203 0.3271439316
-3.987232036 -2.978400737 0.8960572249 2.007491673 -0.3563622764 -0.8646788164 0.2167818635 -0.1233651403 0.6930222914 -0.372668167 -0.7801136907 0.5766958063 0.6098140061 -0.3181635644 -0.6158687679
