3.81308516 -0.8314854032 0.2492141836 2.410728215 2.902260585 -2.218016382 -0.3327997858 -3.154503876 -0.6785455356 -0.3749592278 -0.98566245 0.8140342493 -3.078395668 -0.08736982316 1.337251938
-0.577700387 0.1541783294 2.874234926 0.5251954083 -1.011710106 0.1546335404 0.4397342899 -1.717796859 -0.5127975678 -0.3583121967 0.09776721577 -0.05956803485 -0.4544497003 -0.03333069486 -0.5298692368
2.94953494 0.2371549201 -0.9474985961 0.3218233595 -0.7436920704 -0.1538520945 -0.9921353694 -0.4003024853 -0.6376576887 0.2361230111 -0.405708735 0.2733491487 -0.6597993162 -0.3449464332 -0.2200153866
-1.005565887 -5.44231063 2.177979406 1.133545795 -0.7840618161 -2.162511983 -0.196644911 -0.2970830163 0.486848893 -2.193216756 -0.5622317031 0.4375487475 -0.4644945448 -0.4321717362 -1.067838637
6.012229762 1.086120388 0.8239273972 0.8426744173 -0.1547467803 0.3801945739 -0.7134079707 -2.019250563 -1.138794723 0.3207807557 0.5036485482 0.7772111398 0.2813423862 -0.5231284362 -0.349654728
2.835445501 -5.23318176 -1.611303609 -1.170968097 0.2247133459 -0.2536914977 0.2654995642 -0.1841419782 1.237695312 -0.9272104288 0.5536214316 0.8051801554 -0.5801913008 -0.7579757939 -2.472549269
5.937822213 -0.2232200556 -2.490852619 -0.8964928605 0.3229567871 0.778225358 -0.6188875808 -0.9107651205 -1.100048094 -0.5854455889 -0.8830187025 0.03600586195 0.4645146591 -0.08837500845 -0.2415126752
-3.568967609 -7.334078195 0.05285655685 1.07776403 1.611295149 -1.525826787 -0.4039258513 -1.699347308 0.100456658 -0.3268577662 0.5560015221 0.6978900337 -0.6647580649 -0.7621068714 -0.2772580646
3.793450917 -0.4367042024 3.753018169 1.482852883 0.6053355394 0.05609254384 -0.6519528246 -2.436601325 -2.079719503 -0.329336231 -0.04854864848 0.3234859964 -0.8074524683 -0.5345499866 0.2065380123
-2.204206649 -4.998128958 3.185156948 0.5951584741 -0.4680909254 -2.112926498 0.2297324172 -0.4843471934 0.3710369872 -1.894636938 -0.6313439225 0.6191532807 -0.6708332843 -0.4182930099 -1.078367281
-2.36751991 2.396910753 -0.879055456 -1.161374952 -0.2303679667 -0.1854117922 -0.8931167636 -0.9308181372 -0.7449612868 1.61391667 -1.281028243 0.9239070644 -0.3647504877 -0.2667477193 -0.2977764441
-2.866006236 -6.834194121 2.403121617 0.9617724768 0.5120260943 -2.26336447 -0.4049891969 -0.8649116021 0.4485567154 -1.40174449 -0.4550609843 0.4297428988 -0.8400999655 -0.283595848 -1.057620177
7.168127338 -3.621312159 2.873568864 1.347038109 -0.1699717306 0.516689833 -1.69745467 -2.917347383 -2.786555573 -0.3784602214 0.4736765541 0.4086961349 0.004647784846 -0.6910774701 0.1124361095
-1.448089977 -8.000596855 0.3720050074 -0.7279119225 1.130386603 -0.377063431 1.242107746 -0.8143433575 -0.7967447955 -2.218054132 -0.532802739 1.216550836 -0.3654787085 -0.2026869354 -1.108390833
1.545064219 -3.357316711 1.012802507 1.570328671 0.3905281458 -0.7588751963 -0.3430268048 -1.223549726 -0.4654552047 -0.9728881777 -0.002975188248 0.3743883807 -1.094278447 -0.7176199476 -0.2367869738
-5.18747307 -6.678067071 0.9905409771 1.506782089 1.124696399 -2.235398129 -1.030752687 -1.170225996 0.3030676462 -5.644018322e-05 0.331939786 0.5323648308 -0.8573159508 -1.061820709 -0.6163414817
5.415303086 1.150777152 1.613451014 2.177581949 0.8377485121 -0.6057867108 -0.3521967973 -1.307474871 -1.367673384 -1.296183916 -0.8907877506 0.2227270555 -1.556728262 -0.765839214 0.5734625838
-3.529005069 -0.7699430279 2.116842842 -0.418603415 -0.9271633269 -0.01290931416 0.8935213438 -1.505574846 -0.7587232436 -0.04289104811 -0.2096672038 -0.1472121203 -0.6701675206 -0.4459779999 -0.4850813226
1.879588789 -0.6999785295 -0.1839935641 -1.113351765 -1.028364725 -0.3077802129 -0.02838255881 -0.9891997509 -1.247184241 1.044892966 -0.7634903274 -1.021516531 0.7995766433 -0.4512149006 -1.14047708
-0.8820198816 -4.561213635 1.417360939 -0.2182129362 1.108936193 -2.181935173 -0.9769396184 -0.1058621945 0.8938108068 -1.761071956 -0.9791998948 0.3794983327 0.08270715413 -0.1932562679 -1.565374624
7.916631468 0.485611199 -0.004744689157 -0.1130177526 -0.414780945 1.086651178 -0.3811845869 -3.10411907 -2.356293485 -0.9130836311 0.3793979979 0.8881696496 0.6152232439 -0.1923920563 -0.7751020575
0.602798801 -7.516813742 -1.062593089 -1.992029908 -0.02199959318 -0.2796633207 0.9907491541 -0.245303245 0.07140799442 -1.742445128 -0.03261001016 1.160743013 -0.5864250516 -0.7103054763 -2.105009213
4.889533633 -2.637719396 -3.75790023 -0.8191757595 0.5971389131 -0.9159648653 -2.068798989 -0.243267884 1.110978142 0.4836931565 -0.6197569999 -0.1323852354 0.01237686528 -0.846473217 -1.844762226
-3.698859114 -5.266846002 0.9704990893 0.7873418419 0.4535765762 -2.250323599 -0.9273806355 -1.021764996 0.946144718 -0.8727267631 0.2217578851 0.03788769117 0.707496731 -0.6131848903 -1.035844493
2.67500466 0.3355106106 3.208263577 0.939356802 0.3751557575 0.3288790573 -0.5342384282 -3.978052249 -2.698687368 0.5226662933 0.2296450811 0.4355238023 -0.5051138595 -0.9440046321 -0.003654773357
-3.888798272 -4.936392948 3.309535324 0.7350544468 -0.9957138058 -2.335919951 0.4297948816 0.01918503877 -0.1260789223 -2.247868973 -0.4919514812 0.6524964977 -0.3779352056 -0.8308912061 -0.9291518303
0.5134258945 0.8753745323 -1.570406152 -0.700268506 -0.6843221259 -0.4520362558 -0.8479774975 -0.668407205 -1.272791808 1.063386576 -1.906995754 1.365515316 -1.113707961 -0.3166382143 -0.2306378566
-3.400327583 -5.698514461 1.842193921 0.3083370704 1.238836067 -1.50664402 -1.001812555 -0.5756860446 -0.271948031 -1.186920096 -0.208740905 0.3492700165 -0.6791410874 -0.7916978334 -0.9524728066
6.034907147 -2.196956779 1.625344746 0.5168242612 -0.8333727187 0.7571928413 -0.5825499507 -2.995815822 -2.339609496 -1.219509325 0.2680507111 0.4407187942 0.1044562183 -0.2108800854 -0.447880157
-1.601027848 -7.394183143 0.4634356173 -0.682982387 0.6615123946 -0.7027264049 1.094364944 -1.163142283 -1.089133293 -2.059354888 -0.1724996983 1.832574575 -0.3190877357 -0.5892330361 -1.632458371
2.580147655 -3.538022445 -0.4766263891 0.9150926217 -0.3341009459 -0.9559485188 -1.241893095 0.07350925506 -0.06052755717 -0.9105095027 -0.8485928382 0.5874361987 -0.3294180753 -0.9244097164 -0.2941660441
-5.729475668 -7.305291374 0.7143737385 1.49614178 1.299527837 -1.464333334 -0.9266095045 -1.618847887 -0.183306397 -0.4172228883 0.2213531641 0.5474065786 -0.7022064982 -1.262347315 -1.001039779
