7.004990514 -1.706858763 -0.2734818691 1.923960682 -0.9696515801 0.283658205 0.7493035336 -0.2474810832 0.3093800606 0.3866844251 -0.2662356446 -0.04027548921 -0.3688318909 -0.511509816 -0.1474346166
9.285684876 -4.446882695 0.72735597 1.901120403 -2.140322151 0.3296587107 -0.1334932115 -1.472329542 -0.2088261254 -0.2637154349 -0.07135655291 0.4127231291 -0.3822668117 -0.5189240243 -0.01485478379
10.25935257 -0.7128494039 -3.97993803 -0.8702231402 0.4050456475 0.3470012651 -0.4254342707 -0.2020755536 0.3012020199 0.2516503762 -0.05272484036 -0.09110576907 -0.04936948549 -0.2857444841 -0.7238229036
2.481199586 -7.894824611 3.627998979 4.296319551 -2.32438603 -0.4612061562 -0.1787672609 -1.095145471 0.3228857317 -0.08790472707 -0.1684487745 0.7753545109 -0.4612391737 -0.5753757942 0.1714771856
4.747712423 -0.564912848 -0.741272305 1.406195011 -0.5588465871 0.01995712985 0.6148219768 -0.04220482479 -0.02684433665 0.2348868883 -0.1997716816 -0.2047977974 -0.3534780406 -0.4811646931 -0.2502040926
6.86495517 -2.967767867 -0.2231945879 2.313098163 -1.101459512 0.3220837663 0.5783020129 -0.6818530182 0.1810440109 0.390313971 -0.3739730438 -0.194838873 -0.5130103787 -0.4117010791 0.007656700042
11.87000444 -3.685075409 -3.757365812 1.036662251 -0.6926161648 -1.504313684 -0.5223382783 -0.5811682743 -0.5554074794 0.08468198752 0.2748833055 -0.4005055103 -0.1729523566 -0.5978508663 -0.7235755479
2.992161624 -11.5413496 2.29891543 4.091765602 -1.627199863 0.9221813359 0.9572321671 -1.112629885 0.08975001936 -0.111536584 -0.1915089194 1.1757102 -0.9563300207 -0.7746971443 -0.06876446239
6.596749589 -2.111567025 -0.650642011 1.634207931 -1.176256002 0.1176000332 0.6313770925 -0.3428187643 0.1518466315 0.239722955 -0.3678767677 -0.07209010304 -0.374611622 -0.4776421816 -0.09121265144
10.89019186 -6.386798688 -0.3725852823 1.481272004 -2.402308395 0.9819868827 0.4754755677 -1.489575626 -0.05310119688 -0.4068356811 -0.1008501885 0.1757447811 -0.3661853999 -0.6879536393 0.04084384713
7.996466491 -0.9386723663 -2.942392323 -0.130335407 0.06331954083 0.04564697265 -0.1124867451 -0.2164803052 -0.05528125795 0.1483307369 0.09123912564 0.107259338 -0.2636704408 -0.6548494308 -0.6714778258
5.884384194 -7.651235772 1.01968889 3.091759449 -1.222370598 0.7055137043 -0.04667450167 -1.475783244 0.1988591655 0.2553103844 -0.04589120181 0.2123690161 -0.7305002911 -0.4418458024 -0.09510777534
5.700287147 -1.186125713 -0.8733033818 1.305876329 -0.9803455167 -0.1654850761 0.3470132345 -0.4253494416 -0.1104082673 0.2276466293 -0.2622790942 -0.1545995443 -0.334817006 -0.4449522256 -0.2087905706
7.203591091 -4.859446847 -1.167098731 2.121188859 -0.9186923705 0.7994316753 0.3821915341 -1.057155268 0.3109889278 0.5093319611 -0.3537569404 -0.2384143795 -0.60201703 -0.3511628727 0.07185794225
7.870677162 -3.369787444 -3.890237374 -0.06734623638 -0.5451295678 -0.8897559091 -0.07076853938 -0.07621420423 -0.5450681843 -0.3306206927 -0.1349110983 -0.06685461677 -0.4355146738 -1.006881644 -0.8944022174
-0.3960133162 -9.639740586 2.256054731 4.238076485 -1.672304173 -0.04026224455 0.06016044053 -1.312950274 0.2497149194 0.1845329891 -0.5743786185 0.05252810405 -0.6013295099 -0.4587022958 0.05874096538
7.069713899 -1.624487099 -0.3062497082 1.752169883 -1.195274734 -0.08800189518 0.271738349 -0.7048602504 -0.1693565587 0.03732255913 -0.3923330859 -0.0501177823 -0.3280712912 -0.4401520232 -0.1067548011
10.45636803 -3.206576513 -0.8556837997 1.776887203 -0.9886274486 -0.3914288181 -0.3187258876 -1.06689291 -0.7738553555 -0.7645337792 -0.2437589229 0.2775536757 -0.327674443 -0.993165621 -0.2805577204
11.11017294 -1.996619743 -3.564500996 0.4466758655 0.2799338873 -0.6339399696 -0.6774129536 -0.08226696589 -0.1869200123 -0.6200287761 -0.04354858238 0.2443329705 -0.2391408685 -0.6734278185 -0.4835687264
2.111256392 -6.494539632 1.211994811 3.888435063 -0.6220559575 -0.002469719482 0.4783542889 -0.6284927989 0.06125847611 0.3823139241 -0.1116592336 0.0322885054 -0.5837594473 -0.6534583134 0.08960496914
3.744475074 -0.1615511357 -0.7884956412 1.141929687 -0.4574944801 -0.1615212872 0.4589303617 0.06177379987 -0.03759119611 0.251877404 -0.1041905808 -0.2511389395 -0.3185474674 -0.3678224652 -0.2712741089
5.804764212 -3.953705116 0.2551920962 2.238451183 -1.893112452 0.02325103746 0.6264386444 -0.6652763626 0.1121178501 0.1955548346 -0.4052762047 -0.04343816984 -0.5039825958 -0.4802898519 0.0007944799218
10.41646537 -5.47888196 -4.31129801 0.6752497616 -1.037966626 -1.168261953 -0.04754653852 -0.6786433574 -0.723908554 -0.2341129566 -0.1433716992 -0.1826368671 -0.2317923497 -0.9231806274 -0.5783802623
1.616824767 -10.76241656 0.2574585076 3.066182401 -1.169805356 1.177091145 0.703803067 -1.360646989 -0.1655845267 -0.04609348107 -0.04221442237 0.5464984983 -0.7659823516 -0.7577010047 -0.04183620531
6.404525429 -2.414655688 -0.9086016893 1.37036129 -1.51293941 -0.2298521463 0.2612075466 -0.7221054087 -0.1070502768 0.08509789633 -0.4163999007 -0.1079534103 -0.3854056143 -0.4727364499 -0.1025888382
12.64987581 -6.893106184 -4.089703093 1.172984827 -1.854394621 -0.8219426684 0.8966140569 -1.237697255 -0.561992141 0.02159765483 0.1386977695 -1.103344908 -0.04029386239 -1.014690454 -0.5245104019
6.803639632 -1.851173646 -3.812337027 -1.067099966 -0.352268739 -0.2481973546 -0.3300961554 -0.3543644777 -0.2534107547 0.04746666729 0.1163821523 0.00982001625 -0.3261649777 -0.6378128497 -0.7569035089
4.327519745 -8.503382169 -0.9281320544 2.712031068 -0.6736737093 1.104273514 0.2866766904 -1.57572151 -0.02867840648 0.681625443 0.1697008645 -0.04501143619 -0.4834740991 -0.1325949553 -0.2708539221
4.59104941 -1.257852261 -1.164185939 1.039162194 -0.9675818744 -0.3042883417 0.3205697708 -0.3057686904 -0.1411659868 0.193441021 -0.2363098407 -0.1864575211 -0.399509875 -0.5181898231 -0.2453450834
5.95433348 -3.856463224 -0.8634823383 1.58041618 -1.010133402 0.4222151231 -0.03847024709 -1.264533071 -0.110051562 0.1550765821 -0.5990073837 -0.2785951143 -0.5059886093 -0.4436432925 -0.202495128
7.828920225 -4.831460146 -4.747043276 0.05560638981 -0.551177074 -1.042375874 -0.06261940391 -0.2265223849 -0.8187287164 -0.4236032051 -0.2120075984 -0.2282198468 -0.3290231117 -0.6942786832 -0.6235370244
-0.6339583114 -9.683393809 0.4498393893 3.532246801 -1.0409486 0.7434893583 1.045190142 -1.001200502 -0.7162648106 -0.5078851492 0.1158142697 1.13844822 -0.5134434293 -1.221791454 0.06559565669
