6.209082488 -0.1876487023 0.3153814779 1.196301111 -0.2406373073 1.085644358 0.4350493651 0.03285375179 0.7340827658 0.1224098397 -0.1910526928 0.2063731926 -0.2438820261 -0.1686123095 -0.03796227292
7.279703764 -2.309543152 3.190079724 3.527724355 -0.1275111008 -0.02599120513 -1.62379407 -0.8971859033 0.2018430586 -1.116767358 -0.409371731 -0.2932735258 -1.329905418 -0.1032303893 1.0116108
5.57791972 3.186095163 2.152542826 0.5666779205 -1.139800457 -1.147038087 -1.662588865 -1.319812947 -0.9450893142 -1.291704604 -0.8863709144 -0.3967269424 -0.7168057118 -0.5081187759 0.1517301418
9.301240618 -6.080337669 3.55602306 2.304632259 -1.673855293 1.868106825 0.1581367643 -0.0209336965 0.6143731505 -0.7975024128 0.4383963004 0.4387554927 -0.7085047471 -0.7638077728 -0.07363600946
8.143216003 0.5194609193 0.2907645184 0.5662989278 -0.2809930746 1.183342198 0.6841653974 0.1624533311 0.5085353196 -0.05232551445 -0.1512608061 0.2254649771 -0.2872897744 -0.269872121 -0.08226128476
9.84109648 -0.6565194575 0.5731722848 0.8741835054 -0.7424619346 1.614339234 0.421352235 -0.2761009743 0.6245939704 -0.2311234778 -0.06635738999 0.3813078616 -0.3679752187 -0.3321048029 -0.131696941
10.03461635 0.9087913601 3.012251004 0.6136877662 -1.964088023 -0.03656349448 -2.349860821 -1.541533927 -0.02187016618 -2.045072759 -0.306850546 -0.4767987774 -0.8528658026 -0.8878276885 0.4700820015
5.135724202 -5.107996297 4.191504754 3.311132697 -1.29717731 1.221631442 0.1842221834 -0.3826273606 0.03855084181 -0.8680499223 0.2885288874 0.5426691008 -0.9356964558 -0.3726604811 0.4134469375
6.324673224 -2.806490395 0.7090222133 2.258276041 -0.5737949323 0.3978173957 0.13558271 0.8529982597 1.14777939 -0.8027741482 -0.4486532213 0.795598796 -0.157674715 -0.3892221411 -0.09785645027
7.723948868 -2.859066146 2.736697763 1.996839247 -1.617327261 -0.4460731074 -1.895206754 -0.9441068694 0.2266644944 -1.647452287 -1.230462348 -0.7010997888 -0.9317468894 0.0943267625 0.9782905981
7.355936854 0.8387722528 2.81047351 -0.3666232649 -3.053133845 -1.07493607 -2.046151662 -0.9629410811 0.3258284534 -1.298568331 -0.6392068582 0.1188964907 -1.040092774 -1.177925189 -0.1673321577
6.175555085 -7.784715083 5.315519242 1.92874843 -2.208203347 1.564351624 0.04732066265 0.3241825382 0.2437153804 -0.8737706056 0.5943100565 0.3815316125 -1.140191211 -0.4907573894 -0.1020948749
11.26355189 -1.268194481 -0.8047495538 0.1599620841 -0.5738744339 1.2091986 -1.172177825 -2.079737508 -0.3298214376 -1.648647294 -1.867390632 -1.124199582 -0.1378885759 -0.5365477927 -0.1719170483
9.986342248 -5.031213924 3.393822523 2.191436984 -1.721907765 0.1544941434 -2.288300398 -0.7465219358 0.5777425228 -1.969456442 -0.4933579331 -0.8899331967 -0.942306972 -0.1897360954 0.7969225979
10.33460744 -2.938604155 1.154496322 -2.22301971 -1.656487889 1.961320585 -1.780809091 -0.004489137465 1.039559994 -2.453737147 -1.064561168 -1.413263205 -1.369322187 -0.9359470909 -0.06424427642
2.71472596 -6.909506959 4.663881402 2.98759161 -2.084719839 1.498517237 0.8428651098 -0.06894813324 0.2901784636 -0.4370670412 0.8207026972 0.7790221973 -1.253008046 -0.7318574918 0.1312133057
5.49272017 -0.4264158714 -0.1649154555 0.7193840109 -0.6713636425 0.9905683852 0.4542405509 -0.0679833639 0.6164486019 0.1176676688 -0.1765195803 0.2353248314 -0.2366283772 -0.2003639813 -0.02119385742
5.749038574 -1.004228931 2.497174995 2.855787991 -0.432404177 -0.6752644781 -1.510879827 -1.091848084 -0.2808921211 -1.264261917 -1.214201233 -0.7204592847 -1.103538505 -0.08685810217 0.8604557427
6.203225795 2.381366555 0.8393313471 0.13449275 -0.7374739818 -0.4031155833 -1.035742094 -1.338723788 -1.152100391 -1.227511194 -0.9076565731 -0.4332041288 -0.5974392781 -0.3187282716 0.3479114897
8.482817296 -4.472483025 1.954047662 2.022299349 -1.650951698 1.10056786 0.8448717742 0.2530728343 0.4154469398 -0.5586254669 0.4197210399 0.7313932176 -0.7115819779 -0.5785559416 0.09108504315
8.719586971 -0.9912798966 -0.1447072438 0.3414129569 -1.074323446 0.9581047469 0.1689799178 -0.2404057982 0.483278626 -0.4351568703 -0.403812488 0.2827804332 -0.3538443928 -0.2812669881 -0.1464294854
10.46378637 -2.367361518 0.805199949 0.7950313386 -1.309892468 1.718523424 0.2570997852 -0.2699930511 0.9120280782 -0.3318646837 -0.1427950354 0.1762854053 -0.3930112568 -0.2325411155 -0.1647567113
10.16863157 -0.8158539077 3.601282719 -0.443125164 -3.629513801 -0.3257725799 -2.343672258 -0.9470406323 0.6822582196 -1.806054405 -0.1209660792 -0.2402625144 -0.9587482073 -1.343566998 0.06220246153
3.45394666 -6.296392402 5.192960767 3.327334836 -1.711335776 1.513716951 0.4805194143 -0.3076150633 -0.2162413949 -1.096981858 0.1622685463 0.05715027935 -1.356825868 -0.4118616399 0.3707291898
7.418874933 -1.336910689 0.3079657616 0.9167550754 -0.789553557 1.230214357 0.4047215694 -0.009662663676 0.8258604946 -0.01701739553 -0.1131273378 0.3356037377 -0.3349308833 -0.1507621601 0.02088306558
6.060338326 -2.453238162 1.691769937 1.619790366 -1.434128572 -0.855993813 -1.799011209 -0.9801627111 -0.05658128316 -1.462232643 -1.189541118 -0.4966625548 -0.9389111696 -0.01055246787 0.7585653258
5.900849012 1.813822063 2.376660994 0.0459418831 -2.449474571 -1.451246108 -1.926361828 -1.279374769 -0.243401153 -1.081763685 -0.7370974188 0.06054803672 -0.8726158767 -1.024086967 -0.1221843267
3.911563914 -7.786266114 5.205460341 2.181052729 -2.35866344 1.379990417 0.2153556404 -0.0397610445 0.1476532806 -0.8466660039 0.6166254146 0.4875923379 -1.232148171 -0.5650733913 0.1026865614
7.811672945 0.2329380811 -1.0621239 -0.002051631135 0.1954930561 0.5898473417 -1.001463166 -1.62274074 -0.7417960274 -1.033599026 -1.602672667 -0.9405691152 -0.4758890416 -0.4865104889 -0.3136975881
7.641679192 -4.75202664 1.877046354 1.19915455 -1.268427826 0.3334989067 -2.012248432 -0.8497376184 0.1070415917 -1.819732001 -0.8448700634 -0.7065173154 -1.367540293 -0.3485572146 0.4778789798
7.311412563 -0.7180717211 1.174882854 -1.350786594 -2.045356228 0.6659199724 -1.441308761 -0.5082659344 0.9216014699 -1.442359244 -1.529937942 -0.7574308953 -1.427654381 -1.167624523 -0.4231805126
1.350826777 -6.83791794 4.220209366 2.552544964 -2.246875147 1.313094703 0.8055023132 -0.2489773855 -0.03075206952 -0.7203811197 0.3860684743 0.3972259366 -1.300394691 -0.6003005252 0.3712903343
