10.82832894 1.988518274 -0.4385859868 0.2657453836 -0.6102575234 -0.804746097 -0.95136257 -0.4737507315 -0.5186138514 -0.8647549409 -0.3867238172 -0.02939632851 -0.2961706669 0.1209867357 0.4170141277
12.7803561 -3.253936883 0.7246345927 0.3825699404 -0.7167575913 1.470976561 -1.286468978 -0.2846470276 1.042570536 -0.6117112854 0.4531741644 0.6116986418 -0.8866039477 0.03600923352 0.3710096192
8.110137534 -1.146131553 -0.3342418091 1.002896279 -0.1060894629 0.88483629 -0.3000357556 0.1813006271 0.7154932996 -0.2949207889 0.0325502548 0.2079193385 -0.3533447548 -0.01134242382 -0.2208752295
11.40263068 -4.825770532 0.3800120266 0.4593323905 -1.127987395 1.107552634 -1.353282646 -0.1029081337 0.6470331647 -0.9516137759 -0.03333015564 0.04746524653 -0.2702012301 0.07529385416 -0.5185957943
8.860967955 -2.139287234 -3.231303022 -0.0556150573 -0.3375168481 -1.041161321 0.154516463 1.298063293 0.3547631471 -0.5874583008 -0.2009662413 0.00663526933 -0.3578025139 -0.1486264579 -0.04803361975
13.8398792 -5.4922895 -3.081215341 0.1114670908 -1.155476388 -0.5181093783 -0.724747656 0.2941634659 0.3914776296 -0.9461278664 -0.3418751905 0.2316468823 -0.5594904003 -0.2832661226 -0.138472019
8.249396402 -1.096621716 2.324128361 0.8604126754 0.227102273 1.890246389 -0.9498055659 0.4351938311 0.7584749193 -0.7002338732 0.4172037263 -0.1459544142 -0.1615992608 0.3344668202 -0.7568032322
9.059420687 -3.862376697 -0.1333783858 0.673525106 -0.8203652486 0.4439312715 -0.9968319559 -0.1228833781 0.482895634 -0.9236149539 -0.3008988058 -0.0003064094204 -0.493149247 -0.07876630715 -0.4529472803
8.298685835 1.969165414 -0.2790923306 0.6748835682 0.2340732012 -0.3962890642 -0.6418874606 -0.08953659597 -0.1425098637 -0.5263451641 -0.444946415 -0.1113840103 -0.1544272588 0.01033909212 0.08124105144
11.51516738 -2.330985903 -2.037822693 0.4231814855 0.2025640407 0.541490888 -0.7546932259 -0.27455406 0.2903463066 -0.7225572447 -0.2529594099 0.1907672159 -0.618860461 -0.1002348721 0.1714154698
8.017458697 -2.247568653 -0.6707585217 0.3354054898 -0.8017415727 0.5435573848 -1.020877549 -0.556045964 0.1923100976 -0.7672226542 -0.1846596027 0.1279838201 -0.2697626103 0.1360212023 -0.2486414385
9.529216697 -4.155461494 -1.006245967 -0.9356295047 -1.316255817 1.511393159 -0.7230198121 -0.3441789069 0.04372353322 -1.124353728 0.07007719124 0.2764297114 -0.1779565744 0.2055131727 -0.4354297312
7.50471721 -0.8924549821 -0.9332384194 0.1076226072 -0.721044617 -0.4520147069 -1.428457829 -0.6948833009 -0.0496883609 -0.6800225244 -0.3335398472 0.07656433594 -0.1131334917 0.3099848857 0.1476057502
10.70750569 -5.309104982 -2.584656013 -1.254419447 -1.955286747 -0.3257240618 -1.227661145 -0.2252823377 -0.1740503637 -1.585643977 0.0908896215 0.08462146506 -1.811373753 -0.4346907591 -0.06844882826
5.38613033 -4.31147762 3.919326382 -0.411459476 -1.104309066 1.926744548 -2.094557038 0.1665486301 0.6744285613 -1.10378758 0.3771628495 -0.3423797136 -0.05770665841 0.393636648 -0.8353794394
7.413541958 -2.48807666 -0.5374139768 1.081539338 -0.4427342112 0.3836399031 -0.4989890278 0.1638302675 0.2453126977 -0.9281884967 -0.07541296355 0.1754144415 -0.6304616679 -0.1539621451 -0.19326795
12.38020505 0.4219303375 -0.5025750781 1.087897267 -1.673345179 -2.978505587 -1.453773603 0.6437353561 0.4166163892 -0.4096527429 -0.0946131224 -0.5163290955 -1.161980315 0.242649868 0.8915411939
12.55636251 -2.272474365 -1.106845418 0.5266202696 -0.5974685708 0.8481135257 -0.3408697041 -0.3572928749 0.2911344048 -0.6531442749 -0.3378269064 0.2171163827 -0.3864387127 -0.07931319399 0.1296571416
7.602485849 -2.082364407 -0.7147067927 0.6599223405 -0.22087968 0.8995164568 -0.6181643963 -0.1466489669 0.4377175224 -0.5934613475 -0.1161546714 0.04174996725 -0.5206048664 -0.1144358505 -0.3339634341
10.22929979 -5.7374635 0.4060138027 1.164953397 -1.178178955 0.4755224856 -1.175913694 0.2765675201 0.3319638082 -1.410259195 0.02561223635 0.01833746497 -0.6484920118 -0.1630691075 -0.6263836481
6.485760301 -1.688472176 -3.102098817 -0.2591220468 -0.4229643271 -1.146398003 0.1126308059 1.738826219 0.8055716119 -0.7319605759 -0.7138867291 -0.03904980903 -0.228662313 -0.4010432255 -0.1908300773
11.47659443 -4.001785028 -3.190528166 0.5951201084 -0.4115995271 -0.9907396964 -0.2172763132 1.111864678 0.4819876103 -0.7804838878 -0.2627308599 -0.06067137847 -0.4792618149 0.07902376199 -0.1382833347
6.929621632 -2.723229097 0.8913938347 -0.06619260334 -0.7753237737 1.134476069 -1.475570771 -0.1841309611 0.4509539848 -0.9633207692 0.1171131546 -0.1291055757 -0.3480344902 0.2325423611 -0.6255051008
8.471730117 -4.419661686 -0.3801490811 1.365507605 -0.9573123739 -0.5081243278 -0.7176706984 0.7702454604 0.3853783393 -1.535812525 -0.3459374584 0.3825163102 -0.5429745954 -0.2583102686 -0.2420098505
8.836931758 3.23553279 0.4214855426 -0.04220188225 -1.780517655 -2.516246276 -1.50820638 -0.07037460796 0.009441371407 -0.1950777216 -0.2042304349 -0.4076463219 -0.6386696621 -0.118665415 0.3352437894
10.02912436 -1.38277679 -2.760431162 0.1689924236 0.1376235134 -0.4891190568 -0.8417445024 -0.1816083833 -0.03631055849 -0.4871243193 -0.2597531447 0.09401210517 -0.208845069 -0.02858881674 0.03885271202
6.933930824 -2.340536056 -1.018527712 0.1542970145 -0.6412256527 0.5214936221 -0.9115052488 -0.3067166005 0.2718997988 -0.7056266882 -0.1275408658 0.04997879246 -0.5127968324 -0.1257282137 -0.4100726858
9.12167171 -5.386377127 0.4332314531 0.5901906963 -1.487785489 0.2854121395 -1.453409279 -0.4283902065 0.2422420014 -1.045287045 -0.1286053935 -0.01216780123 -0.5044504128 -0.1737910293 -0.5887915627
7.625771612 -0.9027176422 -1.349843458 0.03805073548 -1.882707185 -2.421498899 -1.302227636 0.05155931462 -0.3326021005 -1.200845399 -0.6073703229 -0.2475589618 -1.028985819 -0.3335496264 0.5715994631
8.453148302 -3.089680201 -2.742448033 -1.144260461 -1.45441356 -0.6079123103 -1.30172591 -0.7712144167 -0.5807999952 -1.246560009 0.1010033742 0.2011165184 -1.433298767 -0.3494261705 0.1990262034
6.01140806 -3.715947935 2.016180996 -0.5310177658 -1.150349713 1.474877987 -1.751192669 0.04820019118 0.5179784966 -1.251638023 0.06435851359 -0.2983613426 -0.3353717318 0.2359196941 -0.8262090166
7.328681546 -3.546535697 -1.037735418 0.8134524877 -0.8386098531 -0.06220942296 -0.7218985583 -0.02404601029 0.2827794379 -0.8915300084 -0.260772595 0.2254308551 -0.4838585993 -0.3018845693 -0.3537678376
