14.61523581 -2.46209778 -0.9618080488 3.789723424 0.1151702178 -1.121586194 0.3798938227 -0.2928838839 -1.109833056 -0.6132133629 -1.211373983 -1.042538514 0.5080415499 0.7638189515 -0.4642796378
5.596836161 0.1584122489 -1.685688858 0.5876352351 0.5859169018 -0.1565610007 -0.3295694169 0.349089433 0.1033517192 -0.3495234528 -0.270376638 0.001456803648 -0.1345730655 -0.02143804238 -0.001444216924
6.918586319 -3.861129404 -0.8661605213 2.328787208 -0.5070586131 0.1063728364 -0.1115847803 -0.651491777 0.06426934259 -0.3697910792 -0.7046186117 0.06686077518 -0.09809123867 -0.08704603564 0.1567439974
9.629496721 -0.3806121127 -0.5772814808 2.653234682 0.5847738157 -0.9682260428 -0.04151409108 0.03689163795 -0.9545607173 -0.9066280279 -0.9688438048 -0.8230118102 0.3189995193 0.7562288476 -0.4012381507
13.060637 -1.325440777 -0.1512102709 1.743333158 -1.489007285 -0.5472453467 -0.1593377879 -0.2251711258 0.8708325421 0.3138063619 -0.3932248109 0.1745112294 -0.3584681755 -0.5621807031 -0.3005615253
6.382824867 0.3224138021 -2.327969467 0.6846923972 0.713851013 -0.1536295126 -0.3485692514 0.4908026231 0.2244792727 -0.460521125 -0.1796390849 0.1894310422 -0.1429348991 -0.06710890781 0.1680763232
9.918838241 -4.509317669 -0.7074725461 5.872274437 1.511779635 -2.709233549 -1.447725488 -0.3012431524 -1.150655842 -0.8220371571 -0.3690586662 -0.8915407889 -0.958878111 -0.1008042942 0.1506505446
10.79791371 -0.9504416034 -2.904283486 1.218406695 0.7627416276 -0.7327048077 -0.2674675494 0.4941165344 -0.06398172034 -0.3182302183 -0.2712316724 -0.2418709071 -0.1331219679 -0.02463400488 -0.3054030691
11.76272239 -1.44393801 -0.7930861481 3.367695417 0.3345604753 -1.237672844 0.2832819753 -0.0346903171 -1.203798501 -0.7633446361 -0.9598236037 -0.9671777127 0.4322651619 0.8068085688 -0.5224190773
4.291177703 0.268920861 -1.388260935 0.1442774121 0.4418571326 0.05053072133 -0.3010582068 0.06558945814 0.05417183823 -0.1553718396 -0.2163152929 0.03959475871 0.004290708694 -0.03074958375 0.04518924951
10.25989754 -3.349455118 -0.6362758284 1.917056165 -0.9332880693 0.5654415462 -0.1196593626 -0.7654099172 0.4035424311 -0.5314561552 -0.9950869404 0.105302964 -0.4799842333 -0.4349653433 0.1045326159
6.950015404 1.307505492 0.1997173928 1.552488289 0.6915173288 -0.06209267854 -0.2495252907 -0.3094655215 -0.6151423001 -0.5982269492 -0.5352085111 -0.2791077427 0.1007117256 0.2347587136 -0.325974658
11.67517209 -0.1552602222 -2.075141294 0.7431442957 -0.7075516375 -1.874443133 -0.5218374796 0.654264495 0.217078265 -0.2157480864 -0.5248131885 -0.4940168216 -0.05792570916 0.1427893303 -0.2658517422
9.956039385 0.5386595958 -0.7954172293 0.7752852439 -0.6539731038 -1.084029474 -0.400470923 0.3347312357 0.4998119258 0.2126895357 -0.1354537037 -0.07473286886 -0.2878365753 -0.4916004606 -0.457681546
7.390899755 -1.992840284 -0.02638062686 3.715952053 1.428069551 -1.132015129 -1.310079181 -0.9183014477 -0.9911438766 -0.7809296121 -0.4533018612 -0.5185769527 -0.8642580243 -0.3994318909 0.2618851812
8.562683259 -3.205507895 -1.490118129 -0.05869894018 -2.083572308 -1.472294186 -0.5455079019 0.1414543931 0.9981093578 -0.4578513109 -0.9600223588 0.276969018 0.3002140271 -0.06505098584 0.1056238315
13.05160768 -4.202222096 -1.305059655 5.562091612 1.075860887 -2.485475699 -0.9296313514 -0.3073835845 -1.393527474 -0.93869554 -0.4467908779 -0.9595572193 -1.038403467 -0.1286127424 0.192583797
5.309793896 -0.4270492128 -2.219869899 0.4007768 0.4596244693 -0.3664512647 -0.5717273636 0.07518792709 -0.1381247173 -0.4598456268 -0.2466987857 0.1999320847 -0.08981014271 -0.1885139515 -0.02384840988
7.739349763 -3.610517495 -2.072572232 2.833260099 0.152510119 -0.8055634696 -0.06034207135 -0.4285478941 -0.6024531094 -0.3699626811 -0.5580125695 -0.1387233128 0.05670295333 -0.2053023207 -0.1184552318
8.473836817 -0.3326152158 -0.6001172332 2.402244466 0.7916071341 -0.6934646798 -0.2156631319 -0.05510214242 -0.8584483866 -1.036454567 -0.9647255597 -0.5576991897 0.197276266 0.3931390388 -0.3734725252
15.23494392 -2.160227169 -2.397825104 1.413040575 -1.053534879 -2.279069542 0.01126140016 0.765206726 -0.01649505643 -0.09865562027 -0.28373378 -0.4577219059 -0.01087091819 0.1307681045 -0.3278373196
7.31574442 -0.5564958949 -2.642984096 1.21056136 0.758061916 -0.5526917733 -0.292751697 0.5610849731 -0.05581948641 -0.6102743794 -0.1583441774 0.1460211257 -0.2472858805 -0.1975952442 0.02652568343
8.515255559 -2.902920207 -0.9210156876 4.807171404 1.786398514 -2.266160097 -1.656191549 -0.470723332 -1.231273251 -1.007760308 -0.335576165 -0.7421080158 -1.061632753 -0.1653764976 0.4361340725
9.729903696 0.009185549655 -3.03819502 0.5403449315 0.7230436108 -0.6350531277 -0.6982279911 0.2780524176 -0.2123791323 -1.053206868 -0.6558119302 0.1064147955 -0.1097089774 -0.388933657 -0.2682992039
10.9724159 -0.2270951749 -0.5731349948 2.678594918 0.5371224644 -0.8209249995 0.0640800424 -0.1093025937 -0.996780443 -0.8244284481 -1.026998554 -0.8783318421 0.3632827312 0.7409775719 -0.411581536
2.844047519 0.09640761841 -1.02669792 0.1011524929 0.3056254724 0.05203161559 -0.2390125594 0.02904058804 0.07271141303 -0.07138508145 -0.155541451 -0.03499990269 -0.04992576276 0.01261326002 0.03103428957
9.068271391 -3.175758419 -1.751080836 2.161672113 -0.422594902 -0.2279652379 0.1784903582 -0.7664454053 -0.4992341183 -0.3859986787 -1.067715511 -0.3438298405 0.08919224499 -0.3208084836 -0.1531370401
7.011736688 0.4880744051 -0.2665695044 2.013318047 0.9698312757 -0.348167519 -0.2832623631 -0.03739741965 -0.5958991535 -0.9418217397 -1.11770104 -0.731517531 0.1195101891 0.4581052984 -0.1851392966
10.57480316 -1.757365399 -2.992722913 0.4223077796 -1.204998376 -2.489684202 -0.5004496567 1.103271192 0.2293872659 -0.5703280667 -0.3761460148 -0.01592885406 -0.0526520875 -0.01239924271 -0.03907171215
7.538133126 1.047886184 -1.141267767 0.2654141291 -0.2843193731 -0.8889485478 -0.6816711106 0.05226181511 -0.05764038303 -0.4653547572 -0.5524900439 -0.2636708129 -0.2276858488 -0.1955379889 -0.1804692611
5.939306071 -3.708450429 -0.3577508363 5.381331107 1.715135533 -2.687789285 -1.847670891 -0.3438229474 -1.110002215 -0.9623695777 -0.2245905694 -0.6024305645 -1.001579194 -0.2280547299 0.2740976675
7.76638602 -1.255426819 -2.524156288 -0.3044792325 -1.34553679 -2.036711284 -0.4983460716 1.12151136 0.5457529467 -0.6974380895 -0.5956045303 0.1263078462 -0.03294106944 -0.1428359558 0.01360581703
