12.76024079 -1.313075509 -3.278235823 0.3525207408 -0.2784446929 -2.001095616 -0.04945022961 0.4977806897 -1.027114209 -0.5544493988 -0.323160366 0.02543145317 -0.2469033546 0.1625518777 0.542386712
7.39028292 6.017812849 3.343357142 2.437720938 1.015740912 -0.3519334756 -0.693657358 -0.6316700363 -0.1898375694 -0.7408972044 -0.8267499154 0.05004776285 0.04562500336 -0.5202837016 -0.1832052287
2.970924219 -2.170859394 4.012832849 4.726022837 1.002255387 -0.8556632659 -0.8367530822 -0.06703731587 0.03697466391 -0.8703641058 -0.4170750941 -0.05503139432 -0.6009089008 -0.5151015013 0.007767598508
1.248650764 0.7884473944 -1.483886446 -0.01414546019 0.4019973666 -0.04436552718 0.3670334855 -0.08006420322 -0.01657890008 -0.1817544559 -0.3770533224 -0.2574310226 -0.398058876 -0.09393934581 -0.1651228106
10.4805396 -2.46809086 -0.5056570801 3.49562455 -0.1969434568 -1.979933439 0.6776990131 -0.5167949028 -2.817111192 -1.044925012 0.5224540062 -0.3160150193 -0.5981854912 0.318180556 -0.1681731398
3.291053058 2.552529649 0.6696759095 1.497303427 1.314146047 0.7182421962 0.6824476903 0.1807657239 0.03480558335 -0.1772372286 -0.4855586319 -0.4285425274 -0.5611946575 -0.3715419554 -0.3204527369
9.630799448 -2.933998928 0.0649802451 4.159209021 0.9717744001 -2.606318672 -1.250185077 -0.9072842619 -2.089881661 0.1095300875 0.4419882414 -1.177707788 -0.7120272835 0.1588645248 0.04956826694
-3.635861571 -5.968634459 2.733138008 3.076720104 -0.6952498259 -1.190362567 -0.4397425627 -0.1258400168 0.5430233213 -0.7405166722 -0.8258242741 0.1748211955 -0.05727206261 -0.4812484162 -0.01181779147
10.27963363 3.463462219 -0.4840739994 -1.213006195 -2.253018739 -2.255198406 -0.5970948482 0.8381935393 0.566973544 -0.3052087397 -0.5521536838 -0.3467946019 -0.2382458669 0.04276570333 0.08847442978
4.711346801 4.000984709 2.256507515 2.265996769 1.663272619 0.8110281663 0.48207123 0.1778884613 0.08352987701 -0.477005536 -0.7389382145 -0.3037885512 -0.3562987683 -0.605958776 -0.3758527584
0.4036025601 -2.95087802 0.8233917853 1.798057733 0.7311051678 0.05010255007 -0.164967294 -0.04883104417 0.2076396315 -0.4838942282 -0.3153837325 -0.08854050479 -0.4377919697 -0.2157662355 -0.1895203083
0.3600959773 0.04239631276 -2.140831168 -0.467302502 0.1312136886 -0.2835009628 0.2671974395 -0.1444226848 -0.04277954934 -0.2446072464 -0.4782180946 -0.3490909226 -0.4864238373 -0.134339663 -0.2190117305
10.05763814 -2.02347242 -2.097940441 1.654379832 0.06457809972 -1.853313872 -0.4855282434 -0.9766848938 -1.970967474 -0.006125948759 0.5416077321 -0.01111325418 -0.147968065 0.2774547884 -0.06834110253
2.401908426 1.873189807 -0.4552499694 0.8588279833 1.091462709 0.5394913306 0.8476174685 0.2464900581 0.1341547293 -0.130321918 -0.4636693173 -0.4154541631 -0.5730639149 -0.2429324063 -0.3489392226
6.880118919 0.9025650943 0.3762154909 2.925640419 1.731527022 -0.7658922444 -1.406155424 -0.8721199408 -0.5219194776 -0.04229870151 -0.1296760748 -0.6633234947 -0.8398488122 -0.3533771615 -0.119232597
-1.639150745 -8.318851161 3.367234788 2.378332158 -0.4811371078 -1.256212571 -3.05612427 -1.628150756 -0.178145621 -0.5650352797 0.4486406826 0.2987474162 -0.5896306901 -0.2435401966 0.07774372844
12.42587674 0.1187560949 -1.936975511 0.2728514364 -1.957508227 -3.187813233 -0.2418392988 1.475972526 0.1023521818 -0.5305994741 -0.1444578941 -0.3294032651 -0.7979977082 0.09110655663 0.5017648515
5.431744887 4.719295333 2.903300728 2.542093325 1.485413446 0.2518985779 -0.2552322678 -0.1972811441 -0.09467059734 -0.836793209 -1.010813629 -0.1002054477 -0.1086888065 -0.7399926099 -0.2570685586
0.5841432327 -5.531433788 5.285347211 4.310723675 0.4032167248 -0.1523657936 -1.556541138 -0.7583866309 0.3691289002 -0.5950206054 0.04092580456 0.180059473 -0.3959814103 -0.280439041 0.006684953893
0.8330856408 0.5238268126 -1.759698122 -0.3048046026 0.05663091078 -0.4615499534 0.001184380413 -0.4486618195 -0.3102948097 -0.4262844941 -0.6186522519 -0.4874083255 -0.5822876016 -0.1905766444 -0.2147459082
11.98450568 -3.788122478 -1.723374275 2.451852963 -0.4399607647 -2.546151584 0.1622163442 -1.089128023 -2.273798817 0.4624887363 0.4557958407 -0.2429696201 -0.1098762378 0.3073659339 -0.1468831119
3.269957956 2.04425345 -0.1442930418 0.758214443 0.6119740983 -0.09680805951 -0.04448089926 -0.4144915202 -0.3101882721 -0.3683808589 -0.5035654953 -0.4494457032 -0.4910246006 -0.1650626357 -0.2357189814
7.02387891 -1.873549186 0.5851428402 4.378897527 1.009743996 -2.082777019 -1.381405547 -1.066779361 -1.711242935 -0.2076190701 0.4464936175 -0.8257228226 -0.9332579095 0.03342761706 0.048322369
-5.343043281 -9.040444093 3.147583094 3.386518702 -1.540791958 -1.280621681 -0.7134635651 -0.2873361385 1.010896051 -0.7843970457 -0.9484095559 0.2370820423 -0.08030598893 -0.3996483976 0.2129242693
6.953110636 2.159907925 -0.3659956391 -0.7218585248 -2.020941078 -2.233425157 -0.6813431761 0.5819415135 0.2493309523 -0.17926214 -0.1142633857 -0.198849322 -0.5291879929 -0.1989008751 0.1493747651
4.129553581 3.367696046 1.358946673 1.67828739 1.276803345 0.5063871837 0.3790648162 -0.1288800561 -0.1428720057 -0.4277251525 -0.6624084802 -0.3546753338 -0.4181157839 -0.3326402346 -0.2497105988
0.3114039431 -3.575695131 -0.4059047931 0.5966047214 -0.659549453 -0.624444054 -0.4784405614 -0.6439795648 -0.3411139316 0.006685606072 -0.1094587291 -0.4195106623 -0.5279665051 -0.2385116452 -0.2090739588
0.4346146509 -0.1994266036 -2.211936001 -0.6330317551 -0.2743607602 -0.6463909457 -0.2046066668 -0.5405490897 -0.4192705019 -0.4642340705 -0.5836500596 -0.425771593 -0.5659647442 -0.2085189218 -0.2292480522
7.78169294 -1.935086439 -1.578915752 1.361262233 -0.5932531334 -1.637681659 -0.4439586631 -0.9105860914 -1.822768082 -0.1905908359 0.6102481164 -0.1297214496 -0.09649421694 0.3376991484 -0.2991082556
1.649245097 1.25520667 -0.9842627768 0.464934026 0.8092898099 0.2717711272 0.6241319427 0.1055121275 0.1323833625 -0.114282601 -0.3526325098 -0.2782039629 -0.4903985045 -0.2102944322 -0.294271454
7.607744034 -1.390106815 0.1037475859 3.330259006 0.05699785049 -1.526049314 0.1948653513 -0.618020074 -2.638793902 -1.135091391 0.4978714916 -0.2263605347 -0.5560878704 0.1445307508 -0.4757805704
-2.345101817 -9.281871947 0.4644298262 3.231642727 0.4240876559 -0.548045178 -1.423422273 -1.172326257 0.1216066132 -0.3966852147 0.09512531894 0.310524577 -0.6691295646 -0.4632812025 0.01605917609
