10.18708176 3.88947891 -0.9450153882 -0.6469529564 0.3536458238 0.2271008153 -0.02747117499 0.1104995327 -0.0504656844 0.05523834497 0.001633052435 0.0787296549 -0.0848587814 -0.1080005685 -0.020702485
4.240124908 3.151250364 1.119644775 1.517968245 1.240237943 0.7124620552 0.4677761201 0.5274785322 -0.02870235511 -0.03772620535 0.1512450723 0.1955782274 0.09100963969 0.01270751419 0.1179927676
6.96963046 1.995872782 0.5769224443 0.4215260955 1.104343399 -0.4970301355 0.1713247434 0.07620129249 -1.161891174 -0.2440514377 -0.78261837 -0.4613039598 0.1650186786 0.2872655594 -0.08756743577
1.496447427 -0.735085299 1.929326975 0.5200821954 1.1996739 0.3786409189 0.04063774992 0.9769936035 0.1422689526 0.1951279703 0.4867553234 0.3509076047 0.2716910229 0.158687519 0.358107238
5.695256072 4.150643968 1.678533845 1.558856115 0.9097620363 0.4081715135 0.2440542696 0.4267840621 0.02167809485 0.09540134294 0.2049170177 0.1545153913 -0.006896033423 -0.08327564025 -0.01265938867
2.905145505 1.890144977 -0.07362649748 0.7138656667 0.7450679016 0.4055034791 0.338425933 0.5371110556 0.114741468 0.2557049973 0.5796472556 0.6569483075 0.5465116843 0.3508798846 0.3946644829
6.069969437 0.4499000902 1.365390978 0.2370086338 1.34395118 -1.116215014 -0.2034190652 0.7117864402 -0.248970492 0.0286698543 0.07489717658 0.5096003304 -0.5439109127 -0.5479428936 -0.3342228959
-1.878042737 -3.097788223 5.653269949 0.287006397 2.177343775 -1.073097365 0.0660498733 0.9273462622 0.5260152743 -0.1878709971 0.5234299051 0.3848618044 0.3492136344 0.08245704112 0.240716484
8.635853051 4.849620526 0.6753190598 -0.1389108519 -0.1379823734 0.01951571257 0.1593010771 0.3070961599 -0.1450361143 -0.1234585188 -0.003653129502 0.02158779657 -0.1283111913 -0.09403343733 0.07201139141
3.285221059 2.407785829 0.6148925583 1.293696664 1.25217528 0.820598336 0.7214162181 0.8699186687 0.2841110992 0.2445172697 0.4194945213 0.4388162284 0.3012809173 0.157640035 0.2334220665
6.880341623 1.657910802 -0.1679202497 -1.753655907 1.771354552 -2.017338393 0.2481453814 1.135940287 -1.477060746 -0.2177647222 -0.4225055749 0.05549072068 0.1671743416 0.001424000484 -0.6587929753
0.3287769087 -2.266344608 4.029396894 -0.8548057982 1.039364708 -0.7887227335 -0.1124288982 0.8855119385 0.1803642954 0.4906242603 0.6659836392 0.3592163652 0.08913695523 0.3596883602 0.3748617966
6.157057185 3.443287933 0.9454616031 -1.115777005 0.3567409171 -1.629284343 -0.4804860279 0.7161412292 -0.7179850363 0.3423690693 -0.1182356992 -0.4752870782 -0.2579704727 -0.2636862176 -0.3539975826
2.103604663 1.281278213 -0.4794912224 0.3676102819 0.5521640478 0.1618149406 0.1807572526 0.4378380824 -0.03783473583 0.0740898781 0.3810954353 0.4312769278 0.3946246104 0.3054756099 0.4375530053
7.667434155 0.8836433021 -1.397627488 -0.8286602455 1.225902823 -1.57467324 0.2579790125 0.2979702421 -0.2250767272 0.03849049207 0.0348145323 0.7199719093 -0.5816463615 -0.5049542795 -0.6080556513
-3.048841424 -3.977902526 5.847247698 0.4535513473 2.582493944 -0.9442710009 0.3268376952 0.8345655076 0.4499748218 -0.4525677543 0.2147215301 0.2585789746 0.2016256083 0.00271477524 0.1002031275
7.943226999 3.237279126 -0.2407660157 -0.6680859137 -0.07301503312 0.02759449957 0.1417252227 0.2474976922 -0.1321493138 0.04600981101 0.05073974653 0.1691469481 -0.02057140998 0.009823390502 0.09205601425
2.913789079 2.80869455 2.004533544 0.8424330618 1.824292235 0.729783802 0.4862636876 0.7484415658 -0.2546201504 0.07326978273 0.1425280305 0.2508783584 0.1761239517 -0.01190124095 0.1446443875
6.170115027 2.157452626 0.8239534066 -0.2495740552 0.7279309388 -0.3544793951 -0.3624146814 0.2299043403 -1.203251359 -0.9348748159 -0.6779485168 -0.4781119772 -0.03558886858 0.1917328423 -0.300928545
3.068155581 -1.632149832 3.795060615 -0.01747907423 1.634868717 -0.7449087776 -0.3925358242 0.846500375 -0.04423978982 -0.2671010271 -0.001128655544 0.3217839187 -0.2460155764 -0.1580350116 -0.07982593672
5.15524927 3.775819517 1.551589866 0.8682672398 0.713140351 -0.0733297423 -0.1840905458 0.1466638044 -0.3144394563 -0.08628731555 0.05058077889 0.1842798145 0.02597470187 -0.01143068786 0.09676122163
2.519314015 1.705642727 0.07928856646 0.8836889973 1.039851352 0.6742224721 0.618965059 0.7559766334 0.1470632323 0.1850114013 0.3828218751 0.4350242185 0.2791845146 0.1132078479 0.2691205146
5.777425529 0.6130071171 0.05078766821 -0.5849820079 1.590607919 -1.957331031 0.2681512785 0.540561945 -0.5960757886 -0.5653378703 -0.255137898 0.2402034089 -0.7143762816 -0.4687985742 -0.8990791708
-1.51080604 -3.290573938 5.948991053 0.1033660315 1.757112981 -1.700905891 -0.382402369 0.6128615925 0.450102661 -0.3831128982 0.208699689 0.2764179373 0.1742315531 -0.1240292601 0.008529083569
6.870120485 4.475059214 1.323254907 0.4984229532 0.1255906531 -0.1315762905 -0.06344592668 0.2708653719 -0.1185500362 -0.08179279106 0.04517086433 0.05270202755 -0.08726370389 -0.05079781288 0.07588386039
3.246036444 2.127223044 0.3987281548 1.123298133 0.9922954016 0.4823322112 0.3248213656 0.4656766396 -0.0599407902 0.003233214829 0.2742951887 0.3588885065 0.2754404791 0.1564994465 0.2844801303
6.178591833 1.008453918 -0.7370551966 -2.466038817 1.28307579 -2.502611193 0.4035154968 0.9393486363 -1.359643322 -0.7625793181 -0.3982003678 0.06757328963 -0.4924366317 -0.2123044187 -1.141076138
0.4364617775 -2.495076071 5.139019207 0.06425971644 1.92227379 -1.311178971 -0.09980258375 0.6158696835 0.1946346811 -0.3315371457 -0.02974775726 0.2280567677 -0.0593448522 -0.1585530278 -0.03010460539
5.561194875 3.119234809 1.351756928 -2.58653029 0.8627654056 -2.302004313 -0.7142557928 1.319642002 -1.269103948 -0.3173149641 -0.6301625052 -0.4855779209 -0.1841076057 -0.3201397067 -0.1788201668
2.679501768 1.635744334 -0.2420731906 0.5429251258 0.5422145207 0.1514855309 0.1164684565 0.3369329402 -0.135825597 -0.07004561724 0.1919082768 0.2360881381 0.1565971477 0.07173027444 0.2421428293
7.473445022 -0.1392297802 -1.37220291 -1.65997035 1.15374069 -1.026122544 0.1930938123 0.5809471691 -0.3649925482 -0.3475084406 -0.2024714448 0.3033740025 -0.666855724 -0.3771344428 -0.8198886043
-4.290844154 -4.811049159 5.346048474 0.225620345 2.695667215 -1.007473057 0.1098756294 0.9422106458 0.6666078763 -0.4474640066 0.07054982092 0.01535295735 0.2420519357 -0.1791502782 0.06644192116
