4.254862216 2.7182902 1.606031963 1.610935311 0.8143447892 0.6064156485 0.006195498098 0.03688466759 0.00460177061 -0.2496093906 -0.168984968 0.07909853446 0.04175628677 -0.007735273612 0.02707900949
3.121936703 2.360658056 1.218615558 1.199610016 0.601384885 0.8878335009 0.4345706459 0.3306996712 0.3088647222 -0.007474931693 -0.1239490795 0.06991563018 0.155075981 0.07309266261 -0.0004814643672
4.832990965 0.2243448378 3.290930686 2.406652695 -0.1228991024 -0.9967393852 -1.288602484 -0.8493453881 -0.1041072354 -1.738335681 -1.213401908 -0.2800831172 -0.3133445701 0.1172738658 -0.4226757469
5.770331609 0.1500452276 2.438034923 1.135689775 -0.8432056402 0.6515615181 0.1469133835 -0.7619898459 -0.07186797019 -0.0007339892146 0.003865144981 -0.008858735527 -0.1588109618 0.1411523991 0.1198589389
5.011230224 2.094501092 0.1328576198 0.9758619566 0.5508552156 0.3837034154 0.1082989253 0.190236729 -0.02958441886 -0.278455207 -0.0905427112 0.1584805043 0.1201732576 -0.002516734299 -0.1066141236
2.918081414 0.5360264038 0.3779299436 1.152961868 0.2146590559 0.1348547402 -0.005235864593 0.2070981604 0.01801915481 -0.220935296 -0.009815451501 0.170259333 0.02435438278 -0.08487785293 -0.01061201708
8.467172454 0.05808369062 0.2197822495 1.165959483 0.08389937753 -0.5590104325 -0.1296784648 0.1210845637 0.2495297028 -0.1978329396 0.2091318581 0.05829860379 -0.1897752067 0.1797363088 0.1770397421
-0.01135345854 -2.847515691 3.992871118 1.308281318 -0.4434967083 0.4341045977 0.229490611 -0.8619412456 1.042823684 -0.4203207466 -0.08183961523 -0.1412579847 -0.1437146854 0.202981212 -0.02594227265
6.396363027 3.327774306 1.022687805 0.8154778607 -0.02371034298 -0.00341924736 -0.2426233416 0.0153029886 0.03464408891 -0.1793486354 -0.1354423347 -0.01922494712 -0.06537559431 -0.08210921281 -0.1246075047
2.577637356 1.503927212 0.918207455 0.9957428656 0.3218564832 0.4800228546 -0.0005652232078 -0.02802630877 0.005367405529 -0.17713083 -0.161313833 0.03268969947 0.05954131498 0.03030338328 0.05977062451
5.839304204 -1.114423727 1.469188535 3.15669109 0.5689275527 -2.360844327 -0.4882047925 0.6240613451 0.2233461781 -0.959516396 -0.2219830255 0.08732431572 -0.177901492 0.7652009029 0.2546483261
2.443785123 -1.35298318 0.7232836833 1.080960535 -0.2088189949 0.1767525212 -0.05926343927 -0.02868614085 0.2254852212 0.1410287235 -0.1188382532 0.08026029142 0.0437890792 0.0004436092808 0.09594336608
3.391291143 1.950807939 0.02436240805 0.7547913871 0.346455379 0.2464034802 0.08600230513 0.2706554081 0.2641380167 -0.05658609831 -0.06158641699 0.1500028065 0.115856961 0.04711166544 0.02628982385
-0.9533200103 0.9515289936 2.321517816 -0.3844298737 0.3620765042 0.4887018811 0.2655715182 -0.2096968636 0.1614603268 -0.237887348 -0.1901927534 0.2068162948 -0.008884655776 -0.01125630462 0.03201056891
7.906355326 1.721282694 1.105647133 -0.796665485 -2.257102858 -1.774162551 -1.02617097 0.9070336765 0.2613109214 -0.7485848478 0.3381704759 -0.3842371418 -0.7983329479 0.7563722224 0.2279620901
-2.524871334 -3.443379137 4.348877299 0.6287575443 -0.865626976 0.4729348388 0.1952361217 -0.6250365655 0.8286700137 -0.2964734368 0.02278067186 -0.06826992333 -0.03306675248 0.3198965524 -0.07418942487
5.114625762 2.453184914 1.181543521 1.134687517 0.4596107294 0.4512546397 -0.02520716388 -0.01358106778 -0.2440304025 -0.7087834522 -0.6816647434 -0.3616344292 -0.2854757417 -0.1558988087 -0.1807792826
3.300030789 2.276007605 0.7295112128 1.012680044 0.3819422634 0.3111697527 -0.04666077695 -0.03697450637 -0.1295995363 -0.4228960732 -0.306576322 -0.0687588027 -0.07570579568 -0.1306295675 -0.08131393771
5.129356114 -1.223974475 2.817999745 3.003250018 -0.3850430648 -2.206791472 -1.449752063 -0.4838032032 -0.3191620929 -1.995447507 -0.8554072715 -0.1370367106 -0.4396176431 0.4997914178 -0.2556950012
3.611722212 -1.724908731 3.855396902 1.508659946 -0.5495867743 0.3339000611 -0.3363668562 -1.019450252 0.4728292887 -0.6067477273 -0.5381916361 -0.1975192083 -0.5081664454 0.01588530349 -0.1284577046
5.19283644 0.6910374622 0.05094206207 0.7081546405 -0.1067123223 0.1918987527 -0.03133488504 0.007136600142 0.06162792897 -0.07239346604 0.03040101748 0.02938104009 -0.009383794771 0.00600899131 -0.1381447095
2.039026072 0.09284825734 1.312257972 0.765558266 -0.3196103802 0.346433334 0.01097332229 0.0464431796 0.09857300926 -0.09108443457 0.02897431904 0.2527866411 0.1354803309 0.05804171919 0.06749981111
8.099657268 -0.9729935038 0.7211068011 0.3855512601 -0.5135975596 -0.3745155544 -1.330054021 -0.8562655408 -0.4294197397 -1.272964347 0.3765586307 0.3493785979 -0.5783279364 0.1472133742 -0.308001098
-1.009731039 -3.486066006 3.289591071 0.6391789475 -0.585168423 0.1232940961 0.1013320222 -1.132345639 1.184161519 -0.4014038341 -0.002967927986 -0.2826475289 0.01639900478 0.3848291564 -0.09431132091
5.198288325 3.130540021 1.685159372 1.248330628 0.1909655882 0.03093206164 -0.3745760743 -0.2198487854 -0.1324089168 -0.2036250553 -0.1796658786 -6.744094017e-06 -0.08429825368 -0.177475675 -0.1264391892
1.91863172 2.01755987 0.3678092957 0.584671088 0.06924926115 0.2667184382 -0.02126244944 -0.1103591693 -0.06540057339 -0.3909351862 -0.1950555942 0.02746429359 0.003617552678 0.02620515636 0.02781402555
5.285295817 -1.919863945 2.321384907 3.231711825 -0.2532722925 -3.057526118 -1.105491382 -0.1797967701 -0.2640527379 -1.753412288 -0.5784049305 0.07582076344 -0.4888919124 0.7326676396 -0.03538804126
1.550841027 -3.340287436 2.72470474 0.6256824571 -0.6997697614 0.4263250359 0.2481558778 -0.4023607428 0.4080744654 -0.1852134948 0.3685377334 -0.2861271179 -0.1554811045 0.2184378979 0.1093867013
3.167225841 1.315600791 -0.0117639677 0.5967655518 -0.08730913542 -0.1374965202 -0.397175757 -0.2000589144 -0.1227170632 -0.1410708181 -0.03269956983 0.1159774135 0.09423693168 -0.03623197773 -0.006927697415
-0.7541000399 -1.900308327 0.6989216868 1.253638164 0.4373851327 0.2953338099 0.7404982122 -0.3576464413 0.7650765143 -0.6189255174 -0.1012623272 0.1661322624 -0.2314171511 0.04772745653 0.03774720301
7.345589022 0.1558809784 -0.2593493379 -1.268863399 -2.586944966 -1.895721855 -1.070892127 0.4344342754 -0.2531842363 -1.282230403 -0.1120299659 -0.3011126874 -0.5015987484 0.9761077188 0.1710554944
-2.483341468 -3.549185058 3.204518953 0.2685007611 -0.7003375883 0.01554671845 0.02587259383 -1.041472604 1.301996656 -0.1630944169 -0.3122048249 -0.2181978887 0.0705339745 0.3211708353 -0.110134542
