7.581653795 -0.1247961533 0.5579759101 3.067694516 1.884348326 -2.277545476 -2.428855963 -0.6692107517 -1.310283857 -0.1841844569 0.567358245 -0.2567730209 -0.8884275187 -0.03055461109 0.6588843107
-1.336171631 2.247259008 -1.396658641 0.353209196 -0.435510291 0.05527045698 -1.660066851 -0.08780374433 -0.9181820281 0.5004413109 -0.6204909155 -0.3265698318 -0.1496442787 -0.5539897215 -0.06081565102
6.340108445 2.526201114 0.9871207389 1.160980304 1.56019023 0.1014236966 -1.143880185 -1.131150399 -1.427280765 -0.5524592133 -0.4528528956 -0.6522833719 -0.4349644538 -0.2621355239 -0.03936105889
-2.248217399 -5.832695077 3.30324231 0.5258471536 -0.7476027978 -0.5134940667 -2.575310836 0.1400529016 0.02269568929 0.2749663974 -1.45007089 -0.944754703 -0.002935846173 0.1736748729 -0.498457
11.07456339 -0.6794798487 -5.426888457 -0.5958353799 -0.4108062429 0.894224106 -1.368814225 0.2261945853 -1.018356141 0.9445507763 0.1045067547 0.4740134946 -0.8593951885 0.2682212944 -0.4679199799
2.931562678 -2.876122843 -2.405751637 -1.506479307 1.431199614 1.81927718 -0.2403170606 -1.384291245 -1.454116284 -0.9345918929 -0.5252119393 1.134095052 0.6242976134 -0.5174637967 -1.309164998
5.059471654 0.6045529726 -1.428509725 -0.7664738871 -1.064515847 -0.6745503198 -0.9827139474 -0.4989166689 -0.3415084406 -0.1120949529 -0.2610591693 -0.06942997657 -0.1712039407 -0.4031444085 -0.4115050676
-4.514945756 -5.795742429 0.9243864168 1.311302806 0.4513757259 -0.452134322 -2.498261037 -1.438476833 -0.3013906057 0.9435270729 -0.7438590925 -0.86991631 -0.6329244829 -0.3032928206 -0.2856322366
6.723144847 0.8054074276 0.08776734046 2.413181856 3.453571669 0.2180247127 -2.533013972 -2.306924661 -2.021212375 0.05985594922 0.0545078942 -1.375656198 -1.313517368 -0.2739550886 0.9128668999
-1.560324412 -2.436381869 2.448852708 0.3504337303 -0.6885393939 -1.38957162 -2.440803004 -1.439090971 -0.5679250325 -0.001656150266 -0.8922411922 -0.06429907255 0.4271251176 0.634330636 0.2049913024
4.852359127 0.05522069212 3.42883338 1.507475572 -0.9112430562 -0.1999473483 -1.20029926 -1.06877483 -0.9113155929 -1.436932216 -0.4448934649 0.1876026558 -0.8690730651 -0.4132353588 0.08124749022
-5.491552162 -5.219863787 3.263003519 1.474366516 -0.9626138021 -0.7514484702 -1.813561666 0.3476885969 -0.2601736887 0.1988030678 -1.802818096 -0.2317139816 -0.1415489433 -0.2470006105 -0.7324916558
9.533433542 -1.611998115 -2.595638314 0.4829554719 1.509626325 -0.993546356 -2.089412756 -0.2744302725 -1.052719569 -0.2883163403 0.597298042 -0.2511341027 -0.4035078291 0.1463811642 0.4516837469
0.2017375042 -3.165323706 1.478413764 1.106751984 0.2385262168 -0.04655210575 -1.340646816 -0.7131269326 -0.1151179749 0.3329933747 -0.9326525273 -0.34404041 -0.008760693996 -0.130102617 -0.4087825773
3.234772883 -0.8692481447 -0.06180512809 0.5486980113 0.2168248962 0.01362416935 -0.8617228417 -0.4017733497 -0.3871327838 0.1251920713 -0.2859629792 -0.0584725334 -0.08991119207 -0.4931093309 -0.3303447242
-7.512887647 -4.299264266 2.182172557 1.062711621 -0.4877565157 -0.8209089578 -2.00807362 -0.4354981317 0.1454475986 0.5927709958 -1.048968956 -0.8620499745 0.05646432717 0.3804063844 -0.3894768193
7.450566275 0.2949221453 -1.077847339 1.46102775 1.685792964 -0.8781575247 -2.376063944 -1.09864347 -1.053821942 0.1539127408 0.5045383014 -0.2507378606 -0.5020222809 -0.2274830504 0.3072287955
-0.856671214 1.77550984 0.444740609 -0.9071074705 -1.163266817 -1.518883412 -1.929220714 -2.498432041 -1.085147878 -0.1959262033 -0.3626394472 0.4374320441 0.3658069828 0.3671668421 0.7173862299
6.343375444 2.522806363 1.532673606 1.375697341 0.2176842408 -1.253570954 -1.644700124 -1.183506681 -1.234949201 -1.033888548 -0.6260037116 -0.8789363187 -0.9601607593 -0.6317570214 0.07125030868
-3.804426762 -4.392316121 3.373091982 0.8336126886 -0.4677248988 -1.681598619 -1.249056033 0.06478278642 0.135310404 -0.4479299185 -1.407608999 0.1908940934 -0.7671378351 0.1899091545 -1.082441383
7.415494259 0.6646061471 -4.632114288 -1.837321518 -0.6356781893 1.054257259 -0.3402744322 0.1933708656 -1.002786711 0.6065366893 0.4012352574 0.4814743468 -0.08384725254 -0.5798727756 -0.1041296143
2.110994166 -2.866624155 0.04337798948 -1.968004434 0.2838412589 1.107157962 -1.469425626 -2.164870462 -0.5253192304 -0.1703513889 -1.058714106 0.8161589875 -0.4140669506 -0.5237840255 -0.7124199825
5.701491747 1.648544215 -0.2687337419 -0.9485435742 -1.45156408 -1.455587603 -2.008595903 -1.723451642 -1.135864344 -0.475071166 -0.4691710837 -0.07324442159 0.0737305623 0.1020416099 0.02329601335
-4.783160038 -4.197755711 2.285272639 0.6969637557 -0.2625600656 -0.8605569616 -2.033404372 -0.7930699684 -0.3961822114 0.6986119183 -1.128212579 -1.015459879 -0.1926505606 0.1636179806 -0.3041164816
5.948238133 2.276596063 0.9637929337 1.643156316 3.288268056 0.02347074628 -2.232816956 -1.997274249 -1.22818408 0.1426469783 -0.8053250307 -1.62219143 -0.8314441173 0.05713174852 0.428387581
-3.897450605 -1.259051266 0.2308327629 -0.2374385344 -0.5499384516 -0.8159510783 -1.369938168 -0.8389474849 -0.5112432423 -0.9715963643 0.1450018687 0.4832247131 -0.4700820256 -0.7276225552 0.3220758538
2.815276832 2.530337655 1.899858975 0.4128458558 -0.292228725 -0.3984830654 -0.3218944643 -1.634915549 -0.5502879388 -0.7853536346 -0.7271742067 -0.4583969393 -0.8147779056 -0.03503370782 -0.8882876274
-6.11960578 -5.292543293 2.904309657 1.614688162 -0.6502227833 -1.690184006 -1.511614257 0.3944436143 -0.3147553074 -0.02897656499 -2.085843836 0.4710113615 -0.7497327243 0.2032597243 -0.859527777
8.66147563 -1.371273427 -4.660440564 -0.4745830055 0.6590646246 -0.5804671559 -1.405331935 -0.4850338103 -0.4798657531 0.1824961768 0.5463001387 0.5222992916 -0.6875745613 0.1039143675 -0.01244750299
0.1741703767 -3.484564387 2.414306956 -0.698404237 -0.6539902103 -0.524566413 -1.500872768 -0.7153983172 -0.1571645232 0.1188390012 -0.9803622287 -0.4572261951 -0.02847553396 0.1004488973 -0.1911582317
2.950614109 0.4034224289 -0.7849081028 -0.9053845847 -0.6116847485 -0.5188399146 -0.8918232373 -0.6488921522 -0.7398309894 -0.1107159971 -0.1740433675 -0.2662859718 -0.1497725518 -0.5187762483 -0.5063153706
-7.425369029 -5.260459024 1.381125176 1.839731273 0.002665084287 -0.5954934117 -2.073589596 -0.7632756874 0.05211273053 0.4788589651 -1.388012015 -0.8662210292 -0.4233088304 -0.00228799773 -0.3716660804
