1.686653335 2.360570024 -0.1469676242 0.4610387281 0.9619999125 0.5268955683 1.380417607 0.1000022112 0.8115893619 -0.09334808013 0.5548714097 0.03711886671 0.3673058598 0.07558437171 0.0836621528
-0.2375181133 2.018417428 0.1384939842 0.7762173797 0.5956528645 0.6118843518 0.732486512 0.4061117561 0.4811241141 0.2717827992 0.3703631206 0.2412171083 0.3313869309 0.2736480497 0.2894404209
3.138988634 2.990786008 0.251964804 0.629081909 0.8590001237 -0.1387846884 0.8434194104 -0.233669795 0.4370956207 -0.7698592916 -0.08758006016 -0.39899725 0.01395726049 -0.4003301628 -0.2706364321
-2.848070572 0.6829235664 2.136890485 0.7401458494 -0.8175376961 0.7975541568 1.227210031 -0.08866956736 0.5005834713 -0.5834715527 0.08014547024 -0.2582119109 -0.1147855469 -0.2894675816 -0.2407704757
1.139068085 1.767328858 -0.7835472164 -0.06358035785 0.6279192563 0.3225612652 1.446522664 0.01059728832 0.727690592 -0.2839594607 0.3790084332 -0.151743063 0.1902545312 -0.1277798878 -0.04401042998
0.9995917349 0.7078090917 0.4527914944 0.4199397027 0.2304623841 -0.03064288652 0.9883755515 -0.1334938651 0.5111630412 -0.6574517878 0.1196086266 0.01573987234 0.3398660417 -0.4529995351 -0.2114412989
3.249309528 0.7651747365 -0.7865505895 0.226895383 -0.3005871579 -0.3831393899 1.125801424 -0.5829279392 0.01595002816 -0.7141836598 0.6938408705 0.1908954757 0.1903366194 -0.1409116326 -0.5038394949
-4.016559846 0.07437979365 1.627056896 1.545123679 -0.7008058564 0.5519216581 1.406565719 0.2401497352 0.6263985196 -0.2533307366 0.006002405231 -0.1297270343 0.2490637622 -0.2021595427 -0.340635066
1.702423225 2.314532749 -0.3928077174 0.0089779389 0.389855446 -0.07373666564 0.9955164676 -0.4142490674 0.3469920385 -0.6156953845 0.07063993403 -0.4862875529 -0.1078549567 -0.3332160644 -0.1865082328
-0.7569450938 2.02010595 0.1407185564 -0.7555586651 0.9667565301 0.4274728 0.8182185548 0.104896074 0.5575598944 -0.5060064917 0.2646158681 -0.2598403217 0.08004454937 -0.2066190675 -0.1195822281
4.302183124 2.868785282 -0.445239484 0.165162027 -0.8059766219 -2.171269918 0.1158348667 -0.08349071391 0.6207252661 -0.8073107166 0.1321297961 0.2519240524 0.08225688075 -0.506541968 0.007597834967
-2.050719231 -0.1745883463 1.316155784 0.92289799 -0.4029942392 0.2508103629 1.299590433 -0.01193982776 0.8286497547 -0.134817565 0.1461604274 -0.09342292715 0.3081836514 -0.236016638 -0.1529795681
1.434876573 2.037262558 -0.6361859088 -0.1183358504 0.423147356 0.01659865529 1.0185734 -0.3633002415 0.5808073082 -0.2708572546 0.3809625219 -0.2270290296 0.1095173797 -0.1545034343 -0.03512493381
-0.6265272393 0.4492405703 1.051053884 0.5385695237 -0.09484512763 0.4132956352 1.23763134 -0.1855753155 0.6986512409 -0.4099411399 0.3474323518 -0.1696317341 0.2150549281 -0.2569584436 -0.2407016601
4.414232852 0.09423933768 -1.821571837 0.09504532731 -0.4784590142 -1.266839752 1.113437899 0.03882041499 -0.05541032348 -1.427315747 0.230271331 0.5057511363 0.1691456819 -0.1639910029 -0.3689974931
-4.18342224 0.03955429204 1.792011761 0.4313383047 -1.798463223 0.03756242363 1.219470927 -0.1377475765 0.4872777798 -0.3350000222 0.3097265647 0.001949420581 0.447489005 -0.1957006953 -0.6073059453
1.799969197 2.43764927 -0.2312866041 0.2745527373 0.7791831485 0.3400037702 1.337047833 -0.1377050712 0.6030223207 -0.3668167795 0.248377965 -0.3848160737 -0.04374865376 -0.3113761146 -0.1435070832
-0.1470507441 2.242937363 -0.1904864018 0.7669611719 0.242832785 0.3247273946 0.4766524864 -0.0475803165 0.1724482484 -0.1847020935 0.2686324323 0.2343165576 0.4712173151 0.2481142472 0.1548819185
4.050333621 1.817511218 -0.3780182009 0.8070310526 0.8574954794 -0.845430199 0.4004604359 0.1384403201 0.4999205226 -1.161958116 -0.236577041 -0.2399976017 -0.01705127072 -0.6682533862 -0.5223379217
-2.448864875 0.29391367 1.668905542 0.01277347656 -1.207161511 0.4360005584 0.9689908479 -0.4405276746 0.1971200602 -0.6944499948 0.08153591591 0.04730346893 0.1104300895 -0.4492948991 -0.4854725037
1.339411573 1.839420081 -0.7751565684 -0.06177237481 0.638967915 0.2640458628 1.285602706 -0.1702161262 0.5540554095 -0.5304407699 0.003488213064 -0.6077896863 -0.2171113591 -0.44345642 -0.2542400232
1.051953613 1.335457221 -0.6319362625 0.2276224559 0.5050563607 -0.1758606477 1.052431765 -0.1853208495 0.3979981058 -0.6544414727 0.3085179512 -0.204816467 0.02553226635 -0.3171088061 -0.04834976343
3.879592293 -0.3737546553 -0.5004382479 0.5878791702 0.09485070975 -0.6774281189 0.2268210863 -0.7608444653 -0.5438571913 -2.242036221 0.2608423662 1.181743594 0.439001793 -0.4321731072 -0.1955071029
-4.354228162 0.1121792904 1.765841973 1.42152826 -1.201080279 0.2777390618 1.120087649 -0.04428309072 0.3276138165 -0.4141351825 -0.2173886638 -0.1748310364 0.1491935332 -0.2660525105 -0.6667013047
1.349225997 2.068292858 -0.473830022 0.2597165503 0.8392477777 0.2803459705 1.094132289 -0.5117228754 0.2867887827 -0.5912538021 0.1436302843 -0.3353007278 0.09639492522 -0.1730770871 -0.07449926122
-1.350832002 2.390331849 -0.8195910259 -1.09553591 0.2075571571 -0.3945877707 0.4840129847 -0.4425043212 0.2794842256 -0.5419243049 0.0381268256 -0.2655132898 -0.1328047855 -0.1451001074 -0.02446484639
4.753693697 1.212033141 -1.511105533 -0.09368955991 -0.9716405789 -2.42241599 1.1138463 1.050631497 1.084571848 -1.464032386 -0.4655833712 0.2761415166 -0.06434860561 -0.6230388784 0.02540454826
-2.965915863 -0.393946288 1.13092964 0.6859197246 -0.6827579158 0.1443577474 1.055157668 -0.0727178001 0.4553335921 -0.3863922313 -0.06098322747 -0.09242640051 0.5113312813 -0.01882413754 -0.3414149858
1.185440285 1.688533782 -0.9802814883 -0.3211264137 0.3607692895 -0.0163075057 0.9206674738 -0.5410386201 0.2814636994 -0.6174861641 0.1464218797 -0.3652796809 0.08640549503 -0.1743216925 -0.07555434201
-0.4993919328 0.07623551547 0.8577803037 0.4900164933 -0.32763753 0.02470882918 0.9200418206 -0.5877270779 0.2932811995 -0.6843070307 -0.2302738482 -0.2290533256 0.2396595923 -0.3814997998 -0.2348803751
4.377879986 -0.8105439591 -1.878754133 0.0926061893 -0.3278334064 -0.8879814377 0.9110713276 -0.310581563 0.2513529894 -1.918253586 0.09018745207 1.298449811 0.1768111441 -0.5163232105 -0.1369828307
-4.466931416 -0.3655009369 2.059037157 0.6781489875 -1.273981378 0.03955856461 0.7866122185 -0.1189522555 0.122259316 -0.5022582472 0.07801287371 -0.04112206475 0.05375589522 -0.3262624471 -0.4796494485
