4.068865335 3.211069138 1.201274159 0.6388567449 -0.8940843394 -1.18885359 -0.4063052042 0.05871736856 0.3845057552 -0.6157802335 -0.4484446992 -0.1413406469 -0.7656444918 -0.2419610609 0.1699680451
2.487375083 0.4672476589 -1.825248421 0.5248562264 0.2718862499 -0.1829262406 -0.4700735385 -0.6822583789 0.2032985172 0.4658707862 0.3898294821 -0.1461168366 -0.491489117 -0.1582229259 -0.1358539881
0.9849219945 1.13128704 -0.1876906974 1.216052099 -0.05740472141 -0.1046269423 0.3389716343 0.3226317913 0.282929732 0.1883728239 0.2327323727 0.2950058559 0.2304126239 0.05739644791 -0.08804246928
1.799561213 -0.5498100931 1.615972629 0.4903505663 -0.385895938 0.1945854561 0.5454304688 -1.379387815 -0.3440641938 -0.1098278229 -1.364644214 -0.7062007754 -0.3118855891 -0.174341005 -0.3104194106
6.304628523 0.05535251959 -0.8610558511 -0.7487839993 -1.485952092 -0.6253666439 -1.408651276 0.4118090391 0.9115789426 -0.6421352993 -0.7554597763 -0.495210806 -0.2951652574 -0.01596270072 0.8915486089
4.56283279 0.4050004837 0.09869064345 0.5244993743 1.737218322 0.01381559232 -0.8662542929 -0.8794860089 -0.8852667679 -1.251307959 -0.3499503787 0.3726152596 -0.03679265854 0.0418645574 -0.3415569115
0.6404372399 -0.1153406982 -0.3959106815 1.282413135 -0.03932094537 0.08258676015 0.4661706865 0.3065294997 0.3080410882 0.2119236189 0.2040797189 0.1916667077 0.01916891643 0.01955831986 -0.03860538693
-2.429717342 -2.978608527 2.066989708 0.8738644737 0.2198476119 0.6553920497 0.7298597728 -1.563167188 -0.1484061499 0.2141337098 -1.054502959 -0.09522739189 -0.3396636631 -0.08756152455 -0.178270464
5.426449724 1.866154533 0.3270080094 -1.097766928 0.6818053575 -1.29786282 -1.230221059 0.7160380447 0.1746793727 -1.756215787 -0.717853276 -0.345905785 -0.6327780785 0.6955949988 0.6022138025
3.221170968 -1.960210979 -1.863248592 0.6920645454 0.09445478874 -1.380454801 -1.068161885 -0.5976682037 0.08810459379 0.9877478234 0.8378131555 -0.814248178 -0.8292087249 0.01370027205 -0.07751639404
1.574831929 1.9858453 0.02968325215 1.174269959 0.05441928738 -0.2904633367 -0.04888118247 0.04151362208 0.02834713105 -0.1290557456 -0.0500112339 0.1225873041 0.02375968267 -0.05070380665 -0.1083911424
-0.3488533999 -0.4357402469 -2.268999812 -1.056870024 0.7863987155 -0.2054095258 0.5976859522 -0.9535387009 0.02926579386 -0.659053592 -0.5559127507 0.6904441254 -0.4284523947 -0.3652340397 0.3544811187
4.864125388 0.5160778663 0.2160936289 -0.05910403417 -0.2277761766 -0.4797401757 -0.328000837 -1.403576687 -0.1182257643 -0.284039176 -1.812601995 -0.9531826797 -0.3037070235 0.02743467101 -0.01691116823
3.557948078 -1.162453102 0.4337831957 0.3369843435 1.09508595 -1.075886293 -1.656244751 -0.9425286454 -0.8466492795 -0.8308848468 0.3036328117 -0.06275357172 -0.4081923142 -0.07160944918 0.4857076123
-1.753717382 2.313683322 -0.2297228493 1.357755709 0.4051568876 -0.2782695645 0.4997823362 -0.03639346299 0.2289481018 0.06369593899 0.1980746187 0.2269981812 0.1181514636 0.07787917888 0.1541763105
-5.006671515 -4.692784514 1.358425716 0.8015366607 0.111720918 0.7952221178 0.5992377018 -1.431482452 0.003321379494 0.3708461677 -0.6338321604 0.2751604899 -0.2165547644 -0.09363487084 -0.1456892593
5.187909006 2.946579727 1.343542243 -0.3650899251 -0.9487327004 -1.61854633 -0.7940908012 0.5039701861 0.3644516986 -1.16496844 -0.749316338 -0.3249156934 -0.8310609152 -0.02856172026 0.4761572772
3.776034988 0.5200945102 -2.933937993 -0.61291617 0.5756466692 -0.1767474573 -1.465974906 -0.9785720225 0.5843558052 0.4465819688 0.2377686883 0.01755917155 -0.7634934644 -0.1589655786 0.2169820227
0.6764358878 0.8287835477 0.06033101438 1.653957719 0.1722588136 0.05336142715 0.4365202701 0.1953460211 0.08602929083 0.03240789121 0.02000828233 0.05207205789 0.03210029526 -0.01332066292 -0.1117054384
-0.8612973575 -2.083012613 0.1477652087 0.04771106878 -0.3662679785 0.3669413171 0.5280648942 -0.9215966758 0.2393887933 0.1294159049 -0.5598498785 -0.1847294824 -0.1605398998 0.1429506997 0.1723877175
5.692189838 -0.5722454743 -1.000721069 -0.597387908 -1.787653225 -0.7023313017 -0.7184711933 0.7344959454 0.1813629649 -1.115290411 0.2064569811 -0.6253712084 -0.3757434175 0.239986274 1.317360287
5.179058522 1.068340872 -0.4479831928 -0.9324026615 2.072307999 -0.6259480561 -1.626484355 -0.2820841763 -0.214103459 -1.615255991 -0.6819636303 0.1609331425 -0.3130777829 0.6207922518 0.01405892123
0.5807080026 0.4735548794 -0.3662170275 1.107309639 -0.3706529747 -0.4070479053 0.07671430793 -0.08425837901 -0.01921834967 0.04736424839 0.004165961723 0.005005660824 0.04547107883 -0.006344021342 -0.09284120072
-3.798275776 -3.826249926 1.071285767 0.221190459 -0.02854718037 0.7668415964 0.7303811842 -1.434126873 0.03462522011 0.2691490742 -0.5848805762 0.4159996026 0.1647773574 0.0142358508 -0.04433902379
4.168058117 1.537946474 -0.316621241 0.4903505259 -0.8770458022 -0.4442502259 0.05105254661 0.1982595654 0.05801476129 -0.6064102851 -0.5620790317 -0.1348896883 0.07201327895 0.2269892473 0.2133711647
3.929249783 -1.095873195 -3.198609379 -0.1693783841 0.6520476351 -1.141023305 -1.233369175 -0.7375317045 0.3361168535 0.7539599988 0.4563903761 -0.3555523401 -0.9075093785 -0.2679106113 0.2864656211
1.513992644 1.419963463 -0.7190095863 0.6254470206 -0.379773921 -0.4049148362 0.02647839035 0.1186086847 0.0804701236 -0.1282245587 0.04797143798 0.2145449275 0.1819057302 0.05246224173 -0.03984745691
-2.425826543 -1.185822772 -2.532452945 -0.7776243441 0.9510133701 -0.06211577721 0.6601360223 -0.7826688135 0.3212989959 -0.6182217017 -0.7102226687 1.017513388 -0.5501066044 -0.2359535742 0.7828414391
5.031508267 -0.005539603125 -0.7476950126 -0.8326338381 0.2365288296 -1.755666835 -1.019312503 -0.7876791794 0.2472344589 -0.5275077026 -1.685658144 -0.9356671396 -0.5159774295 0.3575689789 0.3626701577
2.073120659 -1.467891494 0.8845339154 0.2854467466 1.202726325 -1.366435434 -1.781798346 -1.200223286 -0.6487514379 -0.6711629607 0.6602038832 -0.1744151709 -0.7171934972 -0.08849248172 0.6814844413
-0.490037994 1.380174799 -0.911381022 0.5967561638 0.1179509854 -0.3877046524 0.1317870882 -0.4153744343 0.1396954275 0.1775231034 0.1033609094 0.105138827 -0.03698951724 0.02130065908 -0.06810439187
-5.772244319 -5.429925783 0.5441826587 0.546756189 0.2460202989 0.9508495843 0.1846656781 -1.517353278 0.04500590232 0.5080244421 -0.3819267237 0.7699631141 -0.2747711904 -0.09776842614 0.1670364386
