9.136220668 2.267053975 1.03924423 2.434546365 0.1156438208 0.4204875317 0.6479186754 0.2309010951 0.403225456 -0.02917254296 -0.1145631218 -0.5191884329 -0.2302575461 -0.4016380587 0.2006718108
9.673907396 -1.215639715 0.2374393235 2.787398612 -0.4505781229 0.08605359811 0.2588180659 -0.3340136013 0.234595011 -0.02844720421 -0.05384158565 -0.1863231894 -0.1522567303 -0.01513408603 0.3316727386
7.018112563 -0.4028491166 -0.7513230828 1.122129159 -0.6406345853 0.1447108962 0.3062982189 -0.09044025507 0.232446985 0.02814421412 -0.2517366419 0.1321699133 -0.05717818368 -0.0458045607 0.2653795831
8.169061752 -6.317164969 2.388685071 3.531379455 -1.638974437 0.6271563498 0.08027721798 -0.7580656631 0.1573077362 -1.149300058 0.3994955552 0.7718359075 -1.34559997 -0.1666743306 0.05873504953
9.611927178 2.307335091 -1.226845008 -0.6026347738 -0.1572667208 1.810051361 1.218271344 0.05020490778 -0.1642694104 -0.8830436821 -0.6665791785 0.01225918153 0.108006993 -0.1898184076 0.2880684629
12.9598196 -2.086414948 -1.124948809 3.38876323 -1.553841062 -1.024454352 0.1939642617 -1.14286923 -0.0406934868 -0.422775132 0.158163779 -1.322045815 -0.07513108962 -0.57624683 -0.02025021266
9.53058366 -0.5697354548 -0.7265724665 0.6449257054 -1.424792947 0.2513273751 0.2967856505 -0.7417537453 -0.011656928 0.08399014318 -0.1240070616 -0.2974795135 -0.2996665548 0.06342005685 0.3312572205
4.855607692 -6.519244877 2.608659047 3.488447734 -1.483857154 0.6587520684 0.7283260147 -0.4854904585 -0.3532539281 -0.7501412537 0.5376885602 0.9380162616 -1.043966469 -0.08452779061 0.1793382736
7.602516644 0.610761592 -0.1696709367 1.650032875 0.218676649 0.8220259922 0.7629435743 0.3241706765 0.5642203581 0.2421092504 -0.07819014009 0.03660321821 -0.01441650826 -0.07152867591 0.240484942
8.619679829 -2.4884344 -0.7888683278 1.412346578 -1.410739969 -0.4646534535 -0.5581596821 -0.8763065388 0.1489521016 -0.3890584564 -0.7006535153 -0.2237821735 -0.3433389531 0.06737827475 0.488043876
7.182387734 -1.082790826 0.8457199582 3.272357386 -0.5587237408 -1.69506661 -0.4379110845 -0.7862817085 -1.238264996 -0.3595276654 -0.1783014949 -0.8230831931 -0.4128187633 0.07628400531 -0.1292171424
8.974854364 -3.990381704 -0.5350394617 2.703534004 -1.019711906 -0.2101536146 0.3853899355 -0.481238681 -0.3010294 -0.3085929895 0.3054029758 0.2941655461 -0.4642109819 -0.0539228395 0.277534326
8.430017109 3.791629416 -0.2854199648 -2.933386949 -1.383686979 3.337180063 0.9428942731 -1.09500483 -0.08273734265 -1.332708044 -0.9502698793 0.9370011424 -0.1732976992 -0.9699775415 0.2101180328
10.85989862 -4.32285812 -2.015621646 3.215203172 -1.767793437 -2.392202046 -0.3441955032 -1.398145669 -0.5015390954 0.6799282046 0.1589735966 -1.614321102 -0.3584663719 -0.2439464467 -0.5126820642
9.10745219 -0.395652115 -2.284293422 -1.232849659 -2.177885563 -0.2029349691 0.09159425403 -0.9367821806 -0.8699045883 -0.8308780428 -0.633504916 -0.5820184842 -0.6383921908 -0.2440193068 0.1833793214
6.134274682 -8.30744629 1.96605224 3.320384867 -1.65804977 0.5829656642 0.05141890618 -0.7867331395 0.07205857394 -0.9624155111 0.353442267 1.160380491 -1.440833634 0.1589971645 -0.1081854504
6.525156281 2.529164181 1.120306629 1.736144634 0.6493360973 0.4133977737 0.3804959091 0.3245655966 0.179977124 0.04972269888 -0.0462212113 -0.2240363718 -0.2039420113 -0.1993079291 0.007996320495
9.190868994 -1.975594255 -0.6443476858 1.598406704 -0.9260332478 0.2105435691 0.003262010039 -0.6867005537 0.2392496513 -0.03387468578 -0.1577245547 0.1399482233 -0.08570773053 0.09278689568 0.3951579482
6.095302018 -1.273113864 -1.248004455 1.026474553 -0.9165978753 -0.4321419891 -0.1338300581 -0.3740024514 -0.04754779537 -0.09871703324 -0.3537690005 -0.1001300634 -0.2802221566 -0.1139882586 0.1614227273
9.503936701 -4.149281619 1.577314986 2.976107823 -1.704241186 -0.0337767233 -0.3265513103 -0.9231411802 -0.0996068532 -1.420983764 0.1464009141 0.4987481627 -0.9491179565 -0.5795782911 0.1732158946
8.209365653 1.896662554 -0.7578905986 -0.3778909442 -0.7549976281 0.5097694747 0.9854703295 0.8353969364 0.6247224449 -0.03704407632 -0.665022961 -0.7295181192 -0.4987456921 -0.2876360365 0.1110690247
11.70192977 -3.547570117 -3.680903918 1.398812211 -1.774064099 -1.25468353 0.7732247916 -0.5606640493 -0.7095760061 -0.2589277309 0.3726565354 -1.16421737 -0.3077123371 -0.7434840084 -0.5473800328
9.549971965 -1.012563615 -2.726575188 0.2153596338 -0.6707680586 -0.6894247138 0.2437541421 -0.1051408991 -0.7334072382 -0.3574106732 -0.06379097609 -0.6601102143 -0.589063706 -0.581085128 -0.588709209
6.194138688 -4.072238018 1.500321947 2.954887888 -1.265615413 -0.2385100893 0.3197138583 -0.4549380267 -0.5151693894 -0.5587336209 0.2993178129 0.3140853339 -1.006946278 -0.4600117192 0.001823928173
8.023111237 0.6400058382 0.07772074266 1.563612372 -0.4523419394 -0.2552112622 0.05078335076 -0.2553447744 -0.06096331937 -0.003354803942 -0.19282686 -0.3007663398 -0.3463915135 -0.2199440194 0.06251091416
7.862862312 -3.002560373 -1.511206927 0.8230149902 -1.801589094 -0.8579836295 -0.8056267236 -1.266614251 -0.3545082928 -0.4752900081 -0.6985197892 -0.3677852349 -0.4301555575 0.05706435331 0.4351247467
6.949843746 -0.5748638097 -0.7544081861 0.992719609 -1.001346921 -0.9492053623 -0.8135020061 -1.092347265 -0.7428514398 -0.5770030955 -0.6400965849 -0.3271337179 -0.163442004 0.07011054842 0.3842940116
7.810242058 -4.748162266 -1.062559544 2.057931535 -1.552070515 -0.7886308273 -0.3914566244 -0.8933204338 -0.3559625888 -0.5126569827 -0.237347792 -0.05944708099 -0.5644640273 0.2052306197 0.4289841537
7.779678204 2.372294618 -0.9334761761 -2.45479857 -1.29115892 2.351101641 0.9617803166 -0.6807035339 -0.4325544544 -1.311810068 -0.849481696 0.6270531081 -0.1716582887 -0.7245876786 0.08371047413
8.805286948 -2.94181508 -2.179900301 1.882073804 -0.9881393605 -2.236722735 -0.6361436579 -0.5736854752 -0.5321208077 0.7029028468 0.2279543071 -1.456935309 -0.9222264795 -0.2684551391 -0.6840938779
7.593450079 0.1205054327 -1.366796437 -0.7674544067 -2.611504902 -1.572583031 -0.5319079984 -0.4392129229 -0.2594784215 -0.204690828 -0.3179987612 -0.4553719268 -0.3884124259 0.02905948843 0.3372346902
3.778157539 -7.650572278 1.193934526 2.987811091 -1.463265138 0.03547908082 -0.0991854353 -0.7248093265 -0.2564188781 -0.6779083053 0.5345883142 0.7547111251 -1.199523305 -0.09708904696 0.2792523213
