5.579326626 1.807842325 0.8988764191 1.031932229 0.2756497807 0.09295312491 -0.4299854586 -0.6507245507 -0.6769579183 -0.5929185486 -0.6377130592 -0.3346848515 -0.5287240313 -0.6909662857 -0.5016826187
1.772871116 -9.486266134 4.13044829 2.747453317 -3.693588317 -0.2454673019 -1.000641043 -1.046722833 1.37635035 -1.017313381 -1.189131036 0.7899881577 -0.8849227826 -0.6035666049 0.4758666497
11.70206537 -2.32791236 -0.502484322 -1.43817997 -2.105308932 -0.3898914325 -0.7445582349 -0.1370298107 0.4127316891 -0.9350889837 -1.747295416 0.7714327558 0.800995488 0.07883793225 0.4444642638
-1.4090506 -6.729660181 3.447194801 -1.602896161 -2.15898369 -2.513134751 -0.1846922986 0.891490672 1.21147413 -0.9653630132 -1.729590344 -0.1593365025 -0.3753594609 -0.5152450984 -0.2016458094
2.916896249 -1.092819091 1.394392184 0.4394726165 -0.8353768508 -0.1198883948 0.4565721335 -1.248570037 -0.8524246154 -0.8514565225 -0.869001666 0.1183106097 0.3731971719 0.005274545276 -0.4211452652
0.4530647609 -6.581910839 2.87434237 0.1733983683 -1.240683065 -1.06305378 -0.9429170887 0.7861539917 0.4133414314 -1.582484134 -2.041553902 0.01821925662 0.3069654844 -0.3552803564 -0.4777452466
7.304997664 -0.0339932151 -1.572965217 -1.779737247 -2.314153203 -1.482595106 -0.9870014956 0.3049062273 0.6113953175 -1.124406549 -1.494112777 0.4578022518 0.4106185163 0.2300592959 0.5461566397
-4.647989254 -6.611579075 4.223342578 0.4992880475 -0.7718752313 -2.039407316 -1.346125883 -0.230879183 0.6562022346 -0.6539267895 -0.5442878891 0.6231848623 -0.02744765283 -0.6230587301 -0.7742804114
4.864064534 0.2718146654 -0.9028014082 -0.02222508002 -0.2685582462 -0.1280643735 -0.809239956 -0.8179297766 -0.7837298062 -0.2142790794 -0.4008031815 -0.1130201128 -0.3720706763 -0.5831724988 -0.3780767915
3.169286628 -7.896356818 3.162696239 2.056303214 -4.224645768 -0.7376399236 -0.6529178214 -0.845599589 0.9313925862 -1.342719078 -1.154193618 1.435002736 -0.2211292178 -0.8829807501 -0.006407961327
10.84291329 -1.309060377 -1.821622659 -1.784633466 -1.051322666 -1.117144801 -1.881494351 0.4489072281 0.9838414243 -1.548668822 -1.939608486 1.574263612 0.1179250683 -0.1862883042 1.377754305
-2.072982315 -7.697435067 1.884935127 -1.715486478 -1.221972643 -1.706712391 -0.3471748539 0.1740747911 0.8342803768 -0.5946976219 -1.236575264 0.2617040504 -0.09027746579 -0.5174173226 -0.1801541508
4.819349657 -1.137992088 -1.142004544 1.403238751 -0.8389349931 -2.990891347 -2.034927519 0.4329115427 -0.06915478542 -1.323112665 -0.7775245455 1.414984549 1.007072829 -0.6401782394 -0.6093585504
4.458027996 -3.78901691 1.378711963 0.1800783222 -2.19421811 -0.9648350646 -0.9050058435 0.118097763 0.4129681605 -0.8819826164 -1.118290536 0.9703804743 0.5836573133 -0.8713527836 -0.2599956541
7.809500737 -0.5830086297 -1.144118881 -0.3673151621 -0.8434782091 -0.82013929 -0.9361731151 -1.02460162 -1.400466692 -1.791033849 -0.42388589 1.109834725 0.6706263648 -0.1204402762 -0.2677772961
-5.229133104 -5.760946095 3.318178538 -0.7105665143 -2.475633655 -2.192699865 -0.749427455 0.8261389981 0.8083407209 -1.128810487 -1.966880505 0.1485084491 0.4288506564 0.7479916602 -0.2720919363
6.037032801 0.7007689397 0.7006742825 2.41750196 0.5364693223 -1.425391805 -2.012663783 -1.814764827 -1.770413213 -0.758341663 -0.8543058427 -1.272646006 -1.01124935 0.0129199934 0.5698386369
0.2838198743 -7.143697436 4.188323684 2.664145749 -4.019561794 -0.9055010323 -0.5202439831 -0.6609613283 1.085205002 -1.006680444 -1.22118914 1.050455969 -0.3177809532 -0.8334266583 0.02494053081
9.639016815 -0.6801631911 -0.8900213801 -1.318328301 -2.693893722 -1.597950766 -0.7215820913 0.5726762272 0.4865900459 -0.9890662371 -1.575774926 0.5315287448 0.3772504404 0.3605682102 0.6547018428
-1.585456336 -5.731844461 2.845562205 -2.145796302 -3.188609317 -3.08787054 -1.24270083 0.5849418535 1.352194816 -0.1297495168 -1.393432005 0.8292051583 0.36891509 0.2705496771 -0.3158993786
2.573142829 -2.157274744 -0.676982076 1.410419585 -0.1539641552 -1.613700449 -0.9259717887 0.08294014927 0.04196896321 -0.843322739 -0.7829356957 0.006270810929 -0.09280910686 -0.6697243195 -0.4640245874
-0.8372101779 -6.702245756 4.321959779 0.329059745 -1.281858708 -2.182586729 -1.576647268 0.4537581623 0.2440890627 -0.786656192 -0.9278322762 0.8064581219 0.08832336363 -0.7704205164 -0.7079090228
5.504136363 -0.119072368 -1.930966261 -1.226440523 -2.193746183 -2.258199698 -1.06635269 0.3225397448 0.2254417793 -0.2489239453 -0.1420147512 0.8623683918 0.2167240293 -0.704177699 -0.5114166837
-3.082514927 -6.111258866 3.070123487 -0.2709773229 -1.436768613 -2.83233318 -1.981183214 -0.7728815108 0.8437077531 0.3138307699 0.2652791315 1.105070021 -9.830350349e-05 -1.011082749 -0.6622756136
3.929624636 0.3659980094 -0.5748353181 -0.6016558114 -0.7263962516 -0.6794749171 -1.045827998 -0.7879252191 -0.6668580865 -0.2745480557 -0.3576429675 0.1758687495 -0.005953045199 -0.332376531 -0.175438913
0.8521597159 -4.92007767 2.642242743 0.806358193 -3.629742157 1.473246612 0.4546755575 -1.820723703 -1.782223092 -0.6369190327 0.2485259084 0.2225615801 0.1541605558 -0.6141253448 -0.6956810656
9.243209427 -0.3738806429 -1.691838534 -1.644277705 -1.963083707 -1.302403333 -1.385650222 0.5128793114 1.258399646 -1.406204052 -1.719498859 1.160566694 0.3087125337 -0.1758087753 0.9499795458
-1.832451116 -6.673711958 1.825751341 -1.716463048 -2.250066111 -3.283445601 -1.487366829 -0.2700494607 1.276581967 0.1818333334 -0.1607693931 0.6488295103 -0.06450340274 -0.9879567001 -0.2662506897
4.074425591 -2.371984682 -1.495325094 2.045884609 -0.0559568381 -2.581313082 -1.414948372 1.214748393 0.2511912043 -1.618745348 -1.10534665 1.341720333 0.6782649729 -1.398470839 -1.095037589
2.548972461 -5.626040707 2.651532358 -2.510165438 -2.515855218 -2.490516308 -1.099864363 0.3100548375 0.6508034893 -0.182342745 -1.130674164 1.43202312 0.6843731573 -0.5109125805 -0.8640498211
5.57458276 0.8374292442 -1.046671565 0.02794150937 -0.8383742244 -1.844746395 -2.218600863 -1.605450435 -1.199953386 -0.8128429532 -0.3266282195 0.3410170971 0.3677922548 0.3185511743 0.3825402783
-4.82287958 -5.366855002 3.833644819 -0.4301515225 -2.969365877 -3.551085154 -2.280022395 0.07714585753 1.200033265 -0.1100564074 -0.4010826519 0.9994433415 0.6490222287 -0.208564258 -0.909930293
