5.602599031 1.635237969 1.519616785 2.191768219 1.429161876 0.5963015379 -0.6824623154 -0.1555759943 -0.3076839631 -0.6550348219 -0.6200601571 -0.4362510815 -1.078275156 -1.183637308 -0.4724091623
4.210753855 -0.169440606 -0.9377240701 -0.04928165858 -0.3160634957 0.1674123858 -0.2215839147 -0.6869665858 -0.7659753164 -0.2977254245 -0.4188198773 -0.01806064461 -0.236186409 -0.6859053779 -0.5837002625
8.973337762 1.509466401 -2.63256735 -3.211090954 0.965894673 1.128237944 -1.261058462 -0.1090877962 0.09038361395 0.2578080591 -0.285521363 0.3508192147 -0.6066934104 -0.4014856552 0.3339996873
-0.1303816495 -3.760602288 4.304728004 2.894796272 0.03079406555 0.4803875377 -0.6385310972 -0.716768759 -0.36896708 -0.4120314941 -0.6670241328 0.3453779365 -0.8233726685 -0.8775936101 -0.6692976445
5.730581438 0.2025212553 0.7068912071 3.829023011 3.132634965 -0.7533088304 -2.485700654 -0.2530301689 0.241387488 -1.087791364 -2.033330768 -1.055911222 -0.3439271641 -0.5591097809 -0.692996039
-2.717554257 0.9072605034 0.8126385431 -1.094006581 -0.9369547361 0.491530385 -0.7813240772 -1.035715041 -0.6794537313 -0.01599056986 -0.1573079573 -0.3084937161 -0.4791216043 -0.0203554649 -0.330300875
8.712668113 0.6795576129 -1.060807868 -0.2768784099 1.041196331 0.7938814129 -1.792536001 0.06999638261 0.4258181715 -1.98493476 -2.717188324 -0.5546163722 -0.1166635593 0.4826526158 0.1540450413
-3.368950936 -4.440260635 3.292350285 2.503455997 0.1862622177 0.1195225022 -1.168439546 -1.11645653 -0.7475691904 -0.04913602695 -0.3919052238 0.5462498769 -1.00876392 -0.902209881 -0.4311698152
7.430380496 0.1617099215 -0.09801771421 2.481258774 2.667999235 1.045396218 -1.32645408 -0.3490003765 -0.5123917017 -2.189655886 -2.469739988 -0.04776094149 0.7987252626 -0.2937683021 -1.372418997
1.607781593 -1.544061089 2.28724278 0.5966905134 -1.32814453 0.9189975366 -0.4191070181 -1.015031282 -0.2118875354 -0.1671620705 -0.6757712737 0.632523672 -0.216671981 -0.7593811155 -0.2392615764
5.749001123 1.378867036 -2.422820007 -2.612271909 -1.412547472 0.4252762447 1.149545472 0.8979878727 0.4209664001 -0.3269525218 -1.474056477 -0.4605316466 -0.4472944133 -0.2420473537 0.3771964689
-2.414130784 -6.279937087 4.758758552 0.8893431519 -1.245692089 -1.738019013 -0.9090899034 -0.2552519682 -0.2924738486 -1.127331522 -1.127038048 0.2634380129 -0.1974798806 -0.6180863871 -0.7265921114
5.018034272 -3.177408115 3.428548218 3.655050093 1.277047131 0.3886420129 -2.477259128 -1.401420991 -0.1341291179 -0.1484926151 -0.8482811083 -0.1866736771 -0.8157153463 -0.7856206289 -0.1955674985
-3.515641318 -1.052279179 -0.01521292099 -0.4238833963 -2.274778783 -0.009636598614 0.0003144440564 -1.38274613 -1.278027485 -0.3175293666 -0.1125466187 0.3251141947 -0.2777724405 -0.1924620406 -0.5050725035
7.000306729 0.4404157681 -1.417991503 -0.4937420609 -1.028880615 -1.182966371 -1.319565237 -0.9371218034 -0.595538598 0.1123729781 0.1277116589 -0.2194750008 -0.6270654493 -0.438412886 -0.2760523417
-5.931126819 -6.454898587 1.576544842 1.902384207 -0.6875169402 0.3112878255 -1.108857522 -1.343957072 -1.051060114 -0.1622408715 -0.1670659772 0.7904592563 -0.6984189462 -1.172942347 -0.5403601909
4.740779234 0.9509081063 0.665216997 0.8340142559 0.09081342719 -0.4502667856 -1.079902872 -0.535863845 -0.25987606 -0.03193214584 -0.4513425745 -0.1295428191 -0.2607756722 -0.4155021184 -0.3259628149
2.54473207 0.6675357513 -0.9041933232 -1.084705353 -1.543241649 -0.9997156372 -1.114472458 -0.8484675732 -0.3087440972 0.4233376159 0.1981654087 0.1161597812 -0.1246196291 -0.06227790604 -0.4114895845
10.1416688 -1.386422382 -4.081640375 -2.352341113 -0.4094146209 0.1498533727 -0.7330257117 0.3644589171 1.146458802 -0.4833144235 -1.233932877 0.4476083168 -0.7540459032 -0.7154164842 0.8553583754
1.053290179 -6.085728124 1.773839687 0.4344992825 -2.190674542 -0.2770679068 -1.124993819 -0.4001708156 -0.07104505291 -0.5700872997 -0.1437338765 0.4990187984 -0.6814169334 -1.486695739 -0.5908922764
6.637925635 -1.043986949 0.3671229339 3.225014 2.839509625 -0.2119707445 -3.278999518 -1.835408873 -0.9146591434 -0.712434051 -0.4931938429 -0.2591442564 -1.159317056 -1.380632359 0.3251217786
-1.769283671 -2.215737573 2.186117712 -0.9336341042 -1.195267289 -0.1457528625 -0.4092034794 -0.6687899489 -0.02139277118 -0.3795234423 -0.6187542819 0.1073278321 -0.2244601492 -0.4554771829 -0.415677679
8.418248144 -1.02511624 0.04059057371 -0.7672106728 0.04042387294 0.5241229546 -2.430269234 -0.4607030908 0.7962749368 -2.326782609 -1.922882248 0.1703874893 0.006476111275 -0.2176745273 0.06293181754
-5.490723118 -5.658175936 3.641594338 2.102432153 -1.647321704 -0.667253662 -1.106240216 -0.641513844 -0.5411617777 -0.6488345506 -0.9832934344 0.3474518078 -0.5792696043 -0.8973205462 -0.5230856054
5.139228992 1.723151944 -0.1251157575 0.7685857799 1.518469911 1.31768842 0.09251195661 -0.3446888098 -1.703507333 -2.195611961 -2.008824413 -0.1838821175 0.4955748233 -0.0232561235 -1.229832945
2.663316746 -2.97466147 -0.4374268627 1.391887303 0.7132177903 -1.350373842 -1.704037188 -0.4042737309 -0.767943635 0.6455907002 -0.4235020954 -0.3962137739 0.1074505098 -0.527825216 0.03163624794
6.107880094 -0.3266819842 -3.366252696 -3.571617973 -2.108071944 -0.5066943043 0.7288781669 0.7505650405 0.9798215636 -0.5729183177 -1.324200432 0.001768376648 -0.5427283564 0.1705216312 0.6709363287
-2.797223193 -6.868213065 3.922718541 0.6321642982 -1.031489961 -0.7441452366 -0.7498085913 -1.11679888 -0.4272199209 -0.7874164598 0.05662964435 0.2668499033 -0.9505768507 -1.409672642 -0.5393046356
5.640890719 -2.025144182 1.547700343 3.204310007 1.938924815 0.5782728096 -1.728922213 -0.6866614012 0.04513433327 -2.372505226 -2.399717518 0.6267700864 0.5498311283 -0.8190503895 -0.9260205166
-6.756856808 -0.9830202195 1.158248876 0.5688862811 -1.759469781 -1.669058152 -1.293597863 -0.8402464537 -0.8586308938 -0.6199919234 -0.1409902732 1.007964201 0.7202901984 0.1090308567 -0.9371468345
6.262634898 0.5077666 -1.336880927 -0.8970421968 -1.632118925 -2.243835761 -3.200668345 -2.475113208 -0.964692846 0.259681112 0.3379837823 0.4240917481 0.05947744163 -0.1635537394 -0.2491994462
-4.743897546 -7.0146402 1.811496597 1.257982787 -0.549699619 -0.5873348659 -1.553328759 -1.300946906 -0.1905219508 -0.004193411934 -0.6356688959 0.5809794458 -0.6667741167 -0.824498784 -0.9291576508
