7.379447321 -0.4397336479 0.6743072055 2.462789129 -0.1979414081 0.1004106085 0.6133671951 0.4219142581 0.4163869652 0.1878400741 0.0651713091 0.1692820032 -0.1214888064 -0.1244605078 -0.2412489878
12.84404819 -0.8186845881 -2.022684949 1.229767041 -1.266031468 -1.131873536 0.7227740491 0.2422680188 -0.7043148916 -0.418732903 0.3925391249 -0.3170336335 0.05062433737 0.5211115426 0.4725145945
3.418091467 -0.1501267059 -0.04041482423 1.968015006 0.1469938881 0.2292651528 0.4643616073 0.1907137415 0.1250001567 0.09478092752 -0.09651178264 -0.008760706936 -0.2120970447 -0.2944517565 -0.327728024
6.572443377 2.240644004 1.982897676 2.461261387 -0.001847290191 -0.6645107859 0.2047554735 0.4836697823 -0.01865953843 0.0122938404 0.06932611887 -0.2817092354 -0.6607178214 -0.547583506 -0.4421440907
4.998685902 -1.195241239 0.06137834259 2.198889873 -0.4199264595 0.0227288199 0.4026111184 0.171270952 0.2334674217 -0.1536167237 -0.321707017 0.05850043875 -0.2135283854 -0.2663179706 -0.2288236574
9.680145674 -3.697425778 1.975522645 5.624201346 -1.053155334 -1.909362313 0.0994689166 -0.7298324767 -1.101879147 -0.1072550706 0.1375156842 -0.634678221 -0.5077239819 0.08574917451 0.1561756656
0.5821109559 0.6487718144 -0.2141103395 1.531853661 0.3990362584 -0.1177076661 0.1499822252 0.2742795275 -0.1856240305 -0.1486712615 0.008046625028 -0.01565699179 -0.2739986357 -0.2879397027 -0.1773069984
9.183226056 1.714170223 -0.08819574707 1.141035967 -0.2118950713 -0.1279687899 0.4903260014 -0.08428395118 -0.7427032826 -0.3801623695 -0.3633091382 -0.6957694656 0.02351061686 0.7725931232 0.3349066563
6.540740169 -1.892249268 -0.9751096404 1.09559602 -1.392900173 -0.2561433233 0.7989758041 0.3292163383 0.06609056613 -0.2276626232 -0.3625883974 0.1389220828 0.09667773234 -0.05520498595 -0.2309702504
11.90736041 -3.540457034 1.455085359 2.307737107 -2.873427932 -0.4539076967 0.2480341796 -0.759544517 0.08758358827 -0.4609453826 0.1612810411 -0.2961456807 -0.5458359788 -0.2393950663 0.425570695
1.384920141 -0.2021159147 -0.4164161955 1.793842334 0.1576009027 -0.2519169372 0.2545529794 0.330784993 0.03373576887 0.003771840911 -0.1169674554 -0.072455933 -0.2641934673 -0.3605757367 -0.2952105879
8.575489764 -1.270455042 2.53914327 3.81149804 -1.509350748 -0.9042795983 0.3541772272 -0.3239888822 -0.07261319209 0.241407806 0.02997170569 -0.1296058311 -0.172734215 -0.05879519732 -0.1058581756
3.477113835 -1.281582596 -0.5481381539 2.098722897 -0.08559477348 -0.3560445377 0.09301331133 0.2142377432 0.03983252017 -0.2962787655 -0.2710094426 0.01678435156 -0.3390350691 -0.4302749582 -0.2189652281
8.819657743 -1.986533757 0.2367375127 2.943860758 -1.071277904 -1.294616716 0.6874141347 -0.7457023117 -2.187515243 -0.4731257534 0.5758153231 -0.3906424116 -0.4242982645 0.6790691794 0.5523221804
0.1753262483 0.1786407524 -0.5382471537 1.227115103 -0.004816503721 -0.4247778432 0.109444848 0.4608635856 0.008414884999 -0.2033510903 -0.152080681 -0.1125003459 -0.3329687315 -0.4092999036 -0.3158097107
12.18810456 -1.369011122 0.2494086384 2.264292265 -3.263909344 -2.296988457 1.316949666 0.4174742125 -0.7290819598 -0.04825242568 0.287682229 -0.9416866515 -0.150033677 0.5609120015 0.5302075998
6.411548598 -0.9889487129 0.8027348763 2.616503391 -0.5654495481 -0.1291328074 0.1935531908 -0.05941204566 0.1191493288 -0.2166614122 -0.2713043339 0.04017707276 -0.4302329245 -0.4286739921 -0.3035149661
13.02407661 -3.770786738 -2.497145805 1.806401938 -2.190548086 -1.224091898 1.372451709 0.5139864473 -0.2706094892 -0.3391329432 0.3146945955 -0.414897151 -0.1126860438 0.1133052957 0.2161467443
2.602537421 -0.3644311223 -0.627877796 1.493599306 -0.1957090147 -0.3482873925 0.1635117892 0.08397598529 -0.1581655831 -0.1006262726 -0.187396313 -0.1211657065 -0.2406797798 -0.2821342228 -0.2417638465
8.645645401 0.9882710327 1.943413645 2.963089476 -0.7524030582 -0.719917881 0.3866644513 0.202014084 -0.08080616127 0.0246769373 0.03772660902 -0.3193342145 -0.6582864647 -0.4663575368 -0.3227747324
4.368262195 -1.976246616 -0.2325626015 1.935314409 -0.8465987035 -0.2079766827 0.2407195069 -0.05089808517 0.125094704 -0.1796828712 -0.3889464827 -0.1126381455 -0.4121939975 -0.4101674982 -0.2508669021
10.4038486 -5.401719155 2.234403887 6.196732768 -0.9793324929 -1.442882011 -0.05871956871 -1.108333223 -1.103963647 -0.45121415 0.313713871 -0.6279398187 -0.779117777 0.211985075 0.2178412986
-0.9378182102 0.7811345523 -0.2506336946 0.9723317501 0.1808207562 0.001160958957 0.1006547109 0.129886025 -0.1135570822 0.1062617817 0.05506832 -0.2440802847 -0.347104254 -0.1921935083 -0.2542181303
8.908024861 -0.6189420351 -1.679054257 0.0658770927 -1.471177349 -0.8538192183 0.685332387 0.5165654615 -0.3921753376 -0.4503864851 -0.232631157 -0.2217671678 -0.1131767987 0.2056161065 0.009144760546
5.158039614 -2.336194141 -1.127280083 1.113400205 -1.571155527 -0.1955520093 1.021694979 0.3417244711 -0.09791343713 -0.3562472837 -0.5140464359 0.01293408152 0.08413365716 -0.03530847322 -0.1872179184
7.892762623 -5.455467309 0.6947454001 1.746660353 -1.950622443 0.6918266491 0.2392369505 -0.7049095366 0.4150578869 -0.2979059973 -0.3404795701 0.1727957164 -0.6359497064 -0.4185270716 -0.07388239676
1.321289741 -0.7100050726 -0.8761257329 1.343209866 -0.3088970618 -0.7058021026 -0.06445569141 0.1324411565 -0.1977972784 -0.2038383169 -0.1886208809 -0.1263773125 -0.3170336193 -0.3612813912 -0.2698335097
6.240124345 -0.5877748896 2.584055689 4.249438263 -0.639294294 -1.749641221 0.1419588436 0.2390484121 -0.3822605564 0.1541525067 0.1549396074 -0.341345569 -0.1998189058 0.1503445892 -0.1552103268
3.465257167 -1.820916183 -1.202129908 1.528154057 -0.7000810715 -0.7161275276 0.09512935383 0.1044829526 -0.2328708884 -0.3549688624 -0.1518031423 0.1869335316 -0.2399250895 -0.4280155044 -0.2814814217
6.759118326 -2.722440047 1.187778593 4.799094105 0.09240941931 -1.717589346 -0.2127928973 -0.876368498 -1.768918739 -0.1711491299 0.4671764742 -0.6504947222 -0.7463263482 0.3088558903 0.31771848
-0.3930834788 -0.403580802 -0.9318570883 1.042687863 -0.1415823335 -0.6504710779 -0.1906254569 0.1696020272 -0.1542540637 -0.1959610215 -0.2426819785 -0.1546248981 -0.3271279171 -0.3593672461 -0.2616403616
8.771308784 -0.1566239646 0.395568022 1.556160041 -2.491036904 -2.316336771 0.7974286078 0.5641119476 -0.9838217546 -0.1630027011 0.1875068878 -0.8701824814 -0.5551424533 0.7677361843 0.6181904998
