10.74745509 -2.602833719 -1.092949471 2.559058124 0.00730881996 -1.833499991 0.2286156873 1.627614741 -1.637004119 -3.289462127 -1.881737734 -0.5213508921 0.07963380666 0.7578712801 0.2317453214
8.149524699 -3.60729134 0.6897248514 5.818231192 2.390842265 -2.965855401 -2.428364312 -0.8122011059 -2.388043264 -0.915524968 -0.2614186173 -1.460399701 -0.8875547748 0.5487681796 0.461699253
5.370178699 0.9417697499 -0.8374880801 0.02152329696 -1.77480439 -0.9030742236 0.374800711 0.7893394004 0.2460813202 -0.9192005511 -0.5541799434 -0.1933461743 0.3656907465 -0.05332264516 -0.0335642979
0.77261655 -7.520410149 3.693113952 2.009114582 -0.4168857654 -0.4533515494 -2.670069819 0.2403473019 0.61777744 -1.059412887 -0.4101110975 -0.8105916687 0.005910610795 -0.3671560024 -0.7749668291
7.508967104 -1.019939251 -0.8826944463 0.8723703027 -0.3165759902 -1.539470174 -0.4350807236 1.21914006 -1.00089613 -3.034709052 -1.907349374 -0.4555990408 0.1714089113 0.893545707 0.6424864525
1.682815778 -3.347623056 1.331303241 0.02444951136 -1.623165281 -0.9838150268 -0.9911134515 0.07840000341 0.01691533433 -0.8819124168 -0.1954478168 0.2796809396 0.0173764789 -0.01511498609 -0.005282982089
7.088315458 1.248029444 -1.214921967 0.1933356566 0.984223587 1.863286696 -0.4161125695 -2.03186532 -2.225989065 -0.8901820198 0.08503374776 1.328785471 0.7900708235 -0.8798457135 -1.321958362
-2.891577617 -8.227171014 3.944303219 1.449027788 -0.3302389651 -1.327168735 -2.252005425 -0.7692312266 0.1784677018 -1.089413942 -0.2653338919 -0.3426459187 0.02661279264 -0.3286372267 -0.3829272885
12.92015701 -4.160575138 -3.206853965 0.08339596633 -1.263757893 -2.276387653 0.3831108666 1.511369851 -0.6054481748 -1.072890745 -0.186580419 0.3778379625 0.1714551055 0.5449487091 0.1453151802
4.778461834 -4.029430265 2.811853538 4.419980558 1.372626354 -1.885786077 -2.531730437 -1.348780925 -0.713016121 -0.5108547833 -1.372641921 -1.207027454 -0.9206502931 0.1298713807 0.4419291814
5.120493699 1.369350474 -0.2642526682 -0.5081567428 -1.212678504 -1.63629719 -2.391524322 -2.108383444 -1.355658386 -0.237296862 -0.04965844137 0.2803911744 0.2045237673 0.2487180033 0.4666206632
-0.6213415108 -7.986358795 1.72316431 -1.560484575 -1.96377915 -2.090459016 -1.258004957 0.5214195028 1.21489854 -0.5704829929 0.1683871875 0.2087780256 -0.0008497272638 -0.9250901762 -1.477530126
7.813986575 -3.123672957 0.1979217434 4.001722482 0.4421530364 -1.290304913 0.3375145629 0.8698856059 -1.975217984 -3.511020368 -2.62941507 -1.15450599 0.8163995152 1.133771693 -1.010012974
-0.3110369356 -2.673033039 1.906577729 1.302318232 0.5410505444 -0.5730540596 -0.4986915236 -0.945687803 -1.331158185 -2.399519076 -2.532985309 -0.9861646458 0.3267057303 0.6112442163 0.04632349592
4.578413872 -1.274800346 -3.106590738 -1.352483184 0.3832959675 1.486648556 0.1571673672 -1.292737348 -1.960314712 -1.216676913 -0.07313146592 1.179545186 0.6753218393 -0.6616143469 -1.07092227
-3.0068715 -7.023858105 5.350155179 0.2473041036 -1.151563663 -1.593322881 -0.6098038036 0.6090495506 -0.2038001637 -1.105515067 -0.169017228 -0.2178961124 -0.1231234663 -0.6400686221 -0.6416721877
8.864758597 -3.565846852 -0.09374893072 0.09081920358 -0.6718976061 -1.558347999 -1.153953511 1.118131303 -1.068343308 -2.714543834 -0.5785217436 0.2788980167 0.2576449845 0.8392146401 0.05328411065
6.286814435 -2.578113188 0.6861492151 5.89831563 2.330857971 -3.03581683 -2.412141345 -0.7305236051 -1.462684964 -0.7302139523 -0.8508992633 -1.720084238 -1.260204972 0.2617730942 0.8251879422
4.181323948 2.234905675 1.042656727 1.069380082 0.4647132441 0.02440422164 -0.5732121913 -0.6397831648 -0.763800264 -0.6820781168 -0.8285649701 -0.7501758489 -0.8675863757 -0.8331995752 -0.6188640328
-1.398369995 -7.045452778 4.827792169 1.564563642 -0.4348362538 -2.153152984 -2.427633807 -0.388950609 0.10790644 -1.13834468 -1.155780985 -0.5741237527 -0.2811098541 0.001955603486 -0.3567412534
5.626181304 -0.9990526966 0.8480721318 1.913464649 -0.2356227102 -0.7170439767 0.09473669274 0.5710690356 -0.9595543404 -3.079657041 -2.781961626 -0.7842358015 0.2497038776 0.6066058119 0.1035232233
0.9496019202 -4.992196527 4.440539572 0.448009115 -1.420111792 -1.248560128 -1.606178082 -0.2459259091 -0.4598986407 -1.680391914 -0.5357111311 0.1086204658 0.3011253393 -0.02192644398 -0.2812261485
5.982726349 -0.4774783528 -0.9501387295 0.691366946 0.1441996828 0.06322632496 -1.339791252 -1.088344886 -0.5403694424 0.06959198214 -0.577115471 -0.4348985368 -0.7801715622 -0.3405363881 0.08394503597
-4.686663681 -8.106223932 4.638740837 1.867294352 0.006977115755 -1.713200338 -1.902236245 -0.5676461808 0.8026292882 -0.9206513747 -0.6767090514 -0.7629125517 -0.3592302955 -0.2109687908 -0.1434475309
9.840731029 -2.137774314 -3.295165471 -0.2940432599 -1.179305374 -1.933515318 -0.03920179241 1.361090546 -0.3958668559 -1.536908193 -0.1394173674 0.2296342462 0.1987001456 0.4913706932 -0.008836550599
3.608377811 -3.820947818 2.198485488 3.592435695 2.040653786 -1.255821384 -1.999768053 -2.172300134 -1.806639435 -1.139465984 -1.09139132 -0.8274658178 -0.5122954475 0.08612085795 0.1481481406
1.781905628 0.6421033809 1.325473789 -0.3179071364 -1.857249013 -1.075342862 -0.8996972963 -2.414896042 -1.969961955 -0.06100572664 0.05542222958 0.5833505413 0.4346061032 -0.324473026 -0.6103303443
-0.6323894772 -4.500043146 1.267315431 -1.638538753 -1.575888617 -1.861523201 -0.7431900062 -0.5664323993 0.6313565507 1.251574306 -0.1982537916 -1.25465187 -1.640434011 -0.3790634522 -0.05686620127
5.895695716 -2.886609056 0.5114887506 3.895972541 1.430122695 -0.9461635984 -0.8867536218 -0.2822121107 -1.671689675 -2.349784239 -1.590795871 -0.4492578481 0.4993978207 0.5184859026 -0.5906495841
-5.382197015 -1.930188054 1.937419184 -0.2848316488 -0.9739046594 -0.7325576886 -0.8693800082 -1.395062884 -1.036969856 -0.3171835725 0.1798629746 0.5511241101 -0.01185532662 -1.009989493 -0.5481620062
2.862508478 -0.5033438948 -3.588340213 -1.579722293 -0.1630694979 0.9176602651 -0.146585516 -1.628356381 -1.916784224 -1.057396522 0.3162465999 1.121770262 0.3904544842 -0.9036933025 -1.314145893
-4.34207195 -7.734316602 5.204369259 0.3367160589 -1.274151826 -2.193193011 -0.9167451213 0.520058453 0.6434467335 -1.534652743 -0.8111764128 -0.5923513435 -0.03430064612 -0.02316530226 -0.5217373916
