10.09628281 0.5673027385 0.6502201412 1.255072308 -0.9724127314 0.7123699235 0.2893424709 -0.416671273 0.3984487668 -0.5177843981 -0.4515957299 0.08581153489 -0.3261066086 -0.6518653687 0.327069194
7.174712788 2.064191999 0.7440203292 0.845017143 -0.1055489663 0.532301838 0.4031696063 0.1314626946 0.2406544185 -0.1992505441 -0.4672548857 -0.05939468341 -0.1058835191 -0.3832876714 -0.124441247
11.29350207 -0.6798955805 0.7338993548 1.589505434 -1.532542789 1.010795452 0.2053306183 -0.6161705355 1.059103509 -0.3598467564 -0.3074241343 0.258800169 0.01829210125 -0.5453499202 0.2909650127
8.600103165 -2.675881057 0.2779888137 1.168650956 -1.473829545 1.257926455 0.4104428038 -0.6762990437 0.8348592601 0.2186055456 0.2537938078 0.7963346183 -0.3813722978 -0.3784206318 0.2999525157
7.075791764 -0.7708732632 1.123759567 0.9655783397 -1.694359273 1.41885613 1.532348393 0.7388217278 1.27793183 -0.496978699 -1.291765032 -0.3739823751 -0.8076728325 -0.3873137973 0.5520630534
5.713022047 -0.5714644493 -0.2612671165 0.9627272738 -0.5464374193 1.155793988 0.8491094156 0.1646772119 1.065595621 0.6257189361 -0.01515142828 0.4621378829 -0.1635415368 -0.4269361631 0.1594702701
10.364317 -2.86385471 0.8341212217 4.173219122 -0.08223762211 0.02683478376 -0.5321399019 -1.043000871 0.01968741127 -0.5673988761 -0.0125331906 -0.1932394134 -0.9871471567 -0.5420671208 0.6598505657
7.481574566 -6.165115998 2.242202524 1.618700391 -2.560213581 1.699497288 -0.09105162351 -1.028527743 0.939705209 -0.5848003638 0.0421814164 0.9950506498 -0.8544610155 -0.4215148494 0.1134563048
8.666221586 0.1353995883 -0.6355608111 -0.1264125404 -1.280575781 -0.03897274479 -0.3061157587 -0.4651198546 0.3691684563 -0.1212250005 -0.2013984886 0.5575193735 0.2970917353 0.1427817572 0.3369388576
5.148186484 -0.6713267619 -0.2849250034 1.066623734 -0.626764875 0.7881995296 0.4378429678 -0.2596927978 0.5104517525 0.1768883535 -0.2127886045 0.4801413661 -0.1125252738 -0.4687257095 0.03600445202
10.90629315 -4.962001716 -1.390506538 1.70589472 -1.8337453 0.6328720894 -0.1151613805 -1.729946839 0.2047343248 0.4370330953 1.439706222 1.017292059 -0.3283162152 -0.5239282586 0.5336529835
7.161684212 -3.637962211 2.07942047 1.787430565 -2.031872757 1.184320005 0.4521436329 -0.3843244638 0.902306846 -0.3788431825 -0.1016091023 0.7274256371 -0.5075982318 -0.1197895494 0.3213707604
8.45160976 -1.064229152 0.04218907175 0.8893198868 -1.168011772 1.089478828 0.4539118835 -0.3938258346 0.6982223394 -0.1239955086 -0.41409346 0.4166065919 -0.3075208559 -0.4076868496 0.2513692144
4.702495762 -1.217257693 -0.6606472749 0.7682247995 -0.8672812263 0.7260836085 0.3905247706 -0.4008845253 0.4022821891 0.0620148225 -0.2908794567 0.4748595928 -0.07195090496 -0.3830369369 0.08320780572
8.017282734 -1.299129516 1.271351668 2.903591401 0.0157463428 0.6872930205 0.02594161469 -0.5800369941 0.3568093467 -0.296849063 -0.5065159841 -0.0456337609 -0.4226559757 -0.3079275182 0.3527352856
4.312604428 -5.521760902 0.6023000005 0.7660050205 -1.820336506 1.575249813 -0.06046483298 -1.006305876 0.7584003697 -0.4117842923 -0.2118400294 0.9667544008 -0.6402496107 -0.7687535637 -0.4614606768
8.560883997 1.457542396 0.8553038102 1.015442892 -0.5668726995 0.7238048892 0.4739464596 -0.09834018101 0.2554505474 -0.4521114718 -0.560598596 0.06373392944 -0.2326894314 -0.5605655131 0.002029212383
6.632702684 0.2807296323 0.4135361608 1.099007097 -0.5295271203 0.8344502134 0.330553586 -0.3766470543 0.2750637069 -0.2324794337 -0.5381266169 0.1898845107 -0.2924029284 -0.5492331436 -0.08154070645
11.48299931 -2.166216176 -0.07999148758 0.4375252479 -2.250376772 0.9278205449 -0.2824839956 -1.126178183 0.9767028495 -0.4925296786 0.1682919853 0.8421957449 0.376078345 -0.06701663707 0.5332707927
7.678644613 -4.046052352 0.1208448031 0.2754995401 -1.505617827 2.164946784 0.1011009688 -1.137980836 0.7734153346 -0.3289317095 0.09609985522 1.291326783 -0.4306363515 -0.4674718334 0.1693895345
6.714631021 -1.6735985 0.1926088529 0.4561849746 -1.952052203 1.025299065 1.268261646 0.5453796969 0.9366420334 -0.6469914063 -1.193432395 -0.12800447 -0.5720538408 -0.4131472809 0.2807475973
5.328234228 -0.7307874394 -0.6243276337 0.5178577947 -0.9784884158 0.7987431051 0.7864289647 0.2231842225 0.8508996213 0.2214846442 -0.4552410468 0.0371385176 -0.4850864143 -0.5970740758 0.0235537444
9.804657019 -3.632608821 0.5351892858 4.250730959 0.3946127772 -0.3445498116 -1.136588019 -1.244935515 -0.3487726776 -0.709625462 0.2047171024 0.02306686804 -1.335730197 -0.3395224317 1.050556893
6.240398705 -7.70637301 1.6112023 0.762103139 -1.905878795 2.901137374 -0.1404668482 -1.384579088 0.7187476518 -0.7199558651 0.2350855631 1.43275163 -0.288963237 -0.2955981535 -0.4538649612
7.276510769 0.3930118405 -0.8275029586 -0.4885801551 -1.690922126 0.1473807804 0.2125866619 -0.1340607788 0.4839651848 -0.0439104694 -0.5716189024 -0.07801533816 -0.5423775652 -0.6222767178 -0.1172741631
4.995338239 -0.8741515781 -0.3610091844 1.050653357 -0.6119538995 0.7968666383 0.3476600489 -0.4385561825 0.2954155297 -0.1124938162 -0.590674574 0.09125273758 -0.4540758554 -0.6698687745 -0.07138219732
7.77193763 -3.25530321 -2.250309212 0.8676401724 -0.5898588649 -0.4121123057 -0.435431308 -1.540292494 -0.9837837804 0.8694799692 1.524475106 0.6983406165 -0.3507896564 -0.4160802491 -0.02601521592
5.972003726 -6.063023813 3.353183932 2.135760519 -2.608401697 1.430837414 0.1206213796 -0.4724808413 1.148366378 -0.6280803715 -0.1125248976 0.7197802985 -1.030322734 -0.2001836125 0.3727826529
7.831023467 -1.784254322 -0.1655904865 0.817446547 -1.545116912 0.5788857124 0.1466158899 -0.3741908839 0.9010900921 -0.171719004 -0.7668773205 0.1803545975 -0.477506844 -0.5036566768 0.2102789
4.69593509 -1.137348494 -0.8690202875 0.3507374622 -1.254151438 0.3718157357 0.1641546446 -0.4013303798 0.4597755122 0.06652621523 -0.4594333687 0.1651735841 -0.432128856 -0.7110112008 -0.06235362128
7.948208939 -1.536426782 0.3142115432 3.338653593 1.044912895 -0.2165704885 -1.026159263 -1.311905314 -0.7052662967 -0.2639092951 0.1072192021 -0.3418530401 -1.273077887 -0.5125348348 0.6996602601
1.659749768 -8.590287176 1.993892296 1.554328624 -1.866224274 2.309507412 -0.8278018241 -1.670221571 0.5407818532 -0.7405007553 0.7270569423 1.588783993 -0.4694693721 -0.488009279 -0.9995715014
