7.423155586 3.15386016 2.473232082 3.17236604 1.278640714 -0.1945171402 -0.4360646479 0.1050663647 -0.4964393055 -1.21737821 -1.100795188 -0.7641080471 -0.2652189066 0.4379981961 0.08284724307
4.047497493 -1.945682107 1.03150852 4.327208814 0.3804187024 -0.7216492557 1.064823895 2.150492391 0.5824768712 -1.415395696 -0.1973479925 1.842745862 0.1475675678 -1.011026222 0.3275113257
9.371800194 -5.625873655 3.043173949 1.427464078 -0.4944959757 2.754826357 -1.027470541 -1.014886068 -0.1915736236 -1.388138855 0.1912015193 0.2732210296 -0.5139772181 -0.2383051554 -0.4109992428
3.894177316 1.390921291 -0.6193696922 0.5164197166 0.2822184869 0.7435524923 0.1547520358 -0.02863310268 0.1519965215 -0.138501135 -0.2442405786 0.1923827053 -0.04580433774 -0.2337602201 -0.1037228801
9.955605176 1.162227344 2.498324475 4.034306213 0.5692726574 -1.294278795 -0.8883443701 0.8119476107 -0.09165379926 -1.32874398 -0.7080937596 -0.9301566081 -0.4701178699 0.9665815076 0.02471575718
8.369521288 1.468132016 0.5964357668 1.88063574 0.180252399 -0.2806725935 0.502945211 0.8941556315 -0.4360922031 -1.305702149 -0.5700901936 0.0315292822 -0.2177046173 -0.116694872 -0.3587235095
13.54085149 -3.347952439 -2.005272873 1.940372288 -0.4371410075 -1.437118063 -0.8126673805 -0.1997317806 -0.5807370429 0.1963219847 1.284696482 0.1563477104 -0.6182040419 0.04717681857 -0.4111704192
5.548236686 0.7792291249 -2.091470676 0.8486331994 1.993060233 1.497955571 0.2895298008 0.5191717884 0.6763976828 -0.01337285268 -0.6041546378 -0.2763733099 -0.01524951968 0.07966952961 0.1026241194
4.490696552 4.147317982 2.342176704 2.372027785 1.271073349 0.5088654042 -0.1006648693 -0.04950618204 -0.1768039023 -0.314669232 -0.4572516695 -0.394082452 -0.1668639923 0.1384256419 0.06733319138
2.905530188 -2.697019971 0.5574440799 3.181587931 -0.4556440008 -0.9186534328 0.1347347229 1.230879967 0.4247138415 -2.034390889 -0.8360997542 1.984636555 0.1330401516 -1.272626653 0.5916643971
6.09044572 -3.809008721 2.583121733 2.472977696 0.6943659661 2.547385279 -0.3827006616 -1.01728748 -0.5503143905 -1.404665852 0.06625932904 0.4283218535 -0.5624179824 -0.03896694594 -0.02094285458
2.957385863 2.618756206 -0.4675846013 0.3039511083 0.8489992264 1.101730989 -0.07362798128 -0.9178477967 -1.207799689 -0.9214406474 -0.4520298604 0.03962386568 0.134807222 0.008259607877 -0.1054331296
9.311849153 5.209122966 2.347374108 1.124214297 0.06337994955 0.2075560083 -0.2500750088 -0.03083236538 -0.4876419337 -1.177504356 -0.9582990753 -0.4564873287 0.0740500761 0.4757796766 0.08426720215
8.544630649 -2.577279578 0.9112046427 0.6580654253 -0.9077043892 1.33517138 -0.4863630466 -0.9227538347 -0.06480350722 -0.8293184997 -0.07934381599 0.4750292317 -0.3044556515 -0.146061424 -0.3038581265
11.78716151 0.1572606493 -0.846862801 0.6333430242 -0.7141989573 -1.306934476 -0.8723558006 0.3278277917 -0.3735633788 -0.7993729714 0.6163668776 0.4276917603 -0.5660191967 0.04234118979 -0.157269782
4.638167886 1.805358999 -0.772707461 0.2181763923 -0.2275287942 -0.2471941393 -0.7635140144 -0.7207842261 -0.4885802844 -0.5121743212 -0.3971950622 0.02593651711 0.03909429747 -0.1048691505 -0.3227524571
7.32455898 2.978958637 0.1641822181 0.9159287192 0.3805931568 0.08804205335 -0.1434964796 0.1964906304 0.05806864373 -0.382422346 -0.2561167165 0.4325187697 0.4986294363 -0.1097643477 -0.7706018042
3.400738385 -2.933602527 0.5797126148 4.396439391 0.04929211293 -1.576320426 0.7234231873 2.087249599 0.1907605729 -1.542984596 -0.3962359763 1.22873526 0.2003179892 -0.7914557527 -0.2027185557
10.27833314 -5.570078118 2.380681104 0.1379310139 -1.610919504 1.768519652 -1.252494839 -0.7699908672 0.2637099673 -1.0288452 0.2675036653 0.4113033029 -0.2477997828 -0.05358089596 -0.4747939811
3.072276668 1.012738727 -1.418002232 -0.00412896727 0.1355312603 0.366409423 -0.2401972465 -0.3367505604 -0.1237236301 -0.04158437631 -0.1241924398 -0.04681386608 -0.1981272628 -0.1621560902 -0.1110472531
11.60516797 2.903759705 1.895176491 1.801593545 -1.193175973 -1.614462262 0.2764175125 1.586447611 -0.4225299462 -1.995230136 -0.8138155982 -0.3163182196 -0.7263047956 0.1583532333 0.3783608477
7.376301074 -0.8120674189 -0.2411240129 1.434263354 -0.1389324793 -0.1005150749 -0.3738466269 -0.4151890555 -0.2280853604 -0.023899778 0.3559282259 0.2419506844 -0.2025925 -0.1061218686 -0.3749477672
10.51375939 -1.825998149 -1.812749492 1.761102847 -0.1546433038 -1.485845584 -0.6881985211 -0.2675963558 -0.5977871837 0.4315380836 1.199779636 0.2125883949 -0.4957354588 -0.1036255155 -0.4134386138
6.410488487 -1.432446419 -4.099071787 0.1396055141 1.309538382 0.1146356411 -1.329834466 -0.4645139824 0.4516784421 -0.2140785941 -0.6394481262 0.3155382869 0.772793848 0.1870625997 -0.2997752898
5.264827833 4.777185248 1.40433337 0.5828366711 -0.2195348127 -0.1738559089 -0.4140860363 -0.264262322 -0.2414987553 -0.3637718791 -0.5824179797 -0.3130046967 0.1334554332 0.3506191659 0.03699084246
2.813806727 -2.630680124 0.199061371 2.803521763 -0.8505751387 -1.436295014 -0.01999615869 0.974613946 -0.04365475406 -2.080388521 -0.9705478918 1.421727023 -0.1220023204 -1.352841677 0.2060895717
5.900025222 -4.922108252 1.416625848 1.341504855 -0.5674838657 1.889978781 -0.4695949588 -0.7878816436 -0.09055902063 -0.9004593493 0.1689432512 0.3404582657 -0.5021186487 -0.1426380951 -0.1846210419
2.500167584 1.398020166 -1.422255169 -0.5022652695 -0.3197648859 -0.03749074893 -0.8152029321 -1.287454285 -1.449273508 -1.527068796 -1.365636803 -0.8683591131 -0.6542469006 -0.5552012925 -0.4583844317
7.828009074 3.808043685 1.875196668 1.186358521 -0.7493115375 -1.095656625 0.07320892159 0.7453509871 -0.4451812258 -1.273741234 -0.9090605381 -0.6104705582 -0.7014180452 -0.1375094259 0.3623091543
8.28433727 -3.062280825 -1.887550759 0.5939766532 -0.002008777949 0.6335050451 -0.2642576699 0.04973621717 -0.1998638773 -0.6990835863 0.3609102043 0.2004501473 -0.5467496051 0.01415355549 -0.1449378249
8.888745279 0.3981156961 -1.187104498 0.7540303629 -0.4965272304 -1.365625983 -0.708558625 -0.05639711188 -0.4670175127 0.05756435538 0.9311155259 0.3714873662 -0.4878156079 -0.200572604 -0.2254102213
5.331252835 1.23258661 -1.826841564 -0.7307801117 -0.8995522769 -0.1853500813 0.1298914987 0.27713717 0.1680879601 -0.01748656449 -0.1685820482 -0.1182781239 -0.1946398979 -0.248682044 -0.3662741944
