3.382067113 -0.1971158808 0.6088457971 1.877782574 -0.04919501139 0.5237158186 1.041352011 0.3045303633 0.4912712162 0.6957125842 0.1741215256 -0.06603895556 0.2853785951 0.01504523795 -0.2950057049
2.913141146 -1.388689177 0.9230387732 2.465287119 -0.8638662891 -0.3797740849 1.185699848 -0.07450131488 -0.4130985 0.6834888747 0.4635300753 -0.3609828258 0.005300957969 0.1519442176 -0.06257445746
5.781150872 -1.013614156 0.5555635366 2.069579659 -0.4395881168 -0.1600584258 -0.1585914571 -1.085756747 -0.1181798785 1.22888334 0.5698218259 -0.6676749471 -0.4007621377 -0.1791918752 -0.3709772249
3.033071964 -3.385340793 1.69484735 1.644323439 -1.503162908 0.1740468811 0.2346249308 -0.3430842342 -0.1586060483 0.1021689367 0.595261207 0.2755859889 -0.003414771485 0.1955737377 0.1804937367
2.336441892 -1.040847249 0.4365771605 1.424140708 -0.6218725371 0.1663351248 0.8597757677 0.1653039348 0.08905332051 0.3232604365 0.07101748561 0.08455062647 0.4026976875 0.2421957669 0.04562387564
2.689006737 -1.743354854 1.285129425 1.367345722 -1.275701096 0.3487620862 0.5667567649 -0.5335256055 -0.174198215 0.05024650942 -0.01287506895 0.1161563164 0.1198354937 0.08552674844 0.1032713581
6.322965984 -0.4214689579 1.105248648 1.021341702 -1.751624368 0.05435107093 0.7426620774 -0.4958009212 -0.1144531964 0.3167173567 -0.1724856424 -0.1237702813 0.2742746873 -0.1988120032 -0.5982500881
0.6529255285 -5.614022518 2.911401177 1.923027619 -1.759065394 0.1371847139 0.4848790747 0.4919377425 -0.1567004239 -0.1808677997 0.6785311692 0.4532742219 0.1537192904 0.08179345545 0.1644827642
4.117643879 -0.5103205784 0.6251447852 1.499645392 -0.9526315585 0.02981807212 0.8318314664 -0.2763490223 -0.155861309 0.3204882481 -0.1128063936 -0.1023651474 0.1628448924 -0.289548459 -0.4738829231
2.200676304 -2.19505311 0.6194046507 2.165769599 -1.395146497 -0.8508009298 1.421111041 0.6855977786 -0.5620390858 0.1969975146 0.8131693709 -0.2561380092 -0.3693079175 0.3628320162 0.1651746931
6.969593786 -2.078709402 0.522161135 1.967454669 -1.15826777 -0.323060346 0.0123549936 -1.082146522 0.08413842838 1.331030832 0.4758943277 -0.5562306849 -0.2602509866 -0.3998135799 -0.6303921693
1.798962657 -4.530711813 2.498310355 1.859536217 -1.77722942 0.1480138722 0.3502461834 0.07287962802 0.0828209099 -0.1159855955 0.4674575866 0.1733663584 -0.0185455763 0.04878436529 0.006092428677
2.763673212 -0.7330604252 -0.3589354664 1.135029446 -0.5770847695 -0.2789455752 0.7479174879 0.3569511486 0.1836204305 0.5091555618 0.3774057979 0.1313673022 0.3722091072 0.2763347906 0.00156104186
3.14575617 -1.4061574 -0.09541574801 1.260500881 -0.6703982076 0.1188944312 0.7275032755 -0.3536261188 -0.5702457087 0.1856874499 0.4298301417 0.06312475418 0.2716719567 0.1908193571 -0.148237426
6.106404512 -0.2120750739 0.4197108285 1.199790107 -0.7766527343 0.6539465686 1.167407569 -0.4906701889 -0.2248247467 0.5130141827 0.04085907304 -0.008165986512 0.2823931837 -0.4221218864 -0.631994877
0.08294807215 -6.155404412 3.705429375 2.070985356 -1.810645937 0.05238595057 0.2743589353 0.4834692079 0.06451684095 -0.214626751 0.3363311925 0.2026217601 0.1989670277 0.1770135397 0.2559796906
3.103368675 -0.3861768356 0.1927718874 1.740021109 -0.111075643 0.04418071613 0.7854243617 0.2478255312 0.08370089483 0.3712637956 0.144232386 -0.1098161187 0.186132542 0.1708511255 -0.04342046502
1.951843981 -1.744400298 0.5375182241 1.590749689 -0.8170128262 0.03482602844 0.8294688682 -0.08931252895 -0.3305865293 0.2378753277 0.1962146654 -0.2338218481 -0.1116948534 0.08189520171 0.00476157089
6.117032502 -2.162391426 1.280202938 2.596990649 -0.7034145152 0.1351590023 0.03272675402 -1.34268156 0.1244773251 1.456003312 0.04535166469 -0.8522164365 -0.0827632731 -0.1305035978 -0.5179069117
1.845826762 -2.975274187 1.129896728 1.34471199 -1.53045706 0.04200750273 0.480335489 -0.4003412707 -0.3589051311 0.02207718219 0.3334370488 0.01382120959 -0.03600617497 0.130128071 -0.04018023449
2.119886914 -0.3674645123 0.1667313429 1.189447327 -0.2236204223 0.02341944032 0.6058007036 0.1789856947 -0.1122182576 0.1240771273 0.05803270293 -0.09919608838 0.074700756 0.0981377682 -0.0843473456
2.5114591 -1.513184207 0.5508772413 1.17774524 -1.329451328 0.3660297597 0.9783479794 -0.5457223786 0.1234641763 0.5042366913 -0.4613760959 -0.1420366324 0.5343733072 -0.1872876807 -0.3372965293
5.554099831 -1.63410197 1.631128626 1.597250043 -1.594579262 0.3400285836 0.6571250435 -0.5296410476 -0.1884763278 0.1905221372 0.2301426983 0.07945209041 -0.03101236561 -0.2131207613 -0.4449971366
0.8993313761 -5.819553801 2.922306637 1.971793135 -1.81309951 0.2191066417 0.08750044606 -0.2136421307 -0.1457068406 -0.159488481 0.3928562477 0.1482427742 -0.1364458951 0.009133957734 0.1011643204
3.506651495 -1.427505753 0.2930158003 1.80583372 -0.4772937781 -0.1746111846 0.1680423117 -0.62309616 -0.003343957735 0.8735224641 0.3374569962 -0.3933868363 -0.06383945024 -0.02274190809 -0.1693449718
2.67994082 -2.030198949 0.7883144212 2.121673055 -1.447555914 -0.7771846083 1.081826902 0.1646633213 -0.859973722 -0.1154803018 0.4536277931 -0.1495059695 -0.1397275233 0.2289334324 0.07354245711
7.635524632 -3.281985266 0.3556294407 1.66706553 -1.535902242 -0.2233363248 -0.0769024783 -1.380824556 0.0603457487 1.535214383 0.5989849335 -0.5031927489 -0.08654907128 -0.360682101 -0.896668789
1.621734835 -4.373391201 1.882662829 1.568657991 -1.221026059 0.5262672537 0.2433342272 -0.2561397485 -0.3710521028 -0.03122784094 0.6351158059 0.1306918672 -0.1645855108 0.09789439012 0.06122181633
2.910113499 -0.3659489823 -0.0696578972 1.158298318 -0.6171585485 -0.4545157741 0.3750499106 0.006778955963 -0.1816442453 0.1678395774 0.06798280185 -0.1223537198 0.1986759316 0.1293380031 -0.1184505553
3.846820546 -2.719528199 0.006971076983 1.053874244 -1.13924774 -0.01502645387 0.3425476682 -0.6584114075 -0.7307578229 0.3198069444 0.7745619242 0.2517100245 0.2246509654 0.3134942031 0.009620763825
6.877893823 -1.118925917 0.1850572866 0.7695500733 -1.623520764 0.6525759201 1.235452359 -0.778577931 -0.158602382 0.6680497527 -0.2512582131 -0.1699875487 0.4112090845 -0.4596004586 -0.674428309
0.009310902308 -6.927844104 3.688156691 2.372094207 -1.938969433 0.1839160985 0.1391147227 0.2033194084 0.053271785 -0.2229246603 0.3939133214 0.1513669997 -0.2358016894 0.04150826396 0.1444770201
