10.64551699 -0.3251799616 -2.020385784 -0.8483093402 -1.03304802 -1.386069442 -0.7229033762 1.108973642 0.9615775342 -0.3182001869 -0.8015225291 -0.1958217676 -0.4492218921 0.2831363028 1.147821468
-0.6170544918 -0.5533971189 0.2575778705 -0.9608675348 1.03498194 1.929980017 -0.1254865657 -1.790118088 -1.030050131 -0.7652369779 0.1613109206 0.8220563597 -0.25496447 -0.6484013968 -1.096620539
7.894934519 -1.238497574 -1.627171862 1.469617913 1.578205331 -1.787122911 -3.171212397 -1.4831115 -0.8364122192 0.3642371617 0.4877604113 0.627319841 0.3937576975 -0.2608737127 0.5003936223
4.879151774 -1.149964722 -0.7279011039 -2.10225654 -0.1316135239 0.6138468576 0.4627837575 1.078264458 -0.6233725563 -1.350916854 -0.7708228881 0.1332084194 0.06685018795 0.1551200602 -0.2035164452
10.04772366 2.057178494 -0.4921190177 -2.851337635 -2.434150993 0.2330875685 1.129137169 1.148459543 0.7499127689 -0.8637266336 -1.049390597 0.2014285622 -0.1264346428 0.09356193598 0.3969532015
-4.947481266 -0.2831393645 1.275121331 -1.971486686 -1.593921472 0.04174979138 -0.7995216502 -1.038986749 -0.3568345459 0.06403427954 0.1707660832 0.8131643017 -0.2213895192 -0.9693443121 -0.8452855257
3.360793456 -0.01539180577 -0.4045761094 -0.2025704442 -0.5604440097 -0.510857592 -0.9516866294 -0.8910532225 -0.5410896584 -0.0896702878 -0.2546191575 0.03108970015 -0.2019545723 -0.3169819914 -0.1466291578
-4.542004609 -4.03480589 0.4970323843 -0.6187427113 -0.7585271521 1.0267696 -0.6047894923 -1.631986879 -1.664445062 -1.512833197 0.6193762019 0.8608041313 -0.9625939379 -0.5790468895 -0.3860638361
11.18885735 -2.375331037 -3.6297019 -0.05140101716 0.2350002777 -1.322733525 -1.672644376 -0.1426359679 -0.1500510273 -1.19418486 -0.3594298284 1.293905077 -0.5626749293 -0.6292513641 1.066705605
-1.575640161 -4.108266377 1.492560865 0.2506940376 -1.517396364 0.1569107524 -1.126521381 -0.5856635043 -0.7800008716 -0.5211241248 -0.4853406004 0.01906553103 -0.4445883061 -0.9335285511 -0.01408259439
6.677774224 0.005080594376 -1.515011092 -0.6300932802 -0.601635988 -1.353928134 -2.905152619 -2.697561519 -1.342748631 -0.07009451288 0.4667485133 1.023218717 0.5844436269 0.1647876263 0.4261801541
2.648130464 -3.182265808 -1.692437779 -1.617993312 0.1870651602 0.6777925507 -0.1215239419 -0.9869520052 -1.053960927 -1.659633596 -0.3071087102 0.812624404 0.07260210011 -0.03811238021 -0.5767371969
9.975380448 0.5163964852 -2.448576312 -2.786126174 -2.664782882 -0.7434869556 0.2194153424 0.8313922873 0.4611735025 -1.061455739 -1.218488838 0.8209714711 0.94988303 0.4496926751 0.3041399863
-5.990427662 -2.788005342 1.45122307 -0.6480049763 -1.089778141 0.413273164 -0.771233383 -0.7756169122 -0.6171713508 -0.8795095143 0.1980912978 0.3639808543 -0.7355278491 -0.3327160479 -0.4466794641
5.396640087 -0.01943512708 -0.4853526798 0.4078076523 -0.695423274 -1.180235976 -1.414393157 -1.051168198 -1.090889952 -0.8293819038 -0.4002347519 0.2453587597 -0.4621932717 -0.7810251304 -0.1827384496
-2.35932397 -5.025956201 -1.411611446 -1.037698986 0.5312921811 1.520702248 -0.5064659103 -1.638659137 -1.217759425 -1.355020465 -0.1022785117 1.267909298 0.06275000801 -0.1828554718 -0.9269396355
11.85328629 -1.239242204 -2.03176966 -1.415941666 -1.968756393 -1.357011676 -0.5213910243 1.489295929 1.181245121 -1.582840785 -1.306610195 1.112207062 0.09866064242 0.2885258828 1.071461878
-1.290170174 -1.124636671 1.988149789 -2.587141425 -1.583370822 -0.2005998316 -0.6602832129 -0.3601611659 -0.8219099746 -1.133492808 0.1809081356 -0.3441965665 -1.354524558 0.1077044479 0.01566881902
9.415823392 -2.0415313 -2.578218155 0.4310287387 1.980373636 -2.697736271 -2.575072759 -0.02311229014 -1.286437445 0.4517430492 -0.08830847913 0.4771205186 -0.1681037203 -1.132347354 1.117288505
5.311911689 -4.13373854 -2.202519085 -0.7654091801 -0.3075635193 0.0810366402 0.2828507127 0.09497731186 -0.6543742236 -0.6892942993 -0.3149714868 -0.1900714132 -0.3185751497 -0.09072812975 -0.07097546788
7.873448043 1.239397881 -1.540763189 -2.256758836 -2.295377375 -1.028666822 0.3498883762 1.767956218 0.8958709015 -0.8006398946 -1.00892425 0.1378235897 0.263517995 0.3095599438 0.3576679346
-5.260502042 -1.749071652 3.922985543 -1.840595274 -2.132460226 -0.765338054 -0.3355838999 -0.3952493714 -1.855486036 -0.8799142945 -0.07065256216 -0.4471105797 -1.360281444 0.122045544 0.1696452582
4.957869269 -0.9434738201 -1.329347516 -0.4314139571 -0.3438412441 -0.2002980881 -1.10256236 -1.310803026 -0.6486010095 0.2481065758 -0.101220141 -0.01005183635 -0.3252387425 -0.5597969117 -0.3471758039
-5.778025636 -5.491446386 -1.065479954 -0.2262254428 -0.08752978886 0.7273913199 -0.8363350266 -1.135102231 -0.655635157 -0.8673235883 0.1613667371 0.3587517545 -0.9895338206 -0.6266371358 -0.6726569491
11.19687653 -2.1235079 -4.42041834 -1.663826924 -0.5285400377 -0.1637419387 -1.329748153 -1.419973419 -0.5035610831 -0.7649449798 0.1252419457 1.56420765 0.1344554046 -0.4319217528 0.2663945378
-1.080767356 -3.866671417 -1.242293724 -0.7193898383 -1.677354046 0.4941829773 -1.520719184 -0.2743699117 -0.7696399859 0.1286059774 0.4825254528 0.6586502359 -1.130729066 -1.99943085 -0.7027542422
7.842653113 -0.795618586 -3.920038574 -2.40634151 -0.8675194593 -0.257606312 -1.225085435 -1.618647165 -1.191584807 -0.4245519582 0.4815314472 1.212180412 0.5070306135 -0.1417881555 0.01225338493
0.405916259 -5.443375468 -1.555330219 -1.685681102 0.6260799477 1.10488751 -0.07784667921 -1.223145699 -1.29561177 -1.592249035 -0.3976250837 0.9316630315 -0.3260942945 -0.4558124368 -0.6642427103
7.213048307 0.8674331987 -2.256429001 -2.805962609 -2.730111476 -1.010895934 -0.3171344523 0.01186317981 -0.1718048089 -1.104415679 -1.215379274 0.2289279036 0.9896638705 0.9661856367 0.7166763758
-7.165939115 -4.197012015 0.8500256942 -0.5348443758 -1.423733006 0.07419669914 -0.4683285719 -0.1234028769 -0.8210425461 -1.34072326 -0.3691072907 -0.4668506418 -1.077145725 -0.1560929684 0.1852273022
7.065466103 -0.2126738415 -1.659004169 -1.228303355 -2.217511469 -2.626837376 -1.636876558 0.1421909316 -0.2356078963 -1.626751064 -1.235492494 0.6159173625 0.4721355341 -0.1365167386 0.1100604021
-3.605018661 -5.392810305 -1.655645465 -0.4592812404 -0.03849498179 0.3818432802 -1.193765183 -1.998112875 -1.469345203 -1.247773734 0.004556474207 0.7824192556 -0.2529879239 -0.1141982562 -0.1489437021
