12.53598219 -0.2143661929 -0.854625572 -0.8905567188 -2.867311857 -0.751145269 -0.2698396274 0.4396820459 1.135938132 -0.5127367485 -0.4826652299 -0.7474582301 0.257345436 0.2681102402 0.5860725872
7.481736291 -2.878967901 0.8859361912 2.372087208 -1.270858615 0.925105321 0.6276325039 -0.5620689549 0.6481563658 0.07387682566 -0.4656790561 0.3204531084 -0.3317776259 -0.4307846812 0.01555682193
8.903895362 -0.8815804516 1.986909697 2.766593886 -0.495367133 0.5656834119 -0.08207722951 -0.7035843575 0.2643376798 -0.1929879091 -0.3453710802 0.07550575215 -0.3033631736 -0.3865687278 0.08723709319
6.980949101 -3.971416046 3.731985256 4.663853998 -1.463442953 0.1346927191 1.333078241 -0.1667200574 -0.05971859665 0.07676240762 -0.2668607585 -0.0336242495 -0.3503179397 -0.5024671239 -0.08114339206
10.42336708 1.725608911 0.1569070102 -0.7186197674 -2.844478934 -1.432470713 -0.009948548282 0.73678839 0.6248356323 -0.4000141775 -0.5644442399 -0.3000534529 0.09917813272 0.1404043145 0.2813434672
7.103197537 -3.475951012 0.2780474075 2.01007588 -1.428957896 0.9254610412 0.7290971307 -0.362986421 0.9583381753 0.39298918 -0.2848269444 0.4215533115 -0.306942609 -0.3983188991 0.01799250042
7.08783509 1.447441471 1.74487173 2.48693113 0.01825905518 -0.7940608546 -0.6239963997 -0.5057378847 -0.3893615109 -0.08759479517 0.08072988013 -0.01639589842 -0.3313334471 -0.2426285263 0.1184386154
1.364750735 -6.728350811 2.902525275 4.12908891 -2.724814495 -0.9762171573 1.64636619 0.1846427873 -0.1579758864 0.09286525796 -0.2631456333 0.3787294581 0.03320576002 -0.7604424513 -0.3053910832
14.06878368 -3.263317711 -1.45920277 1.981001331 -1.884759665 -0.04852264234 -0.3850045718 -1.019976154 1.454621994 -0.7662520534 -0.3049213093 1.341646649 0.6794970656 -1.118197107 1.031552513
7.525241606 -3.050102001 0.4852349263 2.018620217 -1.567101855 0.7348246919 0.4913389453 -0.6110627075 0.7716433778 0.2639928434 -0.365519498 0.3880077379 -0.3394717053 -0.3976362244 0.05289790083
10.69395387 -2.137847408 0.8107580911 3.29307389 0.5612110312 0.422536174 -1.220551368 -1.536535907 0.09894739705 -0.09076767522 -0.03144642917 -0.3109932211 -0.761389428 -0.476569673 0.4849796798
6.398834097 -5.455580581 1.3017771 2.875183021 -2.398909053 0.4490800515 0.8969799444 -0.7087851836 0.4563849554 0.2428720861 -0.3611378366 0.2920488447 -0.3528351837 -0.3809513348 0.03095485084
9.67492497 0.3264435433 -2.211887854 0.03077528471 -0.5996674968 -1.766266973 -0.7452192528 1.131791287 0.7308076193 -0.5619108556 -0.505543694 0.1953740003 0.2535465755 0.282150726 0.5717999861
6.793696932 -3.927968912 0.6397724303 2.486553921 -1.507211471 0.6462331251 0.5019488083 -0.6064996696 0.5045666058 -0.1261736 -0.4419021014 0.6039116181 -0.2430310827 -0.4433677631 0.08857109109
7.96956284 0.2057816324 0.9099498109 3.934612245 1.594322708 -1.171873267 -1.682033165 -0.776503755 -0.3554295889 -0.2216804082 0.01177432824 -0.4483481119 -1.168942262 -0.787979615 0.3169564262
3.745759555 -8.356062135 3.313045424 4.170738003 -2.934596586 -0.5766308262 1.104463377 -0.02356628263 0.2444966068 -0.3587709354 -0.5871790025 0.5256534233 -0.450905292 -0.4876661043 -0.1954505111
13.24093945 -0.7936818456 -2.477633993 0.8436110249 -1.717380632 -2.694554361 -0.5667083488 1.741700154 1.349797544 -1.387520367 -0.7415363754 0.2234832044 0.6121235428 -0.2430071774 0.5514793184
7.232515846 -3.368273761 0.398344152 2.229104895 -1.109689521 1.202312539 0.8204381742 -0.4901955381 0.6961399135 0.1115682527 -0.4977756364 0.2854398324 -0.4021206536 -0.4333915737 0.03540590408
8.815315784 -1.958199114 1.303323254 3.071585619 -0.02216732371 0.3975040543 -0.6343350663 -1.394601446 -0.153405287 -0.2222194602 -0.2549387827 0.2246837272 -0.5590026341 -0.708581127 0.4402991716
3.944815072 -4.547663368 2.461173726 4.024550032 -0.8889699401 -0.1968457241 0.8301992128 0.3665117204 0.226762049 -0.5634716733 -0.6163080333 0.2038041924 -0.3082565539 -0.2273253952 0.1680463245
8.419976037 2.156863234 -0.8266997677 -1.311169929 -2.245209568 -1.704686405 -0.290535388 0.9302766329 0.5310684446 -0.5281312638 -0.7792327794 -0.2231943311 0.1412656317 0.2274993252 0.2404494129
6.758727239 -3.678037975 -0.009429309991 1.668799757 -1.711619058 0.6303777958 0.464980902 -0.5977334106 0.7050133455 0.2270264255 -0.3655255916 0.3605112117 -0.3480140546 -0.460517633 -0.006369411146
6.942557095 -0.327831733 0.2736217396 1.078109734 -0.9920638542 -0.4227096862 -0.09930404214 -0.6607628805 -0.423535622 -0.01707612433 -0.05265044103 0.03241519369 -0.2219007515 -0.2382769121 0.1064614442
-0.09803666544 -7.965291798 2.227812169 3.975702826 -2.272514342 -0.9178609827 0.5930342419 0.06847624422 0.7011069614 -0.1703643632 -0.8180153886 0.2725708705 -0.279536849 -0.5148431123 0.1507646522
10.80719414 -1.66906116 -1.261840393 1.225804529 -1.189894055 -0.7204116612 -0.02906994948 -1.011245788 -0.6967132838 0.2216413878 0.4018850755 0.2918473291 0.1293711757 -0.1459007519 0.5279552158
7.201511014 -3.378772207 0.2633910723 1.895939501 -1.599905511 0.694470708 0.3781234137 -0.8147044487 0.4652353063 -0.0814938148 -0.6277243059 0.2425768427 -0.3244009829 -0.3275917133 0.07420725679
10.68007686 -2.447307275 1.321772437 3.123991224 -0.7007046917 -0.07296231993 -1.125089142 -1.271919632 0.342114945 -0.7114505596 -0.0540320784 1.111023732 -0.5334053333 -1.303124122 0.8073288868
4.796577252 -7.610992279 2.434405843 4.060275501 -2.02998589 -0.1105601135 0.3037938251 -0.1056250459 1.164168098 -0.230830591 -0.6145833479 0.6657983494 -0.4853020153 -0.4969941844 0.08498017098
9.666674098 0.6648863332 -2.748732264 -1.558469562 -1.080352767 -0.6377179959 -0.7390148289 -0.2801952712 0.7254619736 0.5787431483 -0.7021604454 -0.6482038964 0.5480653107 0.9186076906 0.4023513189
6.648296901 -3.884131768 -0.1693833081 1.493265821 -1.988723651 0.398861839 0.1040814559 -1.022162641 0.3266738134 -0.1308960008 -0.6528361062 0.1606423072 -0.480576298 -0.4491008383 0.0752928829
8.981027043 -0.6333235171 -0.2216485421 3.107297569 1.626893073 -0.5684903494 -1.80540557 -1.235369329 -0.2450106015 -0.1839989616 -0.07787778629 -0.03898931555 -0.8827939133 -0.9604349878 0.3384447614
2.271832721 -10.13382081 3.140668365 4.515389713 -2.525364159 -0.5380320915 -0.09733694413 -0.4282320212 1.297723958 -0.4095031063 -1.000731877 0.5592518861 -0.7339383383 -0.2186786814 0.2521853366
