7.960184039 1.27656209 -3.049632257 -1.158363092 -0.1733763962 -1.105795034 0.3157371564 0.9829637305 1.126266483 -0.5634013061 -0.4533873919 0.2508213773 0.1314322756 -0.08878125402 0.5077320626
6.749275515 1.910596076 1.290625034 1.61522153 0.5584913798 0.08688402638 -0.5720041039 -0.7434452695 -0.8233103831 -0.3627607034 -0.6358931596 -0.6747115618 -0.7765575807 -0.769669759 -0.5649409052
5.976016298 -0.3254089189 1.263971694 3.717938511 1.91003169 -1.309495605 -2.461022423 -0.9199821227 -0.6533772753 -0.9828381327 -1.151112756 -1.175477055 -1.240590021 -0.2453493185 0.5224082147
4.174950497 -2.544291971 3.208715506 1.990291727 1.625012693 0.03568030288 -2.103236483 -0.7472451261 -0.1840684655 -0.2684449634 -1.202527617 -1.454097541 -1.046338018 -0.4696852794 -0.1476044061
6.429876536 -0.04875514257 -1.881942785 -1.145956131 -2.161835993 -2.02496867 -1.288407068 -1.032371684 -1.143515342 0.2130371455 1.154032192 0.9608379295 0.102611725 -0.1708331916 -0.4214780236
4.991516216 1.115928568 -1.044217293 -1.567361109 -2.25172517 -1.759874722 -1.376161335 -0.6193856077 -0.02166752031 0.4708867156 0.5739206791 0.6428269959 0.08108941304 -0.1684658651 -0.5167598826
5.023986231 -2.793786783 -1.670827833 1.334592136 -1.221434855 -3.48453184 -2.314843031 -0.7494515598 -1.110604456 -0.2791579603 0.9222651924 1.031981309 0.0463639336 -0.0002780191033 0.1673041193
-3.421698939 -6.421404491 1.855017716 0.9798307848 0.3856539481 -1.023782238 -2.573955942 -1.280334808 0.8940853193 0.4850537939 -0.6477515053 -0.6666859716 -0.7359018788 -0.2993600315 -0.3028405138
8.276348932 1.752002629 -0.7028320422 -1.640739417 -0.9287661103 -0.05838054941 -0.2638555271 -0.2334935355 -0.6689598152 -1.604385288 -1.560933172 -0.07840974421 0.3509023048 0.1036875223 0.2001427381
5.903015931 -0.3629166968 -1.404029233 0.01752283211 -0.04133619803 -0.588557853 -1.542543178 -1.064750012 -0.4538128076 0.02703719327 -0.2727931576 -0.1226620812 -0.3373765137 -0.155128861 0.03207730473
5.377778441 -2.495057551 -1.258321255 3.541489421 1.792050931 -1.999727614 -2.010153107 -0.4293074903 -0.3432857801 -1.168542053 -0.6609130906 -0.4181058832 -1.035099592 -0.629509929 0.215329248
0.1266507359 -4.317973484 1.971920757 0.791858072 0.5956276712 -0.04157567596 -1.439730956 0.1783973069 1.328612615 0.1090620986 -0.8060757193 -0.7939733522 -0.1354736342 0.08498534872 -0.2462022457
8.841400713 -0.347993069 -3.386433406 -1.815710396 -2.511116671 -3.012779567 -0.5192417698 1.750328002 0.7503054933 -1.379922217 -1.654278794 0.0978400014 0.1171777637 0.5329290508 0.5769575579
1.60516863 0.4391065684 2.164185769 0.4214865865 0.11936121 0.4493282912 -0.9855386675 -1.400879638 -1.257108405 -0.1811354851 -0.8018615 -0.8352014355 -1.099484356 -0.9023057358 -0.4911322689
5.218012778 -4.335024751 -2.993630035 1.99394244 1.455697343 -1.292036409 -2.613936784 -1.927890369 -1.249469938 0.6118009972 1.269874801 -0.2043780806 -1.390233119 -0.5157071788 0.5406466631
-6.199634209 -0.8371112441 1.519662021 -0.2388712149 -1.783723461 -1.39623467 -0.8900511828 -0.5039535109 -0.3509566967 -0.3072483058 0.1502005242 0.7029520421 0.01621850025 -0.317399049 -0.3779115078
8.503354951 -0.8887594844 -3.57708472 -1.235625291 -0.6334930992 -1.469856774 0.0008503151783 0.4723642604 0.6359338626 -0.6861660372 -0.9634986813 0.2539020031 -0.2608523243 0.1155260338 0.3828197207
4.365499294 1.281369769 0.038412254 0.002806738765 -0.2463519488 -0.2433128269 -0.4829600303 -0.3269316221 -0.4835460166 -0.2536762152 -0.3777451658 0.002811765144 -0.1041241197 -0.3026433176 -0.2202397971
7.441055992 -1.995806528 0.9186219959 2.858339887 1.782550697 -1.18354439 -3.571326893 -0.7715551953 0.5374209551 -1.270555946 -1.842371804 -1.049198651 -1.536174079 -0.06382967392 1.257319794
5.003811601 -2.075353472 -0.4383402143 0.4185443985 0.8581000395 1.002686062 -0.3186353345 0.2528557555 1.069142818 -0.01380613365 -0.7809190732 -0.4936249656 -0.3929086301 -0.3598699137 -0.3563150249
6.21997696 -1.88599633 -2.509717555 -0.2860244414 -1.720011624 -2.74153525 -1.955417196 -1.321459049 -1.319145573 0.5371316349 1.577034493 0.764641046 -0.3326810929 -0.4299747043 -0.3550937667
4.727053989 -1.256298299 -2.397128413 -3.081585886 -1.919663544 -0.2178845387 -0.5638518628 -0.2533781277 0.7168604627 0.371966539 0.02799868461 0.2845147632 -0.8283066906 -1.07902735 -0.6326615321
3.581285993 -3.156024668 -1.935168475 0.4302615835 -0.9557967584 -2.0475801 -0.7251188057 0.07522241927 -0.2192370135 -0.4788354292 -0.2659332781 -0.3795399193 -0.8934026841 0.3825848826 0.8379366251
-3.337695561 -7.417458588 0.5121272515 0.002652130843 0.5947617788 0.02889988164 -1.575513617 -0.999492334 0.5754479942 0.02403547846 -0.9885831243 -0.6850164623 -0.341409613 0.1644423629 0.1854760441
9.634272404 0.6501396184 -1.98592681 -1.635258615 -0.2777559375 0.9177779605 -1.137263532 -1.460259996 -0.3343032857 -1.647596675 -1.638958136 0.08773351252 0.1430627258 -0.01918881323 0.5189948304
5.639981898 -1.903723258 -3.18879538 -1.228638846 0.2067668968 0.4466035356 -1.028774632 -1.554277874 -1.16326002 -0.02820005614 -0.02051121883 0.1374877012 -0.07233345438 -0.1079349145 -0.01488542205
4.508987152 -3.551539541 -1.51516811 2.669136638 0.5663003541 -2.518094694 -2.680978174 -0.6263083141 -0.7761670188 -0.6329712314 -0.3776054967 -0.6579777754 -1.045057496 0.005555427311 0.6746147146
-1.051552071 -3.653193853 1.141835076 1.221564736 -0.1974888974 -1.882422484 -3.034912221 -1.353119583 -0.01380937324 -0.009102070608 -0.6177810335 -0.1966739942 0.01527935157 0.779049704 0.2052541008
7.819061563 -1.979414117 -4.59942803 -2.226455565 -2.602680333 -3.450627262 0.1269051481 1.84691463 1.001287981 -0.9701833898 -1.161381869 0.3781352568 0.2599372828 0.4525632956 0.7360520802
2.557583539 -2.702492304 0.3392004983 -4.048333793 -1.490430051 -0.06461125708 -0.6875259317 -0.4291084759 -1.240544329 -0.3997992702 0.3506755939 0.1638977903 -0.08186289805 -0.843666767 -1.126629402
4.848817876 -3.840051994 -3.104562255 0.3792619839 0.5601199766 -0.840469356 -2.424916535 -1.361096606 0.7357063378 1.429862528 -0.363448881 -1.368630417 -0.9218923756 -0.01620415932 0.01322419087
-4.287723078 -3.211858943 -0.001372960402 -0.6526326821 -0.2924379433 0.08683673426 -0.4838714077 -1.295955758 -1.502836299 -0.65497123 0.5946286647 1.215419142 -0.1459289122 -0.9701360083 -1.205287382
