5.403280923 3.085758479 2.106746952 0.9539964518 1.152981373 0.1995284926 -0.4568327562 -0.8289275196 -0.9601052249 -0.2496720395 -0.787982818 -0.4978258819 -0.2550871062 -0.7874954056 -0.7478545763
3.188636921 0.2619793896 -0.5026269586 -0.2702958993 -0.4173140521 -0.3392130131 -0.7412115653 -0.7202096874 -0.6733946631 -0.08612994722 -0.2630397496 -0.2627535153 -0.4521780207 -0.5049600553 -0.2209397497
5.852332651 -2.075914275 3.509958021 4.697860824 2.12855753 -3.281741628 -2.643546191 0.1157584746 -1.59806787 -1.577011996 -1.218897823 -1.350782002 -1.143874808 0.700639345 0.6417904562
-1.491369515 -3.946657002 4.715808795 -2.389695014 -0.883854882 -0.4001989637 -0.6946113428 -1.529732826 -1.339960985 0.4280862578 -0.003340789507 -0.5375885829 -1.003543143 -0.2128240192 -0.05402649395
9.254696102 1.727059831 1.541230174 -0.1664833547 -2.593298279 -3.00199295 0.4609802278 1.62038173 -1.637814763 -1.992143748 -0.05387713852 -0.416489743 -0.9640248437 -0.05319255552 0.6300751323
-3.326345188 0.2156657692 1.941223131 -1.770654685 -0.5598180076 0.1325375837 -0.805908907 -0.963932574 -0.576575167 -0.1992977644 -0.8132832096 -0.1410577153 -0.2816082055 -0.6035690547 -0.2938148103
4.091296008 -1.128364127 4.601556687 2.37026417 1.25916773 -1.68752426 -1.708489048 -0.4802051055 -1.548917195 -1.136875733 -2.036869502 -1.221986901 -0.004130450946 0.2619067936 -0.2176748973
-2.85431102 -1.488885724 5.985383405 1.139750951 0.683659328 -1.485805959 -1.970901915 -1.248023097 -0.5887156188 -0.9342625272 -1.905211184 -1.157321608 -0.3361727561 -0.01578730982 -0.2830815781
6.766124286 3.814560498 1.137308786 -0.311050789 -0.6283828352 -1.11161843 -1.024649149 -1.026901755 -0.8991290449 -0.1344134342 -0.4307774363 -0.2200804106 -0.3941292115 -0.8574156935 -0.3680598532
6.013672603 1.566672481 -0.2809891395 -0.05751505305 -0.965862749 -1.520056468 -2.150439682 -1.794273027 -1.378011502 -0.8051027607 -0.5958135584 -0.03004330724 0.02133256408 0.04905809791 0.1989968992
5.990279137 -3.36777081 2.100705877 3.498615507 2.11412739 -1.359796523 -2.967968653 -1.217276079 -1.898093092 -1.144066996 0.02304742761 -0.03140893983 -1.321861483 -0.3509205348 0.4233172486
2.145122404 -2.932989939 4.579592595 -0.463506637 -0.8967515641 -0.245902523 -1.352247934 -0.8725890452 -1.788229658 -0.8182923453 -0.606438628 -0.8713303611 -1.03767415 -0.5247444451 -0.3206923662
6.777579941 3.191334173 2.298952115 0.2138556495 -2.531728774 -3.411027896 -1.297458415 0.3028389833 -0.9158290625 -0.9001456858 0.1087510044 -0.3129527201 -1.05993929 -1.074458937 -0.05446934451
2.149813129 1.94454212 5.960452946 -3.207268292 -2.320383124 -4.26896387 0.08900835115 0.7711285953 -2.102714258 -0.3540000873 -0.3152320531 -1.714952802 -0.4675058253 -0.8906441208 0.2466097671
3.180721703 -3.173263052 2.588651676 2.464000256 1.331047839 -0.7293312743 -2.416565465 -1.423041099 -1.32070838 -0.5086040692 -0.2271862317 -0.5205413 -1.472207893 -0.6634890243 0.01794242835
-4.045308807 -4.061126654 4.845274835 -1.849606444 -0.6787734851 -0.9495076159 -0.764883413 -1.252127385 -1.00942825 0.1134614465 -0.7138565288 -0.9806063144 -1.029157734 0.3087246204 -0.04695208859
4.958211348 2.257735094 0.7627230271 0.2208236921 -0.239649921 -0.2349710452 -0.4457513583 -0.1714477338 -0.5875736092 -0.7944405907 -0.7058372275 -0.3922556786 -0.5202043448 -0.6893120846 -0.2161861402
1.60000081 1.542215116 0.3775092485 -0.1280341907 -0.5449349248 -1.030757689 -1.489285754 -1.2494039 -0.6546442724 -0.2222308338 -0.5549677585 0.07360141943 -0.165043621 -0.2819938349 0.04283168459
4.680424999 -2.190021229 2.300752007 4.413196417 1.388867907 -2.77788514 -2.852236709 -0.6477723844 -1.393964628 -1.683714415 -0.8075596524 -1.135850263 -1.180499882 0.440680741 0.5344685782
-3.294124368 -4.760789238 3.209868666 -2.863490414 -0.6550384301 0.2915894444 0.397775747 -1.431849225 -2.256545442 0.3059977977 0.04476574744 -0.2088459588 -0.8120450676 -0.3329517288 -0.5717205447
6.728063278 1.399789959 2.3683226 -0.4754337423 -3.312882125 -3.304861588 -0.1132808982 1.343804549 -0.8486629564 -2.058658488 -0.3515860152 -0.5284953803 -0.6341855353 0.0921579232 0.4520117551
-2.660950125 -2.910268765 1.22747323 -0.2060933401 -0.3957194522 -0.5548850185 -1.379357547 -1.150159937 -0.652856571 0.3996727937 -0.5924531797 -0.4038520322 -0.6800275248 -0.2591082877 -0.05026566905
3.873313226 -1.956797398 4.291542519 1.920679681 1.756023228 -1.263198769 -3.328189491 -2.039217735 -1.49165077 -0.7260594129 -0.4437168794 0.2708883843 -1.146974318 -0.2336690761 0.02469755239
-4.232590188 -1.527127698 4.081707016 0.05148019499 -0.3960038873 -1.25451425 -2.435794169 -2.255171133 -1.197289621 -0.5473033514 -1.363662966 -1.261565592 -0.6353332816 0.2602448467 -0.1616918208
4.429866745 4.257424687 0.343375855 -1.119333855 -0.9113067594 -1.531669026 -0.7476409502 -1.389316973 -0.5732961834 0.4413494385 -0.07811122926 -0.2483454734 -0.2142748395 -1.075715545 -0.8888375694
4.869270124 0.2935419161 -1.397149848 -0.5961180831 -0.8137505355 -0.6381747956 -1.077348816 -0.7961721225 -0.5519315845 -0.1723604869 -0.4687698202 -0.0994611784 -0.2985583499 -0.5763939822 -0.360998172
5.919207966 -2.183220477 1.028384201 2.617336132 0.7431327132 -2.416126194 -2.730547892 -0.924803208 -1.105536672 -0.9968956693 -0.1023642635 -0.4845826339 -1.217704609 -0.0672140215 0.2678591322
1.376671504 -3.724696606 3.253148188 -2.017363101 -1.287119194 -0.3698422786 -1.657803083 -1.474774562 -1.184761275 0.1731088322 0.1743031739 -0.5302231231 -1.286187544 -0.9932517483 -0.7152058139
4.612106166 1.75987715 1.493984274 -0.2378348848 -2.24052662 -2.573816593 -1.67564131 -1.065351273 -1.895506962 -1.128011491 -0.2367217169 -0.6072091462 -0.4584807507 0.3177256081 0.5002698104
-0.5681411933 2.137487308 3.55722845 -1.32843815 -2.373888685 -1.493608456 -1.77151189 -2.240567146 -1.710453598 -0.8795801063 -0.8903662411 -0.2802195356 -0.4553703073 -0.1482706704 -0.04048753168
3.208535738 -3.134913727 0.1310928255 1.807043556 -0.7050146675 -1.163926641 -1.484104558 -1.08522075 -0.5991865389 0.3530767562 -0.5576140908 -0.5784961694 -0.09721746422 0.249390116 -0.371554055
-6.098748242 -2.992589737 4.629783678 -0.2102803601 -0.5884496091 -1.051560716 -1.199687693 -1.20147892 -0.5688223022 -0.4284489888 -1.095051609 -0.9956593161 -0.6557378392 -0.2809894372 -0.07176609073
