7.383838158 1.758040166 0.2437193233 1.031583314 0.4563093399 1.357775579 0.5205747551 -0.4145106391 -0.3775805318 -0.3453074117 -0.1099980239 -0.07590119387 -0.3247601307 -0.1546201329 -0.03629258047
8.783686788 4.513307074 0.8402711419 0.1899860477 -0.7087491948 -0.3756784302 -0.1346656764 0.8044931027 0.7377817845 -0.3105912123 -0.8794720618 -0.7973602696 -0.9048207481 -0.5740968393 -0.3044356264
3.574083339 2.137500332 0.2646138381 0.9928319855 0.2824440481 0.505577913 0.3696267033 0.457513017 0.1601591192 -0.2962714018 -0.219720315 0.1141550316 -0.2228334518 -0.1758111932 -0.0146063964
6.589133257 -0.7699814089 1.100017094 1.84708882 -1.242036721 -1.44763269 -0.9119979938 -0.2837659998 -0.2723448497 -0.5181408071 -0.5569357152 -0.651796673 -0.1152745081 -0.09631282915 -1.092020559
5.457006067 3.760660361 2.259466262 2.542851265 1.238628368 0.8690514118 0.2024211939 0.3430775265 -0.03761841501 -0.824532064 -0.850658887 -0.6207966287 -0.9072918949 -0.7416068493 -0.3272498822
11.54136398 2.593942966 -0.06680683816 -1.194858441 -0.8575473421 0.6721470669 -0.808612167 -0.7538543021 -1.22547359 -1.469045568 -0.08310262459 -0.1686615773 -0.162680435 0.06134886271 -0.9416546273
2.73050858 1.908040435 0.02020277714 1.009300434 0.6440177969 0.6678572441 0.2047032049 0.3505694887 0.4964573619 -0.01493772734 -0.1543793865 0.1564564101 -0.007707621111 -0.06370479157 -0.1952032037
9.972625409 -1.348956789 -0.8312767721 0.7937952451 -0.5750855127 0.1054894746 -0.7805741536 -1.54242231 -0.8334548841 -0.5978020543 -0.8809732519 -0.9052619723 -1.058943812 -0.9184215206 -0.2419627415
4.893588137 1.260037718 -0.3229290231 0.9642745325 0.8344745207 1.702301973 1.046337177 0.4369026731 0.1159947408 -0.1371414755 -0.006377862436 0.2934476883 -0.07896899472 0.006353578294 0.1127060102
5.916771227 3.351509858 0.8200648086 0.1570117961 -0.04928267047 -0.04982928056 -0.8919463193 -1.460892936 -1.510866511 -0.9013532263 -0.3247863441 -0.2879346061 -0.7920673288 -1.052460675 -0.9148680367
4.016860372 -0.1445764801 -0.07198228289 1.8876505 0.4882528144 0.1643198605 -0.2974866956 0.6311975602 0.963707254 -0.577399757 -0.9222152685 0.25483144 0.252608685 -0.355897078 -0.6945169508
7.505161989 -2.083438894 2.606218036 1.562003968 -1.112314212 0.7451892574 -1.049798173 -0.411633755 0.689245246 -0.6866807744 -0.4476509742 -0.2650041743 -0.4656421278 -0.1724278142 -0.8295606796
4.584190992 3.092286003 1.951545973 2.336375969 1.183484624 0.9596116483 0.6929512223 0.7084494878 0.1716473046 -0.687608889 -0.6090009732 -0.1730971894 -0.597836019 -0.7362696917 -0.3985507729
8.92776596 1.025813299 -0.4807152212 0.4059116766 -0.02331229973 0.3398364574 -0.4336741636 -1.248222834 -1.168212845 -0.7891340505 -0.6380688806 -0.5451972203 -0.9600772512 -1.304081776 -0.6855534803
2.475975202 0.985651875 -0.1258700036 1.103062725 -0.1024883353 -0.2712145903 -0.1364227518 0.5846259133 0.3240251609 -0.4033991058 -0.09272002024 0.2890021092 -0.2394512348 -0.2812689694 -0.09355463136
8.498319194 -6.122922047 0.1607692065 1.299098264 -1.257753851 0.635645456 -0.8404179106 -0.8789622916 0.06195315489 -0.1146530426 0.07657451451 -0.6417587466 -0.5258080221 0.3573141431 -0.4057942107
6.959966005 1.157064334 -0.5096261215 0.7647283684 0.830770537 1.932861898 1.115457868 -0.06294580532 -0.5838136743 -0.7945795835 -0.5460132434 -0.2607132954 -0.3517090644 -0.1176553642 -0.09380916738
7.296125667 4.308981585 2.134387554 1.667489542 0.16421302 -0.2527603635 -0.4905693746 -0.1106984152 -0.481349281 -1.040454165 -0.7417775777 -0.4291388539 -0.773896633 -0.8688419853 -0.5830200154
3.438796372 1.91650131 0.7137637273 1.614666837 0.3006499137 0.07813718722 0.1214127216 0.5879885769 -0.03526428027 -0.7647979425 -0.2066004506 0.2155135529 -0.392472374 -0.408411551 -0.09842043728
7.63375837 -2.754173097 0.5311403468 1.924640192 -1.765223806 -2.166447501 -1.358524628 -0.4920995716 -0.1916434594 0.05843724136 -0.1965578703 -0.7569161629 0.1290234854 0.09943116237 -1.437083944
5.834562828 3.913123405 2.241899344 2.031920303 0.7620418245 0.328593435 -0.2057922077 -0.2744247796 -0.8620559697 -1.326868974 -1.012965856 -0.6860841236 -0.9073700675 -0.8117203394 -0.579828669
8.579514665 3.211828124 -0.545940003 -1.727767794 -1.043123555 -0.002965482592 -0.4969526046 -0.7049174204 -1.429246828 -1.529246061 -0.5579818886 -0.1155517606 -0.03338831818 -0.1892302033 -0.9011495267
2.655183273 1.873056989 -0.1575851918 0.6487623453 0.2096704528 0.2983226682 -0.06898160933 0.2542297516 0.4411431402 -0.1290499686 -0.3762677463 -0.02725118778 -0.0005361249372 -0.08839732655 -0.2342773546
9.224744651 -2.748794528 -1.279019414 0.2473359042 -1.368826159 -0.317055315 -0.5602103635 -0.9215049506 -0.4325191563 -0.1564635266 -0.1581471587 -0.6483102355 -1.029607442 -0.4667340328 -0.06020869653
5.073537933 0.8632479644 -0.9631980063 0.4779149793 0.4970600309 1.6737399 1.492933593 0.9924720408 0.3067785557 -0.375317533 -0.3057455125 0.0542554818 -0.2472125037 0.04119824438 0.1243857988
6.999857593 3.783263233 0.6219875168 -0.5122421776 -0.8165362411 -0.3621686448 -0.310750843 -0.2612353712 -0.7326584239 -1.116939954 -1.158347506 -0.94020145 -0.6606776252 -0.3791724702 -0.45769294
3.250960022 -0.8051390116 -0.396088552 1.334605717 -0.01895797196 0.004636698811 -0.3076322847 0.4520305277 0.8333794872 -0.5950225397 -0.9010921621 0.3495451405 0.2445284326 -0.4601017971 -0.5654973032
6.261263751 -3.346468932 3.822665381 0.7882741874 -2.206959827 1.381577255 -1.239770951 -1.202654163 0.07489065776 -0.6179678026 0.03503602309 -0.6205439383 -0.632131853 0.368575734 -1.00837282
4.223108872 3.14256197 1.114541423 1.630138836 0.701240423 0.3175582533 0.1215945493 0.3811978695 0.05478809012 -0.5378926338 -0.6346901896 -0.4485465201 -0.7289506368 -0.6105015586 -0.3757849034
7.17628037 1.50948286 -0.8643590031 -0.1699204716 0.01872803984 -0.008088011192 -0.7138955488 -1.210381862 -1.592821564 -1.332414556 -0.5836870568 -0.1817711548 -0.5576083337 -0.8184802211 -0.559350773
2.384463685 1.4332612 -0.5479148254 0.4257529643 0.07006841607 -0.01123174611 -0.3920756838 0.138451916 0.2543635681 -0.4557449214 -0.650713617 -0.1620248424 -0.134867618 -0.271870098 -0.4066588071
8.837089127 -4.223340372 -1.903333401 -0.153104087 -2.018673622 -0.6565485736 -0.5909683079 -1.069073924 0.004715337027 0.3008291827 -0.6995035407 -0.9246393606 -0.4785158586 -0.5653248645 -0.7340557976
