5.111825379 3.81504293 1.478899658 1.610433605 0.7348034008 0.5918542257 0.5265043114 0.3986359346 0.1766592514 0.02334099434 0.1094483277 0.1508120469 0.01411282145 -0.004037820341 -0.08655067442
3.970504789 -0.31172489 3.215246344 -0.08307274572 -0.9292090248 0.2058587252 1.001743415 -0.5440315945 0.5140674425 -0.2379483432 -0.02567057624 -0.09992793625 0.0738861914 -0.05558845913 -0.1635767937
4.28621178 2.579677719 0.4432481776 0.6224638235 -0.1122272396 -0.1514558743 -0.3406209966 -0.2403148699 -0.3710867563 -0.4507293219 -0.1974106608 0.09658651642 0.1632303739 0.1849594252 0.1046677542
4.702283698 0.8301768487 2.251364689 2.727406456 -0.5128099871 -1.564117577 0.135157376 -0.1943945398 -1.223998761 -0.8163698494 -0.7197671009 -0.3384946777 0.16870219 -0.6581619537 -0.7205806138
2.84164607 2.213074092 0.6774915221 1.255403143 0.6310427382 0.6678697747 0.7297851151 0.5484401787 0.1655332805 0.1573208981 0.1810056984 0.06429891436 0.01124304344 0.09199375667 0.07318347245
0.3650238253 -2.158635428 3.634026205 1.242033322 -0.8418613679 -0.02255352644 0.8939152034 -0.1784096017 0.1344838148 -0.1923892117 0.07718637419 -0.14933872 0.0641675265 0.3047880225 -0.2226467492
3.388524742 1.812846685 0.008730474706 1.322311661 0.525649393 -0.1239161489 0.04332102546 0.4857723142 -0.05216795245 -0.4919833201 -0.05334372505 0.2848356068 0.01801070939 -0.146777676 0.03879876608
7.355095396 -0.6426501969 0.839871395 2.157157979 0.1218056893 -1.087533913 -0.9075881712 -0.6038739087 -0.04713647031 0.4788514056 0.2540765935 -0.2352780047 0.4087483598 0.472936793 -0.06551215289
3.24904067 2.820523622 0.3364358059 0.7183505905 0.4670473283 0.4821913853 0.2140301563 0.2030382216 0.1033564415 0.02435609118 0.08270254012 0.1698518492 0.1583418211 0.0863843195 0.05610438956
1.831704827 1.025638419 1.207872924 0.3431454176 -0.0773714467 0.4149354131 0.1001252482 0.02200032589 0.02787639324 -0.004338278606 0.04351936829 0.07607165165 0.02730427958 -0.05558967517 -0.07709089396
3.783616054 2.376738327 -0.03309001987 0.2221950051 -0.124744604 0.03788045296 0.01662542604 0.2186749506 0.1776354344 0.1618476733 0.2672015578 0.2399258301 0.03411781141 -0.07075684384 -0.06145882611
4.465404784 -1.056898369 2.933742943 3.199395653 -1.265504065 -2.234523327 -0.05217342722 -0.3946263271 -1.753524929 -0.8133122405 -0.6964445233 -0.7448675797 0.7435491205 -0.0149144737 -0.6744737027
2.686001379 1.973749896 0.7262548282 0.4366640599 -0.08362756994 0.1974222384 -0.0889688768 0.02599368469 0.1524141239 0.004995426787 0.1032006041 0.1836539255 0.0498567694 -0.02273069336 -0.03956657836
-1.545948288 -1.734502022 4.804048001 0.6488287052 -1.35874984 -0.3006734771 0.708051198 -0.8736368238 0.2351842784 -0.3226310916 0.2841681593 -0.2764233737 0.3395611917 0.2322230698 -0.3357430013
4.54298673 1.907141284 -0.1953680893 0.3844483595 -0.2982267699 -0.288350274 0.05670000279 0.3062239855 -0.2255800575 -0.3004088659 0.2000457243 0.4308759204 0.07100414136 -0.1414212187 -0.2046592734
5.119075197 -2.566660215 2.085156685 2.734601155 -1.865959832 -3.085186959 -0.6188838143 -0.5290896212 -1.086593809 -0.3551903238 -0.07405877552 -0.2853899305 1.173774812 -0.06975640487 -0.9222611187
4.078780285 3.026772897 0.8255904366 1.31336542 0.7571014902 0.637341885 0.5811194086 0.5417178208 0.2560623494 0.08676733548 0.1155730273 0.1659196083 0.1171497945 0.01085730474 0.03367926689
2.283859344 -0.7758670533 3.124160459 1.733610106 -0.8993247548 0.08022609118 0.6193849177 -0.1918827134 -0.1233651155 -0.2174379157 -0.187821174 -0.2703559237 -0.1711207596 -0.02329254754 -0.2166632636
3.590524844 1.801245743 0.4491429674 0.7045021428 -0.05634504748 -0.003815934337 -0.3090144635 -0.3889987925 -0.3658364792 -0.2164353868 0.03921742089 0.1318770691 0.1001600299 0.08639827222 -0.03418746597
5.003407316 -0.3936393694 1.854253684 2.929349326 -0.8820362195 -2.064650414 0.1447072853 -0.1203470373 -1.535128403 -0.7935395538 -0.70019832 -0.63267229 0.4201425409 -0.4494804923 -0.9707301109
2.533947237 1.816031504 0.2583254113 0.6848207243 0.3185170558 0.5596223999 0.390464829 0.238059471 -0.0009932638525 -0.06754824175 -0.05333722016 -0.1674646504 -0.1345212981 0.003277138041 -0.0009734202227
-0.846142227 -2.370174592 4.028863525 1.05572489 -0.9355221569 -0.2960602977 0.7178812895 -0.6688440039 0.2330543564 -0.1715962746 0.1877679197 -0.08001830579 0.2663760799 0.3797828597 -0.2629200286
3.273274653 0.5404246453 -0.1703982481 0.9552141271 -0.1180882303 -0.4082115157 -0.06213999635 0.2173905557 -0.06569899063 -0.1554618062 0.1919222612 0.2536837099 0.1001403167 -0.05284515809 -0.06994008509
5.586578518 -2.377992156 0.9153457511 2.357933545 -0.7752694468 -2.72168717 -1.380006531 -0.6940928894 -0.2824183707 0.4558015805 0.1465788327 -0.01920185739 1.24573928 0.5663992217 -0.373539921
2.865660109 2.443866666 0.3833335986 0.9711352961 0.475346334 0.3634657203 0.1352711042 0.01796289939 -0.2692387123 -0.319426673 -0.1397573722 -0.0896669014 -0.0836034639 -0.00302603841 -0.01008208168
-0.6664904813 0.7699627614 2.383019908 -0.07703073329 0.327444584 0.6239409798 -0.2362666718 -0.1624266886 0.1997166625 -0.4950389259 0.4175216756 0.03721308736 0.159799171 -0.05780556089 -0.1312905901
3.92203261 2.287911495 -0.1310879151 0.7148062334 0.3840407663 0.09853521596 -0.1427807222 0.04899534761 -0.138261221 -0.2819445257 -0.1431531229 -0.06473234387 -0.1829799291 -0.2015000615 -0.1383509636
4.858032327 -1.680991408 2.483110366 2.877862844 -1.682180582 -2.689146574 -0.4838911169 -0.7080141974 -1.586858674 -0.8226167765 -0.4043389923 -0.5190892958 0.8500359616 -0.04813369013 -0.8363083482
2.745189798 1.992215693 -0.2656193879 0.3904406941 0.1831993734 0.04858248419 -0.1125178355 0.006685163991 -0.0418751487 -0.103877181 0.06901305166 0.1637797008 0.09238099202 0.02546601699 0.0005756733527
-1.795013723 -2.789475017 4.339035533 1.14748996 -0.6032993039 -0.02635737212 0.9957884507 -0.5367472502 0.4074717698 -0.3442819613 0.09281503071 -0.2495901169 0.1896729064 0.1734886658 -0.29080631
3.99608713 1.891538249 -0.3757864633 0.2585123861 -0.2275692924 -0.4071042338 -0.5639027401 -0.2874704858 -0.2186051505 -0.2323216729 0.01228063072 0.07417284138 -0.05538063441 -0.02191760512 0.01728912338
4.530366572 -2.856470334 1.472607162 2.250090421 -1.874210305 -3.436229425 -1.248746039 -0.7347896314 -0.8847032106 -0.3185566383 -0.06336167714 -0.07606110716 1.145631923 0.007271294426 -0.901050233
