11.52797193 0.4165510812 -0.3942039017 -0.4337641642 -1.235374684 0.06503856869 -1.101353398 -0.5835726162 0.6290180203 -0.1506499299 -0.3367521267 0.009576353144 0.06265410555 0.438354951 -0.3434557972
7.257015153 -4.248469603 1.439787058 3.913376291 -0.6142318987 -0.6065354659 -0.7919915948 -1.166227673 -0.3291503441 -0.5125069066 -1.157693355 -0.4849984851 0.5941332474 0.6929564257 -0.0211143991
9.957303076 2.115986652 1.692568259 1.428788324 -0.5898466022 0.008939321514 -0.9743296616 -0.9584583013 -0.274081343 -0.6690640591 -0.5909738529 -0.210877099 -0.2060216357 0.2899091052 0.2814888747
7.197146123 0.1268275694 1.067340242 1.451747712 -0.1718731022 1.346825759 0.5188761855 0.3062226054 0.6934336325 -0.06989960215 0.04289877523 0.2409874254 -0.2895584752 -0.1236129008 -0.1569815819
5.558261194 -3.143154617 0.9437188422 1.414524147 -1.887088384 0.379267683 0.0933058119 -0.3173804766 0.6249677455 0.08903193891 -0.3575468444 -0.2291055731 -0.2555330144 -0.002673763731 -0.3879953575
5.246664878 -4.753017152 2.621902678 0.456882576 -0.9266322237 1.419905968 -2.326643181 -0.7469007711 1.040310854 -0.05092451127 0.1804063803 -1.033631668 -0.4468407882 1.092281232 -0.1550328076
10.21438574 0.9077414442 -1.050032391 0.1901875598 0.5132213158 0.7285008755 -1.191630211 -1.311596824 0.3870814752 1.24394172 1.30945491 0.5372127637 -0.6767542411 -0.5376525933 -0.05742976473
5.746448788 -1.18533925 -0.3950623629 0.4138713358 -0.9261061663 0.546966033 -0.1680282437 -0.2266718674 0.1751488299 -0.4256515167 -0.1877142344 -0.06190757442 -0.3827797737 0.0502396931 -0.2051561445
10.03571915 -0.9411551145 0.9318829525 0.7670170919 -0.9646410563 0.3796868336 -1.031710717 -0.9265858711 -0.2375983621 -0.546033501 0.1094622439 0.06353950849 -0.1123978461 0.4724131443 -0.1605261829
5.457066115 -5.173499293 1.350374858 2.297651481 -0.2634383214 -0.734561357 -1.783349477 0.7999141462 -0.01105408364 -0.6598397494 0.8257294706 -1.215355293 -0.7598899661 0.9655600326 -0.5582820177
6.746859673 3.381362366 1.576896967 1.030564785 0.04077305199 -0.2042159674 -0.7079148995 -0.662414302 -0.4203726974 -0.3478524834 -0.3641051562 -0.1575358451 -0.03373910653 0.1763913278 0.1524470791
7.357728431 0.450293176 0.5220811298 1.046983589 -0.4653832724 0.3215145711 -0.4510745649 -0.4863148688 0.01299699425 -0.4017499629 -0.2934781035 -0.05809001467 -0.2136277876 0.1905888575 0.04333106318
9.216840032 -3.920792189 0.2476795313 0.4624040855 -1.510603637 0.8839047728 -0.7497659559 -0.6330291201 0.161724838 -0.5608416733 0.05604964272 -0.1985577323 -0.4292507496 0.3177221459 -0.4625589003
5.390270745 -4.14164198 0.5094783485 0.2531204629 1.155628054 1.1944999 -3.016006014 -0.09522577021 0.2024466713 -0.8485179143 1.302725435 -0.3440463721 -0.7563814253 0.2375343207 -0.8532796
8.797294395 1.943900978 -0.2335397388 -0.5640298852 -0.8732245573 -0.2021102126 -0.7917565977 -0.4070185403 0.2935983372 0.1996394962 0.2741403731 0.3320448927 0.06094615253 0.1554649328 -0.3183902955
5.929830822 -1.176096734 -0.7808302354 -0.2098673797 -1.65660151 -0.1333718992 -0.5818386101 -0.35839865 0.2123303619 -0.2620268315 -0.09470416594 -0.04280073203 -0.4320414927 -0.05871413299 -0.2936357557
11.32630744 -2.043181019 -0.4019966226 -0.252772202 -0.7442441049 1.210986057 -1.738989509 -1.503847425 0.7015304591 0.09641251349 0.3654273632 0.3430585707 -0.6568077041 -0.09807566584 0.006791685471
5.37683294 -5.562064906 1.111604566 2.911469065 -2.268772164 -1.322118081 -0.4016005435 -0.01040949316 0.7403452315 -0.3468043901 -0.975493933 -0.1043987086 -0.1828437501 -0.4080361738 -0.2203047351
8.620106645 0.7946717813 0.6773233913 1.380481189 0.3289265433 0.3662255597 -1.288286968 -1.28942318 -0.5624185039 -0.3665394552 0.1962413277 -0.08192824409 -0.4308309376 0.1974641571 0.04442850592
6.385910884 -0.5803157175 0.3345440855 1.010154441 -0.4276287175 0.870947661 0.09968495654 0.114646392 0.467510791 -0.1791295979 0.006234362777 0.09162314084 -0.2779171452 0.07678368279 -0.19628726
6.037587427 -3.102353343 -0.3388347025 1.071140387 -1.097136482 -0.940740941 -1.284508236 0.1416406952 -0.08882673659 -1.001047973 -0.1525555687 -0.4801318801 -0.5366132388 0.2686899375 -0.3907420563
6.732207063 -6.661755369 1.60452736 1.042071905 -1.066754237 1.688694633 -1.639836461 -1.211863843 0.4487411861 -0.2906750221 0.3807264295 -0.2132595982 -0.625184736 0.2738837108 -0.2550257916
8.24867597 -0.5806473735 -0.7886548332 0.1700754668 -0.153210013 0.6182946159 -1.251199927 -1.117694186 0.2921513595 0.3969032502 0.5956524695 0.136105791 -0.7275257224 -0.2894635281 -0.04858767709
5.245022206 -1.698298756 -0.8282003567 0.06591286261 -1.236516294 0.2646476787 -0.416974037 -0.3465302219 0.1223902262 -0.4766520465 -0.2394729217 -0.087343928 -0.3801594726 0.06524463025 -0.2226633391
7.951421996 -1.398149446 0.7616729257 2.411550196 -0.5022591784 -0.9630915436 -1.247372585 -0.2989491968 0.2299518566 -0.5459157689 -0.6713850871 -0.3702395219 0.1032299664 0.5638008264 -0.1370126205
4.978460954 -5.049147092 -0.9587294398 1.136138299 -0.8050872759 -1.500580625 -2.326305119 0.3597921226 0.4998533611 -0.8813749699 -0.3554843847 -0.9416496445 -0.335351724 0.5480274222 -0.7899349504
8.080787825 2.114531439 1.121361106 1.219784937 -0.1738098576 -0.4233931597 -1.043871414 -0.8224246347 -0.4075085532 -0.4407994574 -0.3870858326 -0.2475387355 -0.07406644007 0.3428622614 0.1426538831
6.452067865 -0.9541616534 -0.165708181 0.4791640075 -1.354624933 -0.1559849888 -0.8304149356 -0.9183183228 -0.4554919486 -0.7500721382 -0.292265769 -0.1106798472 -0.3560376061 0.2016899908 -0.05726932945
7.827099816 -2.995228772 -0.404614007 0.3345198774 -1.098821864 0.3894826097 -0.674120675 -0.6380767745 -0.007976888371 -0.366924344 -0.01097227429 -0.2176620798 -0.4537445385 0.07778586918 -0.4149286706
4.1420675 -7.447750839 0.8566661746 0.888028392 0.3821608929 0.9688824085 -2.670188445 -0.2129069594 -0.06241540253 -0.4709491638 1.272242166 -1.001146416 -0.8718460534 0.3836850646 -0.9418727652
8.700101048 0.03592636169 -0.5480442685 0.2123178634 -0.9149278303 0.1019169558 -0.502605329 -0.3333661179 0.3968138553 -0.218382964 -0.5097479526 -0.1582561038 -0.05390458594 0.3051880784 -0.05848920173
5.109223601 -1.940062212 -1.194056559 -0.4581137272 -1.862155988 -0.2783522896 -0.7858528355 -0.7841854342 -0.2165816324 -0.5614157809 -0.3867509071 -0.3059263898 -0.5963608963 -0.1157685044 -0.312746507
