5.432663536 2.792546606 2.208155982 0.911424228 0.6522196849 0.4721134772 0.2151927033 0.195623675 0.07787846046 -0.440693572 -0.1508370077 -0.5012950478 -0.3831271279 -0.2671640978 -0.2364993926
2.36954277 1.883540715 2.002680345 0.1497070434 0.7725186175 -0.1702649081 0.7595743694 0.02398791826 0.6125522702 -0.1922840449 0.1917528326 -0.05908529035 -0.1120489547 -0.1083434468 -0.2081400871
5.197623681 -1.085354241 2.292159245 3.234925097 1.697390477 -0.767017577 -0.7616332999 -0.4748250266 -0.9746796333 -0.5859442533 -0.1050255746 -1.429452545 -0.3079021305 -0.3351377182 0.2033309744
-0.6228167162 -2.384954021 3.971774006 2.603534657 -0.1465033518 -0.3946376738 0.8945086719 -0.8747714619 0.6633400168 -0.2745651306 -0.03501065579 -0.9619946633 0.6627898671 -0.3341323915 0.0520408216
5.020775585 1.584150544 1.307875964 -0.3580770746 0.0802629703 0.3526335919 0.4164205904 0.2417118061 0.6384624317 -0.08871346542 0.6020488686 -0.3017992543 0.1337720317 -0.3814266628 -0.3012894156
1.100514958 -1.045035338 2.929107044 1.027985758 -0.8344541126 -0.1229867894 1.192854707 -0.2251755888 0.943851134 0.4229493261 0.4366561034 -0.2614781475 0.640281821 -0.6466050062 -0.1045905148
8.677676768 -0.2703291904 1.770314589 1.961226516 -1.076913181 -1.793848232 1.130358039 0.3756631194 -0.8898903986 -0.9671090993 -0.415859842 -1.12397065 -0.4162962147 0.6887777366 0.3300476399
-0.2766507068 -1.330266287 3.379822595 0.9661611405 -0.9613312111 -0.5798658748 1.213897214 0.07270231327 0.7367315922 0.01613788086 0.4342897469 -0.34202787 0.4497705915 -0.5489116876 -0.1476103233
3.974888279 2.183031436 1.903437278 0.1341254674 1.007051039 0.2163786883 0.3150482842 0.1793182059 0.5242629853 -0.3781528074 -0.06055739276 -0.2098352005 -0.0398660485 0.02096700143 -0.1085619517
2.49139373 2.091965368 0.5732626888 -0.06111082685 -0.1852270967 0.3222721374 0.4023502058 0.2616676446 0.5830582307 0.1094856001 0.6156710846 -0.2500653589 0.06371289993 -0.3249053466 -0.2312740046
4.33629581 -0.7712234696 0.02939653919 1.969155583 0.475189711 -1.443090232 -0.1693335943 -0.7282415905 -0.1185006847 -0.04329756972 0.8868700515 -0.2348612824 -0.1749741695 -0.2786698121 0.1248671623
-3.719611464 -2.567388878 4.043544758 2.293425934 -0.09499521994 -0.03861481576 0.8725086544 -0.5538789168 0.5049790699 0.1014144374 0.1593644926 -0.669668426 0.2861435838 -0.4549559201 0.2355241961
3.901394284 2.266048483 1.188765613 -0.04392618899 0.02164073534 0.5321845251 0.4393807155 0.3307664916 0.5834977294 -0.1702499831 0.6100682556 -0.3569480676 0.1303010254 -0.4572567329 -0.3487565504
3.209818212 -0.5986320198 2.059908337 0.601554682 0.1143885156 0.1681929169 0.4428968846 -0.1150334149 0.5234929249 -0.3261095811 0.1310901862 -0.1683296716 0.1439118758 -0.2749643438 -0.1337267293
6.286017038 -0.2266969848 1.155175073 1.454155151 -0.6760533762 -1.076323486 0.8391536361 -0.1320085095 -1.061617146 -1.554944189 -0.5318184492 -0.7319590515 0.5133952197 0.3955900198 -0.09671396848
-1.922729648 -0.5651785524 2.924087657 1.186658509 0.03001499421 -0.3892072569 1.617219961 -0.3517302071 0.5307641436 -0.4635593722 0.4748050854 -0.4899069664 0.3383001502 -0.439138089 -0.1573565788
4.895680776 1.001818982 1.895666718 0.8910551264 0.5239365911 0.2162641847 0.1124681756 0.3797776799 0.3634413405 -0.294250584 0.09267809555 -0.0571719472 -0.0271509743 -0.08238259313 -0.03580050142
-0.5019850015 1.679530457 1.407336931 0.2092464266 1.20032682 0.5229396353 0.7998246947 -0.008941818455 0.07518050562 -0.4106087605 0.2367605361 0.1273470162 0.1203996392 -0.1306400412 -0.1522795784
4.981160655 -0.4783461166 1.624702119 2.578313586 0.790806742 -1.146383552 -0.7044829333 0.2291142065 -0.3577560949 -0.7387140559 0.1766892803 -1.432697805 -0.6515278449 -0.5329857213 -0.1467816005
-2.472349218 -2.383868103 4.426042778 2.658606231 -0.4642191185 -0.4181139403 0.8038822335 -0.6796626251 0.6014687707 -0.4040465295 0.002199343629 -0.7045176927 0.5573366198 -0.5687454737 0.2305246862
4.146053095 1.398703824 0.9914836029 -0.4380972382 -0.0875607461 0.387575166 0.5349889078 0.4490629556 0.8538836064 -0.009363354747 0.7516003981 -0.2189311062 0.1930722672 -0.4300350635 -0.3049189166
1.013887541 -1.380114134 2.894348918 0.8968979156 -1.376823266 -0.4742460321 0.9189310374 -0.391458064 0.9157442847 0.02294156668 0.05585332306 -0.040016138 0.5961069607 -0.8729538642 -0.2011513785
6.323487952 1.497910419 1.361244701 1.125083154 -0.9998278173 -1.040196772 0.6574257211 0.05912830333 -0.4765510292 -1.150127201 -0.02578133761 -1.013488177 -0.3216802654 -0.0036012287 0.3196251723
-0.981717391 -1.918267091 2.876925458 1.107576854 -0.9680019719 -0.6001937277 0.9697238975 -0.2088556724 0.6988215045 0.011628648 0.3036722342 -0.4049247238 0.6157197471 -0.4957150393 -0.1388318005
2.749906254 2.030828865 1.138170059 0.5102548127 0.3717790914 0.1697574528 0.1249731819 -0.02798619567 0.06617069208 -0.3511998776 0.0179524311 -0.1890164913 -0.04556202496 -0.07915492457 -0.1544449766
2.091511247 0.3826603681 -0.02427977519 0.3173259228 0.1938214363 -0.2372548438 0.6464837591 -0.4918475992 0.2821411638 -0.7289758505 0.7677459156 0.03301113469 -0.2382251803 -0.2901274655 -0.02801433619
2.838466467 -1.907706786 0.49542909 1.116839309 0.5413224372 -1.36088694 -1.289497499 -0.1069161947 -0.1346576925 -0.05191521481 0.7202763714 0.4437621535 -0.2693009608 -0.737522512 0.1206500306
-3.859386813 -2.881334688 3.06706176 1.083666367 -0.2266055269 0.384398614 1.228883851 -0.8072984137 0.3380257835 -0.7894420484 0.08533257521 -0.1595724892 0.7717183833 -0.2775371738 0.04455199547
3.42004407 1.867332765 0.7128319483 -0.4645768063 -0.3318158805 0.2494424571 0.3038491191 0.2231873342 0.6040318514 -0.03118343196 0.623854584 -0.2987180778 0.1202523025 -0.3855048886 -0.2953483463
2.394983798 0.6159171692 3.125602252 0.8973253606 0.2103760994 -0.4225596662 1.090983411 -0.6204944228 -0.1757156958 -1.071834695 -0.2023823632 -0.5990967088 0.2589548869 -0.2305541218 -0.2187306904
5.193836834 -0.4096625538 1.572044582 1.290538695 -1.112865008 -1.171221617 0.8248569847 -0.04596240816 -1.353847647 -1.389643568 -0.2834964548 -0.8331529229 -0.1301846024 0.2963604418 0.4497254898
-2.112437579 -1.567772749 2.94939576 0.5683488508 -0.9149426942 -0.8045709495 1.321639512 -0.3880975422 0.4902678593 -0.1410760352 0.5489806223 -0.2054257683 0.5720246468 -0.6331026527 -0.4331051316
