3.103518195 -0.749287424 3.677505269 0.9388962801 0.1310206012 -0.2451893601 0.6387639821 0.8832232077 -0.04522557288 0.272897385 0.2204625577 0.3293327393 -0.03188738926 -0.2730810779 0.1098927255
8.159222743 5.183517543 1.052395243 0.3181693707 -0.4874298899 -0.287221578 -0.09658515142 0.02131468019 0.05483636692 0.08513257502 0.06651274115 -0.03191307464 -0.03614215666 -0.03513557417 0.08520333561
1.512799308 0.462373894 2.227087357 -0.3143211394 0.2860941547 0.5876558068 0.1937126355 -0.0555508173 0.2565103768 0.2338538228 0.02010739928 0.1156740311 0.1919807375 -0.02655972923 -0.01799790899
8.248658236 0.9872121179 -0.4226229301 0.2003080648 0.1896134773 -0.2546850779 -0.4949858224 -0.2431538639 -0.03200991481 0.006220763554 -0.2753449769 0.1358713258 -0.4125028819 -0.2032785254 0.01820434776
2.924476447 2.28786858 -0.05246383709 0.4669071341 0.2792376565 0.406778277 0.3791417106 0.4597379852 0.300717207 0.06380076186 0.1032779507 0.2580187587 0.1046430538 -0.1091200645 -0.1496758854
4.256566593 2.821976538 0.9547596923 1.419523799 0.608359847 0.260092464 0.199033349 0.3377516909 0.2038273953 0.1911372031 0.2514410725 0.1787727125 -0.01013185526 -0.1654248482 -0.07457484133
-1.257378318 -3.408925741 4.72759582 1.709880796 0.009488701636 -0.2603542107 0.2730215453 0.4283106065 0.09234222734 -0.08563351528 0.289584132 -0.1631699698 -0.2572595949 -0.467940845 0.5827834773
4.576506973 -0.5763078213 -1.527479445 -0.8903003989 -0.4990583847 0.806121407 0.3076644126 0.5387653426 0.196201341 -1.223972653 -0.09488276645 0.6503364453 -0.1675003121 0.04182985202 -0.2072346625
5.377892809 -0.4257536411 2.396612733 1.63273654 0.4917316167 -0.9558682353 -0.8184122886 -0.3361331486 -0.2048342447 -0.1625469818 -0.5352975481 -0.04983316913 -0.2618206252 -0.3240878952 0.005010910636
3.408441984 1.79844856 0.2669890676 1.561599948 0.5784868097 -0.3642523459 -0.206969896 0.6109480886 0.2119440771 -0.4257477729 -0.08591816996 0.5233401161 0.3626028264 -0.1843696392 -0.1938271748
0.4268772066 -3.186919222 5.320140408 1.711607628 0.02445271196 -0.2346425507 0.2521840386 0.8614959083 -0.08086056593 -0.2840095473 0.03601206002 0.268653063 -0.2657869318 -0.4821089295 0.6436112406
6.935941779 -0.7016640725 -0.5484539196 2.697640039 1.161887967 -2.79484891 -1.838519832 -1.172900448 -0.5469561302 -0.3985369972 -0.9152859861 -0.3410242214 -0.3825309853 0.32299074 0.4580800999
2.62787916 1.261260891 0.8751770665 1.12611489 0.3577786961 0.4729620182 0.1238294934 0.02061233401 0.05270596048 0.03632566965 -0.06309210257 0.0061980315 0.05760403037 0.03743606059 -0.006854052431
3.181024958 0.848020168 -0.7097976743 0.2920538111 0.1625899556 0.2832034542 0.07157376874 0.1491140759 0.1238687411 -0.03315882028 -0.09463930389 -0.1054397346 -0.1539888111 -0.08199823305 -0.05655211894
-0.08387500337 -4.586882979 4.186242437 1.539633949 -0.1422567033 -0.459880695 -0.1195300515 0.420444824 0.192088802 -0.08715130986 0.1812835689 0.2429685725 -0.2866534959 -0.4735942941 0.5556720751
9.098178733 -0.7877902038 -3.022219329 -1.561626745 -1.222923864 0.05453967696 -0.2868604783 -0.06195238468 0.05819527812 -1.236565955 -0.3567258841 0.06076858791 -1.086753869 -0.2975050492 -0.8319050927
3.184836325 -1.976975674 3.451215092 0.2606002704 -1.054990305 0.1894566623 0.793900011 0.2632526727 -0.4246528896 -0.1285676538 0.407329714 0.3245426092 -0.3453481497 -0.1932989911 0.280264569
5.924241168 3.336308267 1.483817112 1.307702943 0.2498877776 -0.04519621403 -0.02877024662 0.0975301173 -0.08376792253 -0.09641457081 0.05957635931 0.1198016888 0.02393931126 0.01406903041 0.006313246095
-0.2839234423 -0.8382559666 2.560165917 0.6311857271 -0.6177043417 -0.2623577471 0.7952259642 0.1751215822 0.06176620995 0.07789393678 0.495980928 0.06762007109 0.07618337121 -0.1310537332 0.001724051031
7.372983702 1.67470431 -0.4762371361 1.633768262 1.091041191 -1.631017637 -1.820504141 -1.031361181 0.08376605353 -0.358585637 -0.8197927474 -0.1239294402 -0.05884125621 0.1983708768 0.2110534487
2.92868782 2.448324822 0.3711412479 0.9149770891 0.4618834191 0.2970021366 0.1191293798 0.07599895829 -0.1151637122 -0.2820637035 -0.1140065545 0.06569194285 -0.006724148672 -0.1020828173 -0.1206926243
4.144183203 1.881165118 0.4029676949 0.7065924752 0.02955541769 0.07541184087 -0.1374052899 -0.07794778428 -0.01962839243 -0.065959442 -0.03298874052 -0.02962295523 -0.06547802972 -0.1042827545 -0.1953712973
-1.267038752 -3.624659476 4.244582893 0.9143023521 -0.6002424802 -0.3438108966 0.2951127859 0.3418896267 0.007669538535 -0.1841121052 0.1815057384 -0.07873755765 -0.08770194438 -0.306362867 0.6010772638
7.336832511 -0.6834430452 -2.468371756 -1.694105985 -1.258827779 -0.05810609899 0.073753695 0.5113046402 -0.209240929 -1.402073014 -0.275246485 0.1203509324 -0.7958793745 -0.1938440797 -0.690841627
3.471617605 -2.168277897 3.388459723 2.15423582 0.1453989831 -0.8177720244 -0.9553214806 -0.2326052125 -0.04275526337 -0.2757226566 -0.3886678642 -0.2375644488 -0.3499536508 -0.4784957759 0.0354601542
3.483958254 1.005910668 -0.1686594448 1.162416056 0.3264711892 -0.5723894752 -0.5818440921 0.1651721771 -0.03087597475 -0.4726645905 -0.2416869371 0.299346249 0.2700435985 -0.1369053799 -0.1655317652
1.466115779 -3.333058022 3.770924899 1.32928823 -0.6052660757 -0.251462997 0.1273367156 0.2957583912 -0.1445889222 -0.2209519346 0.366526937 0.4051328383 -0.3601282806 -0.4809553324 0.1615378324
6.364998396 0.2463154442 -0.2724041706 1.957430359 0.6702892224 -2.275532939 -1.928003237 -1.05663088 -0.3794895864 -0.3430067033 -0.946121179 -0.4012907053 -0.2999528354 -0.256031819 -0.06217580927
2.441825263 1.444287303 0.4241025819 0.5881916372 -0.1403798849 0.02572426453 -0.03448841852 -0.03751156058 -0.04353684443 -0.09552801315 0.03549684081 0.1790556265 0.1930709076 0.1412988187 0.05983435773
3.194569671 2.158391364 -0.1406847746 0.3125997953 -0.04732518048 -0.1305525469 -0.3047513603 -0.1968850151 -0.2473896989 -0.2418401934 -0.1072894654 0.07644330969 0.03755814452 -0.04507934999 -0.03089307385
-1.96101798 -4.613081549 4.716036425 1.411460965 0.03194306921 -0.5220485875 0.156988633 0.6485741597 0.4469989228 -0.1787245205 -0.009247174153 0.3007168328 -0.09716001404 -0.4181543131 0.4770983008
8.687805548 -2.855950975 -3.037521255 -1.124528585 -1.654285657 0.2226818176 -0.00669369715 -0.1198853769 0.1541937358 -1.710911116 -0.3248649508 0.1550559939 -0.9558706677 -0.2554346527 -0.6459599407
