8.41816109 -0.9833341554 2.259872068 0.515454281 -0.4313365181 -3.236910977 -1.037042961 1.267315283 -0.3719974676 -1.33180958 -1.16841889 -0.03029819062 -2.622813972 -0.1792725698 0.9643622943
3.377641506 -1.198300136 2.382257098 1.108096457 -0.2363543814 -0.001819820616 -0.98286093 -1.388213349 0.3053421768 -1.213488239 -2.507132735 -0.203545555 -0.4003665783 -0.01729673391 -0.451401443
5.45560217 1.947337699 0.7594180102 0.8273344714 0.6362752159 0.3331100666 -0.5715627109 -0.4592623914 -0.3070904864 0.05804052871 -0.4565509849 -0.4114377639 -0.6753912914 -0.5650365748 -0.3857637304
-0.5686416001 -6.775443248 1.838186851 2.304129382 -1.18741271 -1.237181765 -1.28235338 -2.01613329 1.679512281 0.5212700515 -1.932719909 -0.5844050089 -0.1036492776 0.2379110312 -0.5147794824
5.56988443 -2.862877775 0.04974121448 3.028741925 2.271120789 -2.295976117 -3.289955696 -0.3656656115 -1.169120317 -1.397695945 0.1112320471 0.2749010352 -1.171528128 0.3780477434 0.4730679234
2.213394373 -4.9257666 1.107584579 1.689868976 -1.584837282 -0.2084425365 -1.234878371 -2.16185473 0.6768054616 0.6331006804 -1.822077816 -0.4545268997 0.09332128718 -0.3677985886 -0.1136479493
0.4848637429 0.956688935 0.352493922 -3.994387517 1.269328405 -2.308432068 -0.6506176282 0.1287429207 -0.1094165987 1.174909724 0.03654368345 -0.4890219936 -0.5256004029 -0.6363548811 -0.6366924421
-4.026864902 -6.677738592 2.471143639 2.281857039 0.06234028209 -1.617088121 -1.440968287 -1.648500375 0.980828645 0.2458195867 -1.516316164 -0.8226004002 -0.3233853148 0.05897497847 -0.75422092
5.504217974 1.112526777 2.920109807 0.8717039433 0.03048429098 -3.5075411 -1.3064085 1.24061899 -0.8324620183 -1.638473873 -1.016599122 0.2574472965 -2.578444463 -1.20084397 0.7350103273
0.177675307 -2.416289101 2.428451808 0.08428422799 -0.7883561377 -0.2932964561 -0.7258252681 -0.8834408116 -0.1520753078 -0.1675048841 -1.13781152 -0.2405637369 -0.4708890985 -0.05726097473 -0.5099050793
4.958445029 0.2795014699 -1.206241307 -0.6415392035 -1.170481793 -0.6451342535 -0.8234971295 -0.5958845084 -0.4252863068 -0.0578700431 -0.3494561224 -0.1311090872 -0.3542716638 -0.5906252449 -0.3017065259
-1.763749042 -4.083636881 4.586652756 3.005672096 1.251836822 -0.6367535246 -1.340555622 -1.203204906 0.3478632189 0.1270166308 -2.222340127 -0.1569473456 -0.6987674805 0.245267318 -0.8211985176
4.929432166 -1.494742797 -0.7379599647 2.161637644 -0.4058482878 -1.549016753 -2.100325579 -2.318675564 -2.10798725 0.5556243815 0.6196039602 -1.188562856 -1.343865503 0.6505755628 0.6838261458
-1.141990841 -6.004617418 0.4123078259 0.2565623287 -0.2331615406 -0.4848893137 0.1658899051 -0.2854849428 0.5949884008 0.09500697742 -1.872292699 -0.4859175108 -0.05584521161 0.35123102 -0.9397205138
3.204277633 -2.252825671 -2.278438634 -1.089537638 -0.6289818371 -1.498662521 -1.771647683 1.345128018 -0.9358562808 -0.9949735866 -1.656764107 -1.515587755 -1.434985866 0.8134022816 0.9278713291
-5.614174972 -6.862081454 1.830071437 2.375888998 0.2543289511 -1.262986476 -2.0546536 -1.616136413 -0.01550049282 0.7199995042 -1.224903356 -0.5876253425 -0.6068673379 -0.2754355619 -0.8435331445
6.998450863 0.5436189288 0.8864226357 0.867430476 -0.2279163406 -1.766250278 -0.194058207 1.368192569 -0.7858201055 -2.67828294 -1.814825942 -0.5222246453 -1.487537996 0.09438338064 0.7059852605
2.762533011 -0.4189265378 -0.1989602243 -0.3403037088 -0.601520299 -0.5249147404 -0.8019572231 -0.543392477 -0.4193843201 -0.1874792288 -0.3182568632 -0.33202923 -0.58136879 -0.499073324 -0.2009666125
5.21136799 1.311721355 -0.04161316345 0.5059332567 0.2557303074 -0.4556620859 -0.803889835 -0.3357221611 -0.8793820413 -1.08676571 -1.126051337 -0.6566141699 -0.7189576122 -0.4122546789 -0.09106610245
-1.184358786 -5.398980838 2.050701239 0.8406037008 -0.3677079546 -0.9685284419 -1.798831604 -1.13509424 -0.2325700369 0.4674548627 -1.345079714 -0.5150515352 -0.1949152746 0.3481147511 -0.3143533418
5.003764684 -3.489630548 -1.091549101 2.445589807 1.40680287 -2.418478587 -2.953957861 -0.07640364265 -0.625601616 -1.080579111 -0.1249026678 -0.3205758178 -0.7202287976 -0.1083264496 0.3603717915
3.722367129 -5.285255107 0.5897436624 0.5768211599 0.3516021278 -0.4281930147 -1.778629695 -1.271274479 -0.943340723 0.0643303507 0.1332661186 -0.09212011647 -0.3296170503 -0.3336359016 -0.5765214625
-2.257070913 1.989671534 -0.004819612649 -3.87441042 1.628050008 -2.714515968 -0.6112334023 0.01002471754 -0.1167640322 0.264448281 -0.1335111183 -0.9226671084 -0.5345646698 -0.8684230732 -0.8374586295
-4.020666662 -6.247521206 2.497952147 1.543709694 -0.266433914 -1.553354051 -2.185618289 -1.789716296 -0.3014518806 0.9673524779 -1.947277807 -0.143264667 -0.4342184468 0.4554655877 -0.7203297886
4.668076821 0.6062518619 2.481889301 0.515054097 -1.1993433 -2.479923306 -0.6640615096 1.485972432 -0.3592695942 -2.17206083 -1.848703397 -0.6958375704 -1.732903256 -0.4044974569 1.139916369
-0.9917432945 -3.33797299 2.152543012 -0.9634397984 -0.1627570387 -1.273859361 -1.561769045 -0.3038324706 -0.09140920099 -0.7736922881 -1.610688035 0.1168163673 0.140878822 -0.9431926393 -0.92109423
5.159069069 -0.1622937332 -2.068265123 -1.711101201 -0.4616404854 -0.8951962994 -1.671017852 -1.498470485 -0.7234728013 1.351409532 0.9515502311 0.3623378069 -0.7928580911 -1.280213664 -0.132029003
-3.941844021 -4.980682804 2.974103079 2.657952632 0.6260571686 -1.303021862 -2.370785715 -2.378730905 -0.6304135968 -0.3566336225 -1.990881609 -0.8895588331 -0.775137599 -0.3485388524 -0.9237201672
1.943343008 -2.746378508 0.1669286742 2.111721206 0.7048488917 -2.610246669 -2.337972603 -1.255662869 -1.143122486 -0.4636097712 0.2632895691 -0.5694039917 -0.9417420878 0.3957696401 0.3782933191
1.48085621 -5.393819895 0.2674681364 -1.191416569 -1.407093557 -1.169175474 -1.032343647 -1.120334393 0.6069444783 0.5324361482 -1.520122371 -0.3019188798 -0.2311515463 0.2726341431 -0.3804568385
3.270307627 -4.742030059 -3.313004696 -1.106914976 -1.234441622 0.2454461979 -0.8134716167 1.636889791 -0.646633656 -0.6502787673 -1.226858631 -0.8643386797 -0.9424781284 0.4184810516 -0.3036411767
-4.618533877 -6.136224736 0.5062289132 1.273201749 -0.3876225353 -0.9313350556 -1.341233288 -1.054465778 0.161101027 0.4395061628 -1.12185624 -0.7497981689 -0.7409583616 -0.6773732061 -0.8238625869
