3.977547694 3.029000756 0.4395636509 1.156793064 0.8798972915 0.5926780953 0.396458077 0.6342532782 0.4592488465 0.2835572007 0.3327949395 0.4277172833 0.2799749687 0.04413653747 0.02095834786
4.778756688 3.480397512 0.564743884 1.191381144 0.7498487908 0.3569738169 0.1108108965 0.3602113529 0.2085881328 0.09582883128 0.1427334958 0.2051447893 0.06621365445 -0.1077765527 -0.1319153678
3.634134829 2.505419878 -0.1608485719 0.8173000555 0.6987269167 0.4071625278 0.3793659189 0.752581839 0.6558684136 0.5332904761 0.5276114338 0.5161912634 0.2423713554 0.03906749812 0.03174190594
6.099505264 2.416058712 0.01876328045 2.369250695 1.789877343 -0.284755359 -1.165453461 -0.3992748441 -0.07511683208 -0.1830160007 -0.07771654761 0.08451035319 -0.1236711214 -0.1195765128 0.19170285
3.310752628 1.78863199 -0.3196157926 1.147647417 0.8101821402 0.2339235063 0.1182666591 0.4988633727 0.2436984369 0.04478156793 0.1267627628 0.2588994935 0.09473097627 -0.05061023951 0.03281992733
6.50933927 2.856238455 -0.4652237677 0.3968974529 -0.5754795191 -1.384796139 -0.7213667042 0.7250000555 0.688619654 0.004093212275 0.09487914295 0.5540804884 0.3607347847 0.03201895439 0.08153394812
3.110189741 2.088530172 -0.5083046682 0.4342262452 0.3187236156 0.1404434478 0.1095263873 0.5831109731 0.5082052509 0.3784786809 0.4184362437 0.4756252979 0.2757696618 0.05072955116 0.04176983317
7.734489604 1.283669838 -2.277281555 0.2252667069 0.3510143594 -0.9935076151 -0.8991825238 0.5787558965 0.4939593372 -0.3563979153 0.1741094665 1.270930661 1.11958533 -0.01030471485 -0.527133008
3.994441978 2.62983227 0.177468904 1.29647382 0.9896587213 0.3561844641 -0.09517922494 0.04842299046 -0.03215454958 -0.02573233654 0.1149894559 0.1829621372 -0.01084488388 -0.1340956983 -0.01365041368
5.314864833 2.971128529 -0.07584078063 1.057814313 0.8580103046 0.05457835287 -0.6807637209 -0.6231068358 -0.6145620913 -0.3898825102 -0.009403178063 0.2488512057 0.01371542152 -0.1289889301 0.2613787494
3.672555271 2.705047376 0.05917646618 0.8163092098 0.387270462 -0.03017868451 -0.05821770046 0.4436206292 0.4355977782 0.2653745727 0.2866192205 0.4069873758 0.2798482209 0.07820572003 0.0178714929
6.558879832 0.7660575021 -0.5882642529 3.446262372 2.65539589 -1.078334997 -2.474921719 -0.8179874609 -0.009701541452 -0.3262593354 -0.3684955976 -0.1506264633 -0.357928075 -0.3747880796 0.1676617328
4.225657856 1.727474576 -0.491898937 1.144975019 0.7998960348 0.106790998 -0.2210028404 0.02836876169 -0.1232851592 -0.404967391 -0.4322475401 -0.2443802833 -0.2114378448 -0.1017847481 -0.0565871489
6.026360215 3.867568302 0.3794849551 0.5707022728 -0.1469174164 -0.8505904519 -0.9295583787 -0.2892822425 -0.1117968933 -0.06996731161 0.1357778558 0.3249817447 0.1471864786 0.06881790015 0.2576178376
3.366836845 2.314661091 -0.4710177463 0.339221112 0.1723058029 -0.1174942168 -0.2165376576 0.1083729423 0.05268205654 0.03907559745 0.1566805797 0.2838972751 0.2061163424 0.01011257553 -0.02188308678
7.655929463 1.167639257 -1.875298962 1.54159277 1.494707649 -1.145642316 -2.135249152 -0.6690646658 0.008382514894 -0.2493331461 0.3222002326 1.242600819 0.869607954 -0.09620324526 -0.3751795962
4.047596247 2.913031465 0.02337691581 0.8592257425 0.6970955897 0.3835121149 0.2887656952 0.5482708122 0.4153125776 0.2266899727 0.09846611749 0.0510888864 -0.1070977694 -0.175742733 -0.1023089194
5.871684367 2.63385915 -0.6194281736 0.7611003897 0.5600905461 -0.3830179243 -0.6795365812 0.05356756788 0.077769041 -0.3778221119 -0.3426204459 0.06649363952 0.2280484161 0.09582597837 -0.02079809849
3.578090216 2.537872941 -0.3304585408 0.4900880019 0.6107761195 0.4936488826 0.1803388488 0.3056735164 0.2946014982 0.3203951154 0.3684211934 0.4188181924 0.2324134362 -0.01455034659 -0.09065045349
5.209652661 1.531307278 -0.7702416266 1.91487763 1.640162375 -0.1382032717 -1.274406273 -0.684854406 -0.1378884006 -0.08797523625 -0.1778000158 -0.09820613609 -0.1993059937 -0.2039948849 0.09407672043
3.35316601 2.014617832 -0.4574361517 0.6804768471 0.5512697197 0.3085996499 0.2322442649 0.5074885974 0.2368633728 -0.08479307041 -0.1248977036 -0.08941357465 -0.1960200218 -0.2819474101 -0.162069436
6.539777928 2.193516907 -1.097838445 0.4570682898 -0.2244101462 -1.561403183 -1.310759326 0.213854326 0.4442533798 -0.2352116883 -0.3111296611 0.2452900099 0.2515896829 -0.04625327452 -0.02043330052
3.150106502 2.03552589 -0.7279951374 0.09445685376 -0.08749716745 -0.228557017 -0.1369765142 0.4094092091 0.3163157241 0.1075517539 0.06017518072 0.1587173175 0.03194397437 -0.1602392738 -0.1480792085
7.147796293 0.9987083753 -2.403405135 0.2091072051 0.5650963501 -0.8358842005 -1.376451961 0.1388992369 0.6714257672 0.0813772302 0.04846545124 0.6631250312 0.587704762 0.07969433079 -0.5840358415
3.888850884 2.666987644 -0.07880902797 0.7712970122 0.4290338037 -0.07340364895 -0.2486129886 0.03585763859 -0.02970733059 -0.002063597561 0.04835166721 0.1283426856 -0.09465297806 -0.2950409582 -0.2178476749
5.999794266 2.909601221 -0.7021197965 0.4244195114 0.2538034421 -0.3041092011 -1.121655001 -1.065397164 -0.9474184036 -0.4414166284 -0.004451326584 0.06336049752 -0.1013006727 0.08947288744 0.4005335485
3.713784553 2.564954504 -0.3891318255 0.3439722866 0.1539391787 -0.01864712938 0.1034471676 0.6596366517 0.4429796177 0.1948489905 0.1609752184 0.2857381413 0.1141294596 -0.0863415109 -0.05399722801
6.537724657 1.257734091 -0.9926771715 2.594702272 2.612093859 -0.3825230628 -2.259261367 -1.190981457 -0.1328364281 0.2381799347 0.181648475 -0.1006452179 -0.4380798203 -0.4193565616 0.1268966113
4.17722346 0.4471228116 -1.079408644 0.8916695867 0.3242252227 -0.03426172341 0.09308871504 0.3789920188 0.07240899964 -0.4271544416 -0.5581499158 -0.3920508938 -0.2631133563 0.07610999144 0.4265707429
6.053034823 3.258580181 0.02823384765 0.6061957308 -0.3807685693 -1.370165914 -1.340526085 -0.3056074885 -0.09966908731 -0.2604969556 -0.1644817941 0.06383201638 -0.1265871618 -0.2185687585 0.09081120159
2.955212077 1.687654357 -0.6662635446 0.6502367621 0.3778345161 -0.03925357753 -0.2009935501 -0.06190392452 -0.1907813812 -0.197558679 -0.1259433203 0.03749904997 -0.03681761755 -0.1590768146 -0.1158787816
7.82952045 0.4339055331 -2.821260562 0.7874584548 1.337394063 -1.04994954 -2.328651809 -1.129791846 -0.1626020724 0.1077550887 0.3518092433 0.6659140011 0.4716132117 0.01824176039 -0.3899782385
