4.613634664 2.648226853 0.5345906033 1.157609719 0.6472381609 0.3088892414 0.09824087214 0.356655444 0.1349677349 -0.1388324948 0.002876205504 0.1686542149 0.1857446817 0.1937052353 0.09013876603
10.23650553 0.95675726 -0.5857018835 0.4597882714 -1.121482357 -1.625855823 -0.1334020774 0.4139623416 0.05272892102 -0.7676307446 -0.9341040987 -0.1727510728 0.3253020904 0.3634217338 0.454274714
3.979966904 0.6618934074 1.534979375 1.643501227 0.7447439485 0.5626293751 -0.08741201512 0.1820650582 0.2061559941 -0.1442241815 0.009156417413 0.08436873561 0.0145360151 0.1569923931 0.0893687541
6.78947246 3.386262552 1.232262887 1.011477021 -0.2548517154 -0.2568149609 0.1041145862 0.6090734125 0.4110922226 -0.04462145317 -0.03312345984 0.02564172794 0.01338461789 0.0911382613 -0.05938086189
3.391095063 2.258923172 1.131499607 1.480101801 0.7819134469 0.6255343116 0.2286716875 0.2398195523 0.1597536669 -0.03002348855 0.02614943498 0.1581310268 0.08708409486 0.1485703656 0.07297957978
10.43146646 -1.554768529 1.277104565 0.6634190646 -2.749787809 -2.151935257 -0.02659870751 1.634075203 0.2260205527 -1.488428721 -0.1412554856 -0.1058774008 0.2222264879 0.9834285084 0.06493439755
1.531927218 -3.433472227 1.813706365 0.9373195234 1.184494962 1.706290648 0.1739175684 -1.070762623 0.1325972216 0.04143317278 -0.01584025115 0.5614298085 0.3323942411 -0.007450393724 -0.01363996469
4.589562242 2.014700905 -0.3460221117 0.2932024944 0.008820190309 -0.0903824362 -0.34703383 -0.078316268 -0.06487845392 -0.1331249806 0.1422309862 0.2446596178 0.13728809 0.09089570682 -0.07252036075
2.852948972 2.34711327 0.2836609118 0.7861965051 0.4871325877 0.3876959318 0.06285084921 0.1965882623 0.06414365795 -0.216787529 -0.07313648304 0.161823969 0.1554325465 0.1120799453 0.007981359116
10.21012671 -1.229632461 0.5185385541 0.8802933049 0.3367630827 -0.8028407366 -0.1414652978 0.6123585715 -0.5278548976 -1.221747197 -1.1240061 -0.3077542603 0.06798733929 0.4932768439 0.1839564919
4.007600528 -1.707194919 2.183210999 0.9816590809 0.7996103525 1.461288179 0.07058312984 -0.980628155 0.03772303245 0.09318558863 -0.04204718794 0.4424732071 0.06677556866 -0.183772265 -0.05604956757
5.06508118 3.53882619 1.84861174 1.646154407 0.6645391173 0.4396191338 0.1866688082 0.2514016054 0.1337741624 -0.07578449489 -0.01303534562 0.09666370642 0.03672166216 0.1416133897 0.107205313
2.610824045 0.3883948249 0.6489689079 1.340003548 0.4602457813 0.09288748831 -0.2080070789 0.07208408554 0.09168657937 -0.1443629057 0.01020019985 0.1616784451 0.1051141719 0.2033568917 0.107466022
8.390420344 1.561234738 1.365899039 0.378572552 -2.338028846 -1.545233971 0.2629997653 1.391717051 0.5389043318 -0.5077988957 -0.2540308383 -0.2110227921 -0.01129439076 0.4385491829 0.08872831678
-1.348347199 -2.084890898 3.33213849 0.8287254294 -0.07953277089 0.7451111082 -0.1389552558 -0.1257790056 0.2347382048 -0.4129631864 0.3643652108 0.2619479903 0.04531645924 0.1450808262 0.03522518783
3.932858217 1.569760832 -0.06704714105 0.930393138 0.5505083542 0.2431571756 -0.1686081281 0.02483364745 0.01118579693 -0.1731094234 -0.09331123161 0.05198796492 0.05543234555 0.1398107034 0.03325652519
3.944546731 2.571461591 0.513344747 0.7078850329 0.2142922141 -0.03279817197 -0.4398768798 -0.2132210387 -0.1729219081 -0.320265296 -0.1764615927 0.1023509015 0.1387305559 0.07384642506 -0.058706423
10.50198424 -1.121191041 -0.8151277236 1.116030023 -1.071677144 -2.589388021 -0.4507080286 1.218843512 -0.2697797975 -1.274955521 -0.8949053449 0.1530093389 0.5771435166 0.6658136064 0.2454302365
7.239707358 -0.9975383766 1.121773372 -0.1018187936 -0.3762417985 0.5125993906 0.3180854097 -0.8010201212 -0.04473385675 -0.153514425 -0.4113343205 0.3522648861 0.03642702859 -0.2521463808 -0.165159739
8.286245649 2.425754784 0.1212824772 0.3170572972 -0.122447288 -0.1458983275 -0.03613412757 0.007108622104 -0.2155827307 -0.3118828097 -0.0618061559 0.1076180132 0.07689482893 0.1466023844 0.07181297708
2.64768036 1.465312404 0.7820782077 0.7391698658 0.2593306848 0.4167195458 0.2170559959 0.4576844724 0.3869478857 0.000290905476 0.05113043961 0.2353694672 0.08230142698 0.1042544986 -0.05429855131
8.300660535 -1.123795146 0.6832885017 0.5616557063 -2.302740901 -2.190597696 -0.09264518717 1.521706664 -0.07884435373 -1.613270487 -0.4094019066 0.1745165202 0.2563682633 0.9213966242 0.1696898802
1.187945045 -3.877250331 1.625963065 0.6813502994 0.6974608658 1.311382935 -0.07123223245 -1.385704841 -0.03896722692 0.0231349824 -0.02068859198 0.440561184 0.1272651222 -0.2610398298 -0.118451595
4.119594169 1.222350866 -0.4313650914 -0.02048720868 -0.3889527445 -0.2502980202 -0.3150373762 -0.1167540654 -0.1904618807 -0.2688307565 0.01524530191 0.1988551678 0.08336250664 0.08948239681 -0.1236893554
3.008478374 1.808946004 0.4675436692 0.5240420435 0.005130822204 0.03227790599 -0.2642073478 -0.1187378883 -0.1709180406 -0.3943711564 -0.2092249991 0.02376039093 0.04858090547 0.08474814209 0.04200025634
8.605858939 -0.4792080603 0.03536332005 1.235371357 -0.01396205795 -1.035221221 -0.1387600692 0.8931882987 -0.6419637929 -1.597045918 -1.021459969 -0.2802606835 -0.06960648984 0.4706233785 0.1131551177
2.845617018 -2.292936475 1.401925144 0.7618626729 0.493209085 0.290525229 -0.3898077393 0.006686606491 0.09374133414 -0.1278732607 -0.03102617837 0.03545264482 -0.003548767515 -0.05970015131 -0.1067689696
5.245250761 1.647734085 2.026156157 1.34051567 0.327368104 0.02082601649 -0.2099316943 0.2576650996 0.27204565 -0.1637046821 -0.08008747881 0.08679160898 0.09334066054 0.1780668606 -0.02173007428
1.733370239 0.7156972655 1.033524352 0.5070709274 0.121447646 0.05625453084 -0.1204448477 0.02875172923 0.05757745479 -0.2333832291 -0.1005178721 0.2321885117 0.06118880764 0.1013314428 0.0696343181
8.590128628 0.4937819857 -0.8152848065 0.5988468189 -1.390707889 -2.360023401 -0.443882785 1.048758001 -0.1159795161 -1.087904807 -0.7823812592 -0.07383811881 0.4795510992 0.6664748846 0.176094436
-0.4894968021 -4.371748288 0.9247223741 0.8308751231 0.8547543356 1.579034484 0.549576941 -1.159337401 -0.08102163029 0.02039901126 0.006095420595 0.5178208446 0.4468788964 -0.04952819252 -0.08651645475
3.380511644 0.9920137716 0.03233727393 0.7926048438 0.150060438 -0.2095246971 -0.619350095 -0.217139245 0.07822681842 -0.05530577256 -0.06811795339 -0.05468771197 -0.0568272639 0.06082161156 -0.02210792003
