9.348331989 0.0469342148 -1.351667644 -0.8993196351 0.9610789243 -0.7221012184 0.161707555 0.2494747828 0.5790394617 0.498785936 0.5082791333 -0.01796761043 -0.02331032472 -0.1029920287 -0.500668499
5.550260388 -2.324578018 1.981939549 -0.8904424674 -0.1318389732 -0.2516137271 0.9183155018 -0.04746177313 0.4346551896 0.609568992 0.7310406108 -0.3571864662 0.3910619901 0.1431836561 -0.6404268894
11.25152108 -0.8393909676 -0.2709462144 0.829714461 -0.9339458582 -2.555937242 -0.7465664311 0.9393633195 -0.02973122347 -1.798423184 -0.4556539963 -0.7854874383 -0.78228885 -0.09886469248 0.5209494753
0.8513436853 -2.299795721 6.560612682 0.555623351 1.889502426 -1.167813957 0.6277379574 -0.5814794534 1.099752422 -0.844143265 0.001162981144 -1.11496209 0.9629150061 0.1188481482 -1.141206335
6.209788166 0.1910998735 -0.28024606 -0.5301413533 0.730766798 -0.4144602151 0.3711623593 0.1621862894 0.649089793 0.6647332549 0.615820643 0.1927234083 -0.1257602518 0.008627020732 -0.5109195145
4.196436215 -0.9959462452 3.517796375 0.691922746 1.499163612 -0.505182612 -0.4003217491 -0.5184724492 0.4842775518 -0.5206639379 -0.1998590891 -1.148947001 0.3052876423 -0.01754629121 -1.043701745
8.747026765 -2.009652285 0.3985389362 1.534073564 -0.2915938083 -1.425870972 -0.7809540179 0.02947975182 -0.9916203233 -1.762414557 0.2609211655 -0.06903918941 -0.7283917352 -0.07297434763 -0.7010027206
-0.4898324824 -3.889023245 4.768381081 -1.293375436 0.366210877 -1.333381155 0.7958553442 -0.0930557546 1.321356919 -0.02897229642 0.688348227 -0.6517997023 0.7808772527 -0.02818603388 -1.142484385
7.557014164 0.8064430142 -0.978589262 -0.7029378121 0.7070630594 -0.398147232 -0.02084239922 0.2476762951 0.5751335874 0.4680238048 0.3875114153 -0.003522584796 -0.1662494748 -0.06657944385 -0.4950034632
6.999817229 0.1067360139 1.926789991 2.257063939 1.463190748 -0.7525080885 -1.228832608 -0.0918850261 -0.261319592 -1.678657956 -0.6765110418 -0.9896989239 -0.7817052647 0.1423262364 0.07247234973
10.22901251 -2.833179037 -1.849102276 -0.2509733373 -1.776747683 -2.637829099 -0.4145334899 0.3907217127 -0.5296588736 -0.9651319856 1.179677036 0.4965957 -0.3146843522 -0.1357793859 -0.5546686325
1.016038531 -1.717510207 5.42172842 1.73044952 1.706567819 -1.326829036 -0.5546654655 -0.9026914664 0.4453603564 -0.7059032452 -0.1764057735 -1.363455629 0.6242812785 0.09439140803 -0.7845389468
5.718943925 -0.2225378809 -0.7045634058 -0.9219333162 0.6924306387 -0.3277636347 0.4759774314 0.3092817055 0.8398618213 0.8165170126 0.7765986513 0.3431862987 -0.07691333604 0.06043643281 -0.4518650167
2.679623504 -3.060561191 3.391119074 -1.217806701 0.003031389856 -0.4708399493 0.7507347066 0.08162987993 0.6451443359 0.2817495684 0.7398895594 -0.3450051597 0.593877523 -0.08578091779 -0.8774704285
7.020023412 -3.018939081 1.963787614 1.785668566 1.204148842 -1.405994675 -2.426563043 -0.3225072225 -0.5447510964 -0.8467584251 0.3684291899 -1.330480364 -0.9871564446 0.09241630063 0.05373626055
-2.156023233 -3.49456737 5.548158432 -0.7687822967 1.449278154 -1.46562581 1.234932872 -0.2058263012 1.604445174 -0.5429142594 0.2909187012 -0.47160379 0.5629747004 -0.2476964775 -1.505336365
8.678526579 1.010425218 -1.625021671 -1.495967611 0.5912726863 -0.4751718175 -0.06913238371 0.1294725689 0.5025880514 0.5944687483 0.7154207128 0.2022445157 -0.08895676301 -0.1422555369 -0.62721908
4.495363303 -2.468083859 1.359881896 -0.9545507618 1.186363607 -0.8960191535 -0.09601112309 0.2167793749 1.128657062 -0.9989218483 1.439382955 -0.1444956815 -0.4656692353 0.05153459971 -1.121764989
8.630816427 0.2921366489 -0.7502392864 0.2248908677 -2.002196867 -3.078168823 -0.8904246794 1.399411922 -0.05980462658 -1.579750504 -0.788648615 -0.3482297088 -0.3077777108 0.07354539249 0.01169472047
-0.6843924893 -2.1439795 6.773561381 -0.1451330185 2.08860061 -1.214960698 1.088935781 -0.2850990784 1.83223317 -0.699061181 -0.0001936129806 -1.02582856 0.5803109386 -0.3465986351 -1.288824288
5.613356922 -0.1012460694 -0.1969645375 -0.4756904721 0.9317489665 -0.1922401785 0.5662344449 0.2843107137 0.7124377906 0.591517502 0.4137530373 -0.02897718452 -0.3103966855 -0.08758815517 -0.5315595115
2.857772947 -2.822501964 4.028776799 -1.929489694 1.010994689 -1.258376117 0.9971586308 -0.5737013631 1.22506553 -0.4733324642 0.8053761583 -0.6970654926 0.7294464058 -0.1311420278 -0.9126251103
7.599132979 -1.769617446 0.6789522671 1.828725789 -0.7493245489 -1.919617568 -1.361591578 -0.4927091356 -1.406889073 -1.756582721 0.7250107701 0.5953478579 -0.5602638945 -0.4129525086 -0.9721766154
-0.3726103862 -4.626651405 2.801151674 -1.102135168 0.6800277472 -1.865052672 0.3843129448 0.1466819019 1.74929422 -1.129946308 1.485968849 -0.06592053811 0.1030063874 -0.1696209565 -1.063200895
8.096167822 0.009209869594 -0.9334686688 -1.529627442 1.390038128 -0.7450637194 0.0419602653 0.08161430858 0.7387261379 0.1583169006 0.7049309023 0.07180918359 -0.2323743774 0.2629604314 -0.4902015461
7.070730949 0.2527398687 0.2499304914 1.389642647 0.07512751688 -1.172218891 -0.6935902647 0.2482136572 -0.5535068706 -1.201134178 -0.5680741662 -0.6789535924 -0.8333959289 -0.1373173651 -0.08339333266
7.440939538 -1.551184913 -2.460984963 -0.5638258799 -1.912436726 -2.332790514 -0.6948868242 0.3091331944 -0.587451828 -0.5808076911 0.7173719216 0.7891361578 -0.05048186252 -0.2758946988 -0.6991901759
-1.287090471 -2.28339083 5.291675438 -0.03121874475 1.38378097 -2.401286336 0.3777293853 -0.8103680606 1.074737312 -1.16643446 0.6200928845 -1.007449354 0.5928192229 -0.02102924746 -0.6848752754
5.567963438 -0.4119378312 -0.5970242136 -0.8284395216 0.5324762457 -0.6259368386 0.1216818448 -0.08676100399 0.440928794 0.4973201943 0.4904451905 0.07042407176 -0.2590230349 -0.05033532505 -0.4950638374
1.229333555 -3.014944646 3.12363132 -1.3304842 1.049331769 -1.179544364 0.4810410808 -0.1349610858 1.183412784 -0.2941670096 0.9548788741 -0.4561583904 0.3732317249 -0.09343237425 -0.8482147422
6.91668765 -2.406290537 0.2493857391 2.233863832 0.618277488 -1.967638884 -2.370807056 -1.070500336 -0.6567306258 -0.4170991113 0.4673281268 -0.7482947496 -0.849348695 -0.0779895616 -0.1816598811
-1.722119675 -4.060345537 5.18908248 -1.307509143 0.9313723906 -2.113793569 0.6906163237 -0.5846603973 1.193952176 -0.8572607578 0.3704371222 -0.6191533242 0.8508035764 -0.04798582379 -1.056640909
