3.28967154 2.768377289 0.3710572954 1.218064295 1.132850653 0.866594822 0.7738321335 0.9862442376 0.6094507596 0.2938236327 0.2193959423 0.2752849609 0.1433646268 -0.00772568334 0.08913227672
7.506511234 0.1426869375 -1.359593896 0.7369891867 -0.8519605726 -1.038447218 0.5876234954 0.8053656678 0.0534062454 0.563938741 1.343957325 0.7348816942 -0.2911667229 -0.3670215 -0.01282343936
3.124942357 2.401291359 -0.1434933479 0.7395449936 0.6608426961 0.4634206968 0.4837747788 0.857568926 0.6236898666 0.4104128434 0.3514182019 0.3634590874 0.1987032563 0.05940984718 0.09291692466
6.608957407 2.085368529 -0.2704830569 1.932968551 0.7667352354 -0.8943342997 -0.5756224609 0.3764466522 -0.06221131363 -0.4522313996 -0.3177250799 -0.1060370254 0.02745599874 0.4275800156 0.1568649727
3.856049713 3.132746406 0.4427875141 1.187915955 1.019478496 0.72387476 0.6216580857 0.796143995 0.4688403444 0.146148365 -0.03468583019 0.006013468496 -0.07901906222 -0.1710736456 -0.04385664754
7.991899993 2.114732944 -1.115664011 0.3603983565 -0.3895177009 -1.04047253 -0.09754163207 0.8568896344 0.1483477959 -0.01662050957 0.3775590125 0.1182083107 -0.1914023503 0.2829005901 0.4998130211
4.009157132 1.45177636 0.5389945801 2.309161967 0.4896539407 -0.5549172219 0.4199250439 0.4621587211 -0.502201758 -0.3382451529 0.0502355926 -0.3988436931 -0.6687078094 -0.2335073393 0.125413896
5.224373977 0.1579457554 0.3044240259 3.763342665 1.033210113 -1.273670353 -0.4796775512 0.02641901578 -0.5050790678 0.1236167197 0.1312257414 -0.586633738 -0.3762409008 0.5701409548 0.5864766188
3.048329074 2.448880114 0.06255150857 1.030871607 0.9465329385 0.5456719187 0.3303790872 0.4880059596 0.1257192192 -0.10827299 -0.06466630999 0.06240864063 -0.06180616274 -0.1307598993 0.06363469879
7.4292325 0.07676377782 -1.062134957 1.166464305 -1.18652483 -1.7853337 0.0007066710016 0.8338621695 -0.166328034 -0.04062474128 0.8517972698 0.9183540843 0.08413893605 0.1906052036 0.01288117493
3.046228336 2.16953752 -0.4721566161 0.4772090405 0.4265171945 0.2784740196 0.2673458776 0.5252932053 0.2306202204 0.01252533985 0.0959432063 0.2421892128 0.03528883063 -0.09980510109 -0.01484507562
6.323533743 2.618577165 0.006119795844 1.151611261 -0.2981063701 -1.311479851 -0.5699325252 0.239973649 -0.3143087085 -0.3401440795 0.007773500067 -0.1267572187 -0.03763278711 0.5274538253 0.4956083913
4.89906661 3.27539444 0.3416914922 1.198229998 0.7027386777 -0.02351670277 -0.1016872294 0.4166064122 0.1801154468 -0.2052783923 -0.4047033607 -0.3695204577 -0.2672140708 -0.1105958441 -0.09270308937
4.805592777 2.855447375 -0.09613167855 0.7480163268 0.409300373 0.2509096623 0.5594399501 0.8305477759 0.3920267004 0.2122485094 0.2799377976 0.4567045213 0.2815019503 -0.1408275721 -0.1862934026
2.605483094 -1.243491685 0.6638796625 2.633069607 0.3981590348 -0.1210022013 0.2999276276 0.724509475 0.6208412815 0.1148922288 0.1871506085 0.02221264324 -0.4392190507 -0.1570139154 0.1620321913
5.733105385 0.001330866065 -0.4505036322 3.17369204 1.214802322 -1.169501584 -0.9992248192 -0.7083434939 -1.020848539 -0.03484376099 0.3744911986 -0.559343649 -0.6002215826 0.5304289517 0.7223962366
3.169887083 2.561894165 0.060775058 0.9735375247 0.9267458963 0.7294698516 0.714194925 0.9341969416 0.5416414508 0.1604971593 -0.007914700898 0.01091004742 -0.138818437 -0.2592550772 -0.1090830584
7.008123315 0.5671243879 -0.6416571365 1.000736407 -1.018912837 -1.073180716 0.1407408899 0.1841073103 -0.3254853825 0.2785445755 0.8737480473 0.6395652812 0.2133495283 0.2125500444 -0.195543747
2.610920557 2.104415011 -0.2912709867 0.6281991118 0.6552349734 0.4804852724 0.5076862458 0.8540470941 0.5251240392 0.1644646965 0.02215039219 0.02718378159 -0.1197655385 -0.1710985859 -0.007739827009
5.768647526 2.383327878 0.03987438666 1.633961107 0.7876993276 -0.6189446016 -0.5828601095 0.3627318126 0.1183205606 -0.5939484059 -0.8319645973 -0.4643262855 -0.130360713 0.09433538133 -0.09459800831
3.564786355 2.69758249 -0.01892305883 0.7580457914 0.5476547046 0.3150242943 0.2982927355 0.6249422876 0.3121978919 0.1071944902 0.07842574495 0.101902117 -0.06594758333 -0.229139249 -0.09431418313
7.318610561 2.051509091 -0.7828609073 0.4303074852 -0.8176045894 -1.538486174 -0.3687664825 0.820039853 0.236249485 -0.3423528796 0.04395880119 0.3575434399 -0.0716207745 0.04802978111 0.1599755597
3.184566562 1.389976154 -0.07455832383 1.587744537 0.9189634618 0.1833778135 0.3172244613 0.9203553361 0.4863771353 -0.09111739847 0.08112744429 0.2790221617 -0.103768133 -0.2765585405 0.03752917057
4.700538636 -0.5422846113 0.3935956993 3.982881891 0.7571175752 -1.530920302 -0.3591203015 0.2665152259 -0.6968340313 -0.3785295812 -0.0190314559 -0.7618249504 -0.657576913 0.3250838533 0.4751990256
2.962319198 2.448981319 -0.1517675765 0.6511691522 0.4917765759 0.1793087661 0.1935763714 0.4978489448 0.1822409025 -0.1560734698 -0.2515096357 -0.1949501251 -0.3331585746 -0.3613514895 -0.132140768
7.235939085 1.099255046 -1.031172673 0.4640394082 -1.119407609 -1.574200254 -0.09800297212 0.7988225237 0.08193434533 -0.118582558 0.5242709289 0.8006869308 0.1296743372 -0.1490839719 -0.2017413712
2.70423304 1.72738145 -0.6212107259 0.5160856089 0.4160948739 0.01333406905 0.0407823087 0.4388708313 0.1187945466 -0.1939040901 -0.178131365 -0.0003409380824 -0.2075433201 -0.3510680577 -0.1156791082
5.965172625 1.8804885 0.05060342495 1.404010899 -0.6905846104 -1.853454664 -0.5396251588 0.2960755739 -0.4933747483 -0.6455033226 -0.1858012878 -0.2866999478 -0.3145135943 0.3606899982 0.5945971881
3.870678194 2.948609428 0.2901926876 0.9654456283 0.676991366 0.2929060092 0.189745448 0.3620602547 -0.03959974841 -0.3816223043 -0.3889947317 -0.3119645152 -0.3966711112 -0.3468293684 -0.1877040961
5.654427491 1.813997042 -0.2998547076 0.8438230912 -0.3184826661 -0.6362180247 0.05943821686 0.4100187686 -0.09798317971 0.0643388572 0.3896628119 0.2603760928 -0.005554412375 -0.03624236927 -0.05068281285
2.979326627 -0.122462537 -0.2135651643 1.9892842 0.5825785687 -0.3498394484 0.05598775562 0.7330597509 0.43427228 -0.1123944074 -0.07354193639 -0.0194302704 -0.3410536224 -0.3306432244 -0.05581193351
6.304589763 0.8903177453 -0.6017095734 2.120850778 0.590423403 -1.113667868 -0.8078417902 -0.8647111435 -1.382324905 -0.2309766868 0.6728341448 0.04264783116 -0.3626693553 0.302087752 0.4825190953
