5.646120338 1.760483583 0.703688299 0.7202248645 -0.2543413646 -0.7669716499 -1.293933831 -1.898504017 -0.8297954745 0.3346344412 -0.01267116512 0.06056112755 -0.3809255557 -0.3537167507 -0.0628226045
0.354112615 1.813875301 0.7652693019 -0.8391899738 0.8451322631 -0.3632593877 -0.4355184462 -0.460783795 0.1940951389 -0.1306333936 -0.7684757199 0.01862601487 -0.5101593405 -0.2676663799 -0.4333079128
7.17280648 0.3226313655 -0.7114656108 -1.840198399 0.5188376719 -0.1103975572 -2.2435464 -1.615595782 0.05940991292 0.8935641179 -0.04209004718 0.0757401537 -0.2093613207 -0.4234658009 -0.538393342
0.07760231639 -4.221331712 -1.205352663 0.1674102515 -0.2223533047 -0.1955675506 1.161771569 0.05624663843 -1.359711865 -0.8854989756 -0.1485832643 0.07890821217 -0.3999969753 0.08886273705 -0.2780809975
7.003076331 0.2322454504 -0.3087642211 1.779589732 -0.1010040239 -2.983118908 -3.292899918 -0.5335235334 1.082691892 0.5288961538 0.2726071772 1.33620993 1.301993704 0.3001593255 -0.1712823169
-4.031525085 -2.665678724 -4.280559911 -0.5003078382 0.8853295937 1.782253249 -0.6832331318 -1.16252487 -1.854022958 1.310078709 0.1035306176 -0.1770110111 -0.3136494749 0.5531648928 -0.2945255314
3.841334631 0.1567713214 -0.3977448225 0.4245234035 0.6849182826 -0.4592549725 -1.279767696 -0.69589594 -0.2517069098 1.123807936 0.4200837953 0.01489220001 -0.5920102256 -0.2171579834 -0.3279841356
-0.6092398594 -1.061224121 -1.767484728 0.2506814016 0.1080755485 -0.3703505299 -1.761250151 -2.584245616 -1.620873904 0.5656173115 -0.1340605001 0.4268878323 -0.3432835774 0.1478149295 0.003839980368
1.408445694 0.3104648291 4.265398522 -0.6877779893 0.9764630642 -0.3147036978 -0.4845978245 -3.71876568 -0.1944787361 1.36146366 -0.8985693322 -0.03403903065 -0.2247371737 0.6242060352 -0.3285101069
-2.791679137 2.207289893 -3.504278129 -1.173576201 1.312643804 -0.07281950148 -1.190866194 -0.8437640982 -0.9944899256 1.515544915 0.8665507264 0.5787629935 -0.2202868597 -0.08372296249 -0.03634898751
6.174807359 -0.4340616693 -0.9200642705 -0.08139383694 -0.3276192407 -0.9681639083 -1.721820985 -1.102541906 -0.1159267478 0.3663142165 -0.2127180354 -0.2164239004 -0.318346435 0.5667424322 -0.2327143925
-0.2947222871 -4.089362135 -5.049518485 -2.449055932 -0.3381123697 -0.6841090663 -0.762671257 -1.446162101 -1.42163059 -0.1504836834 -0.5048394041 -0.5361988185 -0.4888026407 0.5683130499 -0.07374383129
7.653369497 1.661371496 -1.003298691 0.1157167212 -0.05512745498 -1.461306008 -2.976776548 -2.315628972 -0.223891336 1.641284409 1.182048232 0.152853087 -0.3515064848 -0.5103684163 -0.584784312
-4.856939738 -2.705707144 2.854321473 -0.9848924847 -2.772464124 0.1410684084 0.5573100639 -1.831631103 0.02825609652 1.114369843 -0.3965389871 -0.6677227591 0.1821464292 0.3729350375 -1.233729174
5.023702345 0.3424342666 -0.3360614941 -1.217990295 -0.1376842914 -0.4333936349 -2.156565716 -1.722056211 -0.04963411175 1.160526394 0.2337020671 -0.09804205049 -0.3347607114 -0.6102172331 -0.33642908
-2.995873908 -2.23324544 -2.717626619 0.4745129355 0.9995125561 0.2042468402 -0.5706958694 -2.211912797 -1.401851358 0.7311905371 -0.6217469765 -0.03987914924 -1.157187956 -0.4911072581 -0.2437784147
5.288091287 -0.1523759402 1.429749705 -0.1033226498 -0.5316897487 -0.9205036553 -2.602123144 -2.076919697 -0.1650512743 1.778352242 0.1930421137 -0.08071869339 -0.7998962577 -0.2280015742 -0.3531522411
-0.496037069 0.07821478945 1.027266065 -1.281859809 1.342251986 -0.05692391528 -2.594995222 -2.168594289 0.6152331015 1.179817574 -0.2296776057 0.7454667346 0.03207184551 -0.03829193416 -0.6561017368
6.929013451 -1.247334626 -1.562327848 -0.7303110132 1.076896521 -0.2606061904 -1.888995515 -1.10963141 0.006446323118 0.6192067735 -0.3773380272 0.01102476486 -0.7608675909 -0.1826402594 -0.1412016776
1.274580546 -4.615760369 -4.462075148 -0.7600237249 -0.3918778883 0.6990390839 0.2171884926 -1.938747545 -1.421772278 0.9658097634 -0.9960785747 -0.2653142427 -1.04916535 0.481648524 -0.2607148275
5.907809769 -0.1745572362 -1.348988269 0.5040671262 -0.1624878345 -2.539695818 -3.823419107 -2.156300554 -0.5625057359 0.07325863339 0.4423949848 0.9016034337 0.6334209581 0.01590945023 -0.1239849045
-3.755775635 -3.735334238 -5.206109191 0.1897743081 1.860095397 0.9576030024 -1.161708914 -1.875920811 -1.235045262 0.817179763 -0.6984928159 0.1279708303 -0.7441528981 -0.2789235935 -0.3563559412
3.488237732 -0.7350683701 -1.109664373 -0.4000373287 -0.263972873 -0.05758325315 -0.1403464856 -0.2403413768 -0.5490540653 -0.3463296416 -0.6571319638 -0.433641568 -0.2947220208 -0.2641252329 -0.1485652373
0.6429531047 -1.482457688 -3.105245168 -1.416939473 -0.1171916735 -0.3129647491 -1.762785012 -2.504003288 -1.348527015 0.06448657944 -1.03801827 -0.3544958911 -0.7872134083 0.4314144836 -0.1457098754
3.210288793 0.9469100536 0.9849788462 -0.4935856698 1.019690515 0.00709288093 -3.044861264 -2.250949827 0.6892542613 1.134352815 0.08842554577 0.4200394859 -0.2183596528 -0.4173376446 -0.9485622449
-4.56645671 0.918745922 -2.772514746 -1.189853458 1.21981562 0.1154921864 -1.555754619 -1.878574413 -1.195141051 0.8797743685 -0.4265921228 -0.6278325082 -0.6257466084 -0.607750256 -0.3492309957
6.403619408 -1.505111145 -1.01966417 -0.486905377 -0.6784220144 -0.8564529327 -2.514653035 -0.7482240851 -0.02881843908 0.8974514486 0.3387333457 0.1379038812 -0.8548112255 -0.3756436567 -0.2062005712
-2.069644969 -3.774450365 -4.999824066 -1.668284652 -0.2262693212 0.4807804416 -0.7347382474 -2.183364266 -1.178291637 0.5685469138 -2.109538932 -0.7169701696 -1.664081021 -0.4053669309 0.7043192789
6.351323225 2.473892992 -0.2738493385 -0.8878516949 -1.580226335 -1.949989603 -2.457779336 -1.805873326 -0.5359925209 0.4448877572 0.4953554371 0.4129489369 -0.1006657306 -0.4420953001 -0.3978023466
-5.32953383 -2.67387603 -1.479884659 -0.1221451718 0.1741229822 0.5253409701 -1.794512305 -1.947748101 -1.683434805 1.864933444 0.6342970371 -0.3088073656 -1.135934767 0.2707022052 -0.2630324946
4.11458748 -0.1553639722 -0.7046098085 -1.170595529 -0.7539678142 -0.9320218471 -1.915132125 -1.072226152 0.01675326812 0.8794441523 -0.003828008959 0.1002578188 -0.03164914725 -0.6324979933 -0.5437166934
-2.169083718 -0.9128111018 -2.590568333 -1.076149217 -0.08282800686 -0.3713801664 -2.0144514 -3.315654296 -2.248772509 -0.1488081894 -1.325814978 -0.8174598065 -1.350728336 -0.2146555173 0.1928603497
