2.953269509 -3.661895875 0.936697782 1.625028585 0.8560248784 3.810266744 1.706532027 0.7341394391 0.9642106299 -0.1540018969 -0.02135550462 -0.1824605884 -0.5375311074 -0.1540661834 -0.5133911505
10.95154194 2.10959563 2.120488664 0.9288381657 -1.063851277 -0.156602836 -0.5528030948 -0.8511478284 -1.509728683 -1.789118036 -0.9537641244 -0.1880563196 0.3794851591 0.3634483273 -0.2072861921
3.043783274 -5.231256801 2.788591375 1.363192311 0.1593175631 2.444620395 -0.807066828 0.6637328245 0.2590152752 -1.443232014 0.6713447178 0.2566938427 -0.03987616476 0.6313073101 -0.155746599
6.928128438 -4.934049052 0.0211588686 0.6539433124 -1.491259242 0.4432525974 -1.263738709 -1.001286563 0.07445971104 -0.4202967207 -0.1204290577 -0.3873038099 -0.1624207896 0.6992023409 -0.1086568346
4.799904573 -3.855116231 1.363094685 0.9664021775 -0.7346942971 1.810987926 -0.1577455398 0.516444291 1.061306148 -0.4554059523 0.3336649179 0.1658648746 -0.4019603459 0.2449741348 -0.2764391146
5.184750412 -2.076470379 1.433508212 2.333851238 0.7030120327 1.875454773 0.02948830058 -0.2277803238 -0.3842393292 -1.314624215 -0.0581471681 0.2092674243 -0.5665438554 -0.08443546612 -0.3726276275
2.13867292 -7.329874769 3.510542037 1.422279626 0.3972597213 2.286090687 -1.644341751 1.024995838 0.5457046403 -1.360092417 0.895028362 -0.405947952 -0.6573349913 0.5838746512 0.09528540376
7.775559888 -2.24381316 0.5137392758 1.274273469 -1.654120513 -1.480670233 -1.565287799 -0.8983249484 -0.3098459105 -0.4103991043 -0.4788547277 -0.6362512863 -0.06351815527 0.1856749133 -0.6774160829
2.600387896 -5.621678018 0.51565459 1.217974412 0.1524699222 3.16217824 1.226528535 1.435650674 1.68334595 -0.1721837444 0.04296883065 -0.3183631494 -0.9882357923 -0.3750762509 -0.6164658875
8.551430856 3.781839097 1.09578435 -0.1995196368 -1.132888027 -0.4986727323 -0.4595904164 -0.8694756483 -1.445169015 -1.594583493 -1.2527175 -0.4881089648 0.2875472061 0.6407482836 0.3288940292
2.457487641 -6.83433272 7.35056259 0.7173749317 -1.254196724 1.263299004 -2.300509153 1.27184684 -0.3280879137 -2.82569768 0.5053216997 -0.1088788405 -0.08316626065 0.321295496 -0.4024924883
8.292426664 -4.454900387 -0.7691611671 1.623740681 -3.025087888 -3.411847576 -1.059427318 0.07849034802 0.03664029536 0.1943556213 -0.3808158165 -1.188184062 -0.4708598438 0.2148460419 -0.6082003622
4.027746746 -4.821625946 0.9451274943 0.6363408634 -1.081850455 1.664925613 -0.2628411562 0.4368655695 0.8801041619 -0.5721945447 0.3584073364 0.03851329502 -0.5735516498 0.1658184823 -0.301051035
6.527414646 3.335891145 0.9707553399 -0.2118179656 -1.104158213 -0.779478949 -0.7080068488 -0.754509587 -1.181377921 -1.374562567 -1.2077166 -0.7259567597 -0.04884888159 0.5119230732 0.4188903177
-0.5931642464 -8.96234662 4.882669158 0.6388270269 -1.359601583 0.7191988275 -2.49601695 0.4715142326 0.307335336 -1.236969043 0.9380566445 -0.7419488523 -1.006991378 0.4071687785 -0.05143667665
6.115427963 -2.336593483 -0.8919927915 0.646222052 -2.23236524 -2.989925869 -2.043872318 -0.7879580858 0.005856821983 0.03752484173 -0.7885105433 -1.068990485 -0.3278425499 -0.1347441117 -0.7003725246
4.093803484 -4.62465412 0.6545076642 2.329386126 -0.1012994565 2.412283725 1.240225685 0.1436832053 0.5994841864 -0.4440783862 -0.574363332 -0.2010252238 -0.5753843124 -0.0794895145 0.1928668348
12.22927781 2.918585947 1.916168429 -0.9040590499 -2.595236154 -0.6059803365 -0.7134270133 -0.4851701938 -0.9972871976 -1.372592328 -0.7721661623 -1.13591739 -0.3276116795 0.7952884025 -0.03516374621
3.968852918 -4.171580208 5.554964215 0.1444458612 -0.8290125245 0.8117608451 -2.935597981 0.4101489378 -0.4277663004 -2.42900189 0.5238810936 -0.4906943846 -0.8380655765 0.2864621924 -0.0003181765829
9.315404439 -4.282272178 1.101013112 1.47576146 -1.851980308 -0.9898600167 -1.889999822 -0.7976998284 0.08906067667 -0.4313319663 -0.3671700954 -0.853464442 -0.3050978978 0.1412368818 -0.8188897633
4.699364253 -4.218980393 1.206778689 0.6952697375 -1.215610545 1.348213643 -0.6442842967 0.1044033169 0.7083665471 -0.6593007688 0.3270155977 0.1677406496 -0.3947993375 0.3097686229 -0.215780103
6.198818009 -0.2867262542 3.868541935 -0.1415108846 -0.3473263444 1.065479534 -1.695028234 0.4912136636 -0.7133615131 -2.231977624 0.565514741 -0.1259688632 -0.5726746774 0.3846050067 -0.1794382346
-0.7458078023 -7.53718476 5.530735754 1.354748373 -0.1351235595 1.218975215 -2.056812744 1.233516098 0.3854493567 -1.982553855 0.4723615433 -0.3137546689 -0.3913201257 0.6730962478 0.1245723919
5.819234274 -0.5470881013 0.3309146291 1.067121208 -1.692430953 -2.572961304 -2.199201597 -1.458599395 -0.8383427991 -0.4067391569 -0.5678343993 -0.5272407916 0.1581793426 0.2092269864 -0.5259020872
3.450631431 -5.134617222 0.6366411772 1.059166455 -0.5040785499 2.426128156 0.7206296328 1.005798757 1.483049397 -0.1264171607 0.3740543248 0.2291541134 -0.540134836 -0.0154897815 -0.4012034623
8.395105376 3.9934723 0.9490907752 -0.8382743733 -1.971890077 -1.283097773 -0.7511783041 -0.5091595134 -0.7975679788 -1.027886985 -1.229110108 -1.142492892 -0.3891919587 0.3828033245 0.3946577417
0.5592502438 -6.029070191 6.104100624 0.5260357647 -1.12827443 1.082969677 -2.545560965 0.2911118628 -0.4841526256 -2.261083861 0.3503663772 -0.809941241 -0.5377076134 0.7893122927 0.2310614926
10.51172643 -4.606906874 -0.03527568094 0.583079593 -2.824155927 -2.332278618 -2.21792472 -0.9273671454 0.08730216397 -0.3607168855 -0.8798026112 -1.21504541 -0.3509157355 -0.1904498953 -1.015749952
4.255653711 -4.735416499 0.8224389881 0.3025915074 -1.566783875 1.064726152 -0.8254135451 0.01296215385 0.5674483079 -0.7509195904 0.2955599357 0.06363692455 -0.4872298099 0.2830651821 -0.2417305421
8.544440516 -1.125620509 -0.5309322881 -0.6097499532 -2.411214771 -1.040594759 -0.3349420347 0.1776305616 -0.1635862341 -0.6534673361 -0.8331733828 -1.104933036 -0.1004013646 0.6937151273 -0.009839526766
2.193627735 -9.23263351 5.048773106 0.2824385431 -1.075511219 1.047368664 -2.797506905 0.4059810825 0.2308682338 -1.13826735 0.9095715406 -1.067755021 -0.8702489695 0.4918636216 -0.09929158866
6.179394006 -2.734767583 -0.0989639281 -0.690270068 -2.11133867 -1.460375046 -2.635535242 -1.204848927 -0.7182528863 -1.221209644 -0.3267054787 -1.210223358 -1.51955527 -0.2353804174 -0.3913185189
