7.471564873 -3.065396175 1.724418396 0.5523011548 -1.037378529 1.675853099 -0.4093540902 0.2289880159 0.7592322783 -0.6395347189 0.05261586117 -0.4017607403 -0.7686405793 -0.00263765611 -0.6303184494
11.46331857 -1.136290944 1.41082736 1.138152301 -0.2365972229 1.160699135 -1.106077588 0.02806458795 0.662851007 -1.62730427 -0.8540898602 0.1960069569 -0.3265728231 -0.07806687342 -0.3853729071
4.760567286 -0.6994578417 0.7460163594 0.9237595195 -0.4586585461 1.083461747 -0.05719859517 0.1265009464 0.6093197089 -0.3245209133 -0.101848374 -0.170519259 -0.6817085257 -0.1532964276 -0.3549808511
9.716259991 0.7742608944 0.6548445861 1.41557243 0.325146896 0.2116336048 -0.4581176108 0.4644697763 0.3187758907 -1.592000438 -1.298143938 0.07902595786 0.02881343002 -0.05733740895 -0.2435581767
4.431359717 -4.187926922 4.186136232 0.03931509812 -2.149345251 1.994876667 -0.4460952743 -0.2009952847 0.4586401039 -0.3409991222 0.2622797658 -0.6848219539 -0.5584471391 0.08620446043 -0.933971396
8.833840419 0.3198296464 2.774094475 -0.103446692 -1.535259671 0.32888871 -1.506373132 0.6660893921 1.65444194 -0.3718096469 0.09704307244 -0.2670181654 -1.044999798 -0.2251003936 -0.4731572054
4.747845123 -1.858883366 0.6739329085 1.502045583 -0.6857114242 0.4829809458 0.1226019346 0.7841084395 0.5527992046 -0.692999178 0.1677474053 0.2836170746 -0.8890672517 -0.4616134918 -0.1554498561
6.991658805 2.211343474 1.501590071 -0.2801322623 -1.346928397 -0.468475119 -0.9261935253 0.4658429239 1.178532175 -0.1189912638 -0.1910052059 -0.2283022004 -0.8355668125 -0.1772532099 -0.1147882459
6.717727558 -4.935899896 1.008003136 1.582523444 -0.4401250616 0.7105299506 -1.056846997 0.8918567233 1.120478389 -1.171034683 0.02912230479 0.3503169974 -0.3460262822 -0.1974974892 -0.7671998948
11.55802318 -0.1836248603 -0.8679529094 -1.007013122 -1.290667221 0.378988236 -0.52994567 -0.02581221156 0.7444393408 -0.4339177396 -0.4737353843 0.3408558498 0.2955962254 0.02367332179 -0.560393967
4.479784541 -1.147871556 0.3284076514 0.5359776039 -0.7381964857 0.9813092414 -0.007783614211 0.3046601671 0.8273999201 -0.1098884529 0.1032743164 0.001284542715 -0.6094662717 -0.1432168557 -0.3777503338
7.223511613 1.243580797 0.5395852251 1.743760554 0.8826190362 -0.05003892676 -0.373079935 0.6559163061 0.2412653718 -1.536812118 -1.51901657 -0.08872744241 0.2066314616 -0.1111694703 -0.4146011284
5.210323914 -7.217597584 2.052083048 0.2688154973 -1.696305845 0.6533599612 -1.643468224 0.367773861 0.3796335602 -1.384073069 0.4603936777 0.1140765449 -0.3304794083 0.1762587659 -0.6065540201
6.506080803 -0.3302417533 1.401545996 1.009683396 -0.4812118507 0.8790198527 -0.1482267626 0.4384995994 0.8059800633 -0.3986313606 -0.153876063 -0.2096625121 -0.8227760842 -0.2132910292 -0.3211446306
5.455427193 -2.420446141 -0.9594246438 -0.02909471413 -0.2012068184 2.053372444 0.2089851173 -0.1239456725 0.3740542763 -0.3577968837 0.484747433 0.6091893956 -0.2771628509 -0.1764544171 -0.4955957643
8.360970047 2.203371623 -0.4996574063 -1.198604573 -1.034603535 -0.08891481091 -0.4256551817 0.1219839634 0.3378806679 -0.4719013613 -0.4883160824 -0.06967266582 -0.1235740384 0.1001894902 -0.1550172091
7.340027598 -3.724243237 1.406796539 0.111052905 -1.60324761 1.206213143 -0.8803398933 0.06126104379 0.6678395745 -0.7968965265 0.01846799827 -0.3541193418 -0.8058132058 -0.09373577153 -0.6228363153
11.17442396 -0.4541611626 2.49809658 -1.211034427 -2.114340092 0.6660903292 -1.492718622 0.7634209797 1.431493766 -0.8762173132 0.02053230891 -0.2714951974 -0.6310498402 0.4377528332 -0.1904670779
4.979516385 -1.467650874 1.014804344 0.862224802 -0.8333976863 0.9652427473 -0.2305400432 0.2680443006 0.62364259 -0.4887683998 0.03370924161 -0.1985653129 -0.8652130897 -0.1894273693 -0.4031795467
9.440939825 -0.7052019472 1.222458896 1.707050726 0.3286431536 0.5211406863 -1.075838372 0.4139509243 0.8289280201 -1.555630986 -1.026652909 0.1695246315 -0.2185335874 -0.1638273776 -0.5433991993
5.332517222 -6.752815192 4.830443263 0.1851337796 -2.885069145 2.215878694 -0.4995609828 -0.1096846733 0.4075579283 -0.5355607699 0.3139868737 -0.950865189 -0.5761870098 0.1438574176 -0.9871252792
8.315936004 -1.323894816 1.094190539 0.1947112602 -1.228664885 1.0742319 -0.415333214 0.07611051105 0.6128535905 -0.7912577719 -0.3560551983 -0.2752042012 -0.6562127973 -0.1528201548 -0.5703473946
4.407484858 -2.180201909 0.350546731 1.007860273 -1.053217018 0.2629471922 -0.2387809859 0.3923238625 0.4376410364 -0.6704577812 0.1472520937 0.1500646441 -0.8253026041 -0.3157812367 -0.1918967615
9.533052882 2.835206956 1.376976519 -1.058521546 -1.954090492 -0.4629090021 -0.9879861502 0.3850384512 1.145483531 -0.3965559101 -0.4895572152 -0.331955335 -0.6276066851 0.2631626417 0.04834781112
6.417214278 -5.387952262 0.7153882125 0.8223198057 -1.167231102 0.5955086485 -0.998331309 0.09849526961 0.609134753 -1.076854852 -0.3327149991 -0.1105896578 -0.6192555365 -0.1656919521 -0.4923013013
12.89335343 -1.889294719 1.342008672 -0.9032450043 -2.374822843 0.9921733892 -0.8201693253 -0.0049474467 1.000952587 -0.7973667251 -0.3124398236 0.3145302128 0.1959324217 0.2997397185 -0.4774029072
4.313702956 -1.229959983 0.27830827 0.4117110207 -0.929179476 0.7321043584 -0.3236536118 -0.05768344223 0.4654320047 -0.4143656407 -0.1561031411 -0.2197917394 -0.7344180141 -0.1683997908 -0.3965900238
5.577768491 2.325471503 1.44631548 1.716549148 0.7293066597 0.1102001229 -0.1407994363 0.372765826 0.0159740036 -1.006634996 -1.132168255 -0.5260059963 -0.4551149793 -0.5229480108 -0.6602174037
7.949981367 -8.254036922 3.157822564 0.08797137111 -1.617805841 1.49637369 -1.954098326 0.5096602421 0.3402880059 -1.389423825 0.6730147183 -0.2343920204 -0.1939468859 0.1151816714 -1.096186721
6.403716488 -1.736119855 0.9287286287 0.3366417342 -1.060633649 1.138132126 -0.4929473498 0.001525448982 0.6989559357 -0.4635461639 -0.02692334009 -0.2720998102 -0.874460983 -0.1303103836 -0.4300581447
5.418567561 -2.527517332 -1.03379706 -0.06978714789 -0.3509321934 1.705491413 -0.1349091291 -0.5437794435 -0.1595087551 -0.7230803272 0.2971144489 0.4166678208 -0.6100515306 -0.5347184716 -0.828312085
9.797402886 0.9852153531 -0.8265853616 -1.14881915 -1.646035902 -0.1397178019 -0.1580156626 0.1034344418 0.6886763593 -0.2448904099 -0.8004556268 0.1622322587 0.4538307069 -0.0179437516 -0.4027978269
