11.09536362 -2.63840192 -0.7345430864 -0.0007305322083 -0.305860484 -0.6541378108 -1.283373787 1.399463921 -1.16988656 -4.163746104 -0.9113125822 0.2668283392 -0.8047836286 1.377043569 1.483213304
2.484955814 -0.2355103047 4.0712327 1.34217383 0.4098368398 0.1153546105 -0.0869203942 -0.4098815899 -0.872103951 -1.888198145 -0.3429673242 -0.344024157 -0.6740296385 -0.7789171885 -0.5850501629
5.033893407 -0.5735579157 2.017270154 2.509147232 1.621369477 0.371908681 -1.067075686 -1.325414105 -2.06602452 -1.661634034 0.06144051237 -0.1741803839 -1.303105153 -1.206550725 0.07202703733
1.289861376 -4.458076111 3.322124934 0.5439410342 -2.029638855 -0.8501611932 -1.330065948 0.4026922154 -0.4063842068 -1.806709114 0.2892206173 1.247704023 -0.7735396364 -0.9706498968 -0.1219570534
5.962271977 1.593987938 0.6174663447 0.801191581 0.3203072712 -0.1693385387 -0.8402279862 -0.6931872608 -1.128817865 -0.8194819831 -0.742216443 -0.5223337534 -0.5983271094 -0.7144979558 -0.222307862
0.3606299958 0.2718153202 0.687235163 -0.07763918407 -0.3292209679 -0.4057889771 -0.33067205 -0.7176386013 -1.329589078 -0.1539779637 -0.3383650189 -0.04986408544 -0.3450533151 0.1198152605 0.1373197229
7.512482994 -0.3349879662 0.04079714677 1.933653332 2.389526055 -0.2367294146 -2.744330751 -1.343202201 -1.002796349 -0.5383222095 -0.289839135 -0.8089812282 -0.9025528905 -0.7377559866 -0.06169746936
-2.88254005 -3.521425278 3.181645383 -0.6219346532 -0.8080330887 -0.4892533527 -1.662216249 0.0439555217 -1.225098456 -0.7503898118 -1.401785163 1.693127333 -1.014496363 -0.7532505176 -0.827606879
10.023758 -0.3978913895 -1.621477954 0.3583064628 -0.1190821773 -1.522106921 -0.5360337912 1.222045417 -1.390803549 -2.84397713 -0.6839727456 -0.02134992485 -0.1177912481 0.5213819706 1.282723398
3.52898556 -2.094441798 1.067274889 0.1040735572 -1.120546093 -0.5545040877 -1.175933932 -0.07860200695 -0.1380383083 -1.711529136 -0.7245834044 1.161655625 -0.1098193632 -0.4515630646 0.2099534912
6.320434208 -1.444707959 1.358728024 3.387774245 2.636976711 -1.443575578 -2.632291726 -0.3822009645 -2.535140839 -1.178917938 0.8062655906 -1.656352229 -1.377231281 -0.2489013329 0.3108106214
-1.390266699 -4.493724246 2.514932113 1.145671591 -1.401076124 -1.184030417 -0.8193178156 0.07428427528 -0.164022662 -2.226469419 0.876501829 0.183073657 -0.9368839922 -0.6101275171 -0.5356938114
6.856770892 0.5109196255 -1.519898614 -1.575773253 -2.183962465 -1.628648102 -1.218496555 -0.2741062188 0.07892429551 0.1709590431 -0.3305583756 0.000287040277 0.2583603621 0.3100010647 0.03494328602
-1.01792378 -1.859093865 1.739562575 0.9411364692 0.2665028187 -0.164373595 -0.8412150282 -0.6420425401 -0.592718592 -0.624218321 -0.8057708412 0.2899411098 -0.603879748 -0.6682120566 -0.4830448779
3.169213355 -1.669164561 0.3208361457 2.830400024 2.691138435 0.06953388259 -1.93488626 -2.033509002 -1.312022225 -0.5581660106 -0.4545799791 -0.08756665609 -1.04650456 -0.9354265284 -0.3196195633
-4.82286418 -3.645566747 3.404076342 -0.1634393398 -1.698727305 -0.3101333819 -0.1007973641 0.5520084482 -1.311774646 -1.134463717 -0.3626746513 1.057600243 -0.7660696151 -0.5798206178 -0.7217894232
8.787089535 -1.761250052 1.850940789 -0.9123103139 -1.509690156 -1.208684726 -0.3406763355 2.642522145 -2.093315208 -3.893618614 -0.6993390618 0.07630053587 0.4212842671 0.8877595613 0.325679165
1.875550979 -1.137479746 3.377589215 -0.4229520745 -0.3726330039 0.923914656 -1.083473372 -0.4754217648 -0.5757748748 -1.067539596 -1.179792456 0.1910691793 -0.9295063218 -0.6831350067 -0.4816307566
5.492328083 -2.69901842 2.855543786 1.64331922 0.8777203615 0.4076166605 -1.634344075 -0.4832769678 -1.997377677 -1.850949454 -0.2575001507 -0.9202766599 -0.9036944441 -0.07253032792 -0.08125556321
0.189157476 -5.78337019 3.707669089 -0.1699021155 -1.7926309 0.09265986909 -0.5447453466 -0.4997754128 -1.294265022 -1.31992464 1.324874207 0.4352562263 -1.53722451 -0.8360443702 -0.2176445572
4.872077366 0.518783739 -0.7034551032 -0.1526327231 -0.2995088846 -0.053747486 -0.7517369162 -0.9494512318 -1.108307619 -0.6553016451 -0.1096407876 0.2059731583 -0.2508498176 -0.3987637587 -0.02732395741
0.3667191936 -0.3257773038 -1.809088346 -0.3978603935 -0.3606662898 -0.04727161915 -1.272644373 -1.320788986 -0.43895968 -0.1125401531 0.9106725348 0.3120167205 -1.00767257 -0.8060882187 -0.2108445987
6.403886372 -1.175896626 -0.9247532432 3.090107584 2.952400798 -1.110016483 -3.059891094 -2.258399822 -1.267071965 -0.3722611049 -0.3419087932 -0.9674145695 -1.534801772 -0.5620082008 0.6257738867
-2.201836198 -4.589885068 4.092626576 -0.8516287839 -1.908721721 -0.3331903751 0.2087327309 -0.2151038787 -2.038205122 -0.937443045 0.5288009182 0.4096607391 -1.214170779 -0.8538655493 -0.1618802362
7.456561457 0.2960198681 -0.8543841566 0.1105336227 -0.7316979082 -0.9135851679 0.0540381106 0.5617779038 -1.59407179 -2.604243589 -0.942681874 0.1369586421 0.03192989356 0.4701738203 0.8318926819
2.675205866 -2.483120302 0.8051562944 1.013386014 -0.1299570176 -0.5228415898 -1.313007793 -0.5516348163 -1.600699557 -0.7509623117 0.9092326162 -0.4144285124 -1.315558058 -0.3696065337 0.1715277195
7.631618109 -3.51924268 0.4705483048 3.903921633 2.592199375 -0.3487498603 -2.060359348 -1.017179062 -2.578429837 -1.824826248 0.9529355107 -0.3322430004 -1.441206832 -0.03299790272 0.2132393051
-0.9344554059 -6.013445404 3.597961644 1.153371459 -2.246186669 -0.9181142218 -1.289791104 0.4241512443 -0.5499086465 -1.745524558 0.3770467738 0.2279767984 -0.9452783394 -0.5571493384 -0.5068047339
5.837509518 1.458099158 -1.171752669 -0.831528983 -1.10660191 -0.9940963095 -1.840047333 -1.886933016 -1.669953585 -0.8049417045 0.01504080557 0.7586998451 0.443650868 0.1316057038 0.1867814878
-2.658534498 -3.277139205 0.8384788441 0.4635576856 -0.1647480843 -0.02104447227 -0.8474048783 -1.294722348 -0.4371667429 0.5499436994 -0.2273996412 -0.5905671385 -0.8551916531 -0.1187361632 -0.3521493644
5.092397849 -2.804656131 0.3647601036 3.278309897 2.655538348 -0.7457946081 -2.994580293 -2.334829434 -1.408567967 -0.6261668408 -1.261182431 -0.8391656305 -0.8272042113 -1.045685115 -0.0245489631
-4.97282817 -4.114445476 3.002485978 0.3152115381 -1.551390929 -0.70762997 -0.60420746 -0.2001198262 -1.325263403 -1.39010645 0.3217887113 -0.09430705206 -0.5769958734 -1.027626123 -0.3769728263
