11.45356582 1.610318891 -1.969349902 -0.2393444394 0.0460196498 -0.1034995552 -0.312648678 -0.4057435511 -0.2267361418 0.5071230086 0.7293049903 0.4638322078 0.1908140552 -0.0146270067 -0.4866424547
-1.663191492 -1.279359985 0.177922143 0.6087022484 -0.2642135836 1.079107702 0.1595950363 -0.05384238647 0.3955261808 0.001650887335 0.2808263187 0.3965866339 -0.2895678762 0.1029968572 0.3346259017
13.6268294 0.1946174235 -2.398271773 0.6415560407 -0.03768210011 -0.5719092876 -0.2478650783 -0.04147553239 -0.1050574604 0.374812825 0.6799450711 0.4368336565 0.09698675183 -0.03859553879 -0.4758475013
2.809067849 -4.649590921 2.069708959 3.569408085 0.8588797301 -0.3842140514 -3.360484208 -0.5012024707 1.291804439 -1.127964897 -0.13157212 0.1899030907 -0.516575469 1.162458347 0.437322658
9.990950567 -0.1633847723 -3.032779607 0.001643878472 0.3460928298 -0.6690348496 -0.347291105 0.6412844491 0.1611855372 -0.1889723123 0.4431841392 0.7337824763 0.005806538761 -0.3545478603 -0.2020262178
-3.561651206 -3.165126588 2.981304038 2.181460842 -3.098037712 -0.1482831392 1.260815924 -0.1442201013 0.007608525655 0.5422637926 0.759214821 0.4112519928 -0.5632100906 0.01785472116 0.5659305993
9.392282153 -1.665176042 0.08056180173 1.348526289 0.2125730139 0.7918491583 -0.7693748761 -0.08837546837 0.9786069954 -0.03551466069 0.4187631305 0.8691843842 -0.1142277269 0.005144575835 -0.2082377315
6.358358547 -6.839641622 2.501379576 1.823016608 -0.7054219357 0.894885629 -2.184259798 0.1262810237 1.459653669 -1.18270075 0.7377766027 0.7427906829 -0.9067873459 0.5723310241 -0.2441510422
8.867585276 0.5667109915 -0.4519842323 0.954964677 0.1856457603 0.1203905234 -0.3411006347 -0.2546065493 0.5671773575 0.6429793144 0.2532042852 0.4405133 0.1300246993 -0.3790060568 -0.4633602748
-2.476148562 -2.416371571 0.4322737667 0.5802489858 -0.9984459448 0.6740479833 -0.02933250123 -0.06365396825 0.313806037 -0.2605203909 0.3964575224 0.4599847969 -0.5880477225 0.09380563569 0.43996222
15.11316182 -1.796955495 -5.01207087 0.1072306237 0.1125247884 -1.429548751 -0.08700359752 1.749399186 0.5613243924 -0.4772142145 0.1888297108 0.485535641 -0.2900937395 -0.4339388484 -0.107178028
2.37449812 -1.569199039 -0.5794906881 3.530291269 1.574474007 -1.425931099 -2.164636215 -0.1706016989 0.6961802717 -0.2371496167 -0.5720569536 -0.116845823 0.1668364021 0.6448001339 0.6135716757
7.617675931 -0.4419578276 -2.04992576 0.05825850108 -0.1029689301 -0.36746638 -0.06413657612 0.3634068855 0.2733666601 0.2815807702 0.4552694045 0.5561879261 0.1365219999 -0.2446800403 -0.356181724
-2.414523236 -3.852729632 0.4014426033 2.25048191 -1.459551653 -0.6647020767 1.060465329 0.8814277119 -0.4541586336 -0.7215637001 0.8447818634 1.101317532 -0.7582970987 -0.4152960855 1.062350414
10.60513553 -4.132519047 -2.940514364 1.664595691 -0.2380239538 -1.087121856 -0.5734225697 0.2111472837 0.2700364089 -0.1189529617 0.3500259545 0.7858735484 0.1979851612 0.04440185932 -0.02392938027
3.133459777 -7.693245885 3.227888357 2.949644422 -0.05557845111 0.5637854273 -3.175872613 -0.2505075116 1.710393411 -1.183048443 0.2432973469 0.2632302185 -0.7811284726 1.035176593 0.117498868
9.537876693 2.058073745 -1.561977032 -0.7835670577 -0.3352639296 -0.07017045572 -0.1894112206 -0.2558282342 -0.07649495011 0.5095294279 0.5840352219 0.3696716449 0.1854446502 -0.03302539907 -0.4833415705
-1.833998366 -1.771664386 0.1908084082 0.4846804583 -0.8867201287 0.6254095657 -0.03024235759 -0.2598866784 0.1512297948 -0.2038526199 0.1414963755 0.1998332755 -0.456377972 0.06729495212 0.2401890287
11.82659502 -1.127957588 -2.981172827 1.225688312 0.4229011323 -0.991757924 -0.1268479825 0.5500409481 -0.1072844243 0.0120515175 0.505520907 0.5207157508 0.1437279684 -0.1999975712 -0.3911419807
1.597144494 -3.817531006 4.253164333 4.461404502 -0.3816744485 -1.015841665 -2.549971123 0.0001475206604 0.7593023163 -1.510893895 0.115040112 0.333726792 -0.917303195 0.5532032992 -0.007183454109
9.027502329 -0.8759854217 -3.757632717 -0.6161398797 -0.00616871787 -0.8817064871 -0.4441206083 1.005835434 0.6390112395 -0.299395492 -0.0818515457 0.4027029634 -0.07420589986 -0.3723814866 -0.1944421276
-5.81728001 -4.580692013 3.260223381 2.043993161 -3.123090144 0.3145777629 1.447744305 -0.1949278872 -0.3543956855 -0.1269940216 0.5835446927 0.4772951448 -0.738123363 0.03222102724 0.5398573281
10.71271282 -4.308245386 -0.05132977679 1.939311631 -0.6488301601 1.13166661 -0.6081169637 -0.4074533492 1.325503872 -0.1225356306 0.07254389429 1.099350678 -0.2544461311 -0.1208965005 0.08952664789
3.852103311 -8.930153189 1.12629214 1.485111935 -0.6548127648 1.447711553 -1.841026112 -0.3971475922 1.402038614 -0.7938769182 0.4372044962 0.4467397923 -1.137914356 0.1988668839 -0.2145337962
7.470860271 2.377876158 -0.9901216453 0.5514088567 0.9835556685 0.376286665 -0.993051591 -1.161925562 -0.7806888985 -0.506342701 -0.213748858 0.2192419526 0.2601335105 0.2519808583 0.1136830258
-2.508316677 -2.573306456 0.5855143314 1.105593721 -1.267618186 0.1862435976 0.3482809011 0.1248235048 -0.04527869433 -0.3348735594 0.5259525086 0.5055607627 -0.6215899865 0.02428989275 0.5751408098
11.93368887 -1.245918199 -4.336959461 -0.03762632399 0.1398920115 -1.11686901 -0.05453534721 1.494945754 0.5538953971 -0.45105077 0.07069464437 0.4541013719 -0.2211356769 -0.4098910108 -0.145022695
1.561566057 -0.1845162295 0.9284769149 2.985375075 0.4655927491 -0.9975462813 -1.194540527 -0.2424224734 -0.2361203619 -1.017629297 -0.8128490645 -0.1404216881 -0.3069604854 -0.145110138 0.1167564128
6.34181849 0.5468906451 -2.218725564 -1.11190059 -0.4785211966 -0.1105631433 -0.03343006523 0.5154480101 0.3334179705 -0.1702444755 -0.35269381 -0.142247529 -0.2033575129 -0.1627931096 -0.2449260396
-2.657549987 -4.450074407 0.3798642143 3.222978997 -1.558599908 -1.596593204 1.682410175 1.476272238 -1.055427641 -0.7522513364 1.194090966 0.9887207395 -0.8322571346 -0.5109968589 1.067320083
4.803600007 -5.704697909 -2.287380749 2.301262606 0.7050813699 -0.2096137278 -1.322708412 -0.06154406854 0.7529508511 -0.3558232656 0.3116276157 0.6420795511 -0.8191711876 -0.3821948632 0.3247690862
1.534199436 -7.256482222 4.004501767 3.240810112 -0.6882712934 0.1472701788 -2.893235271 -0.3471910318 1.19213351 -1.456022548 0.1991478838 0.3440707909 -0.8655228598 0.7752242245 0.05413520168
