14.14426354 -1.507366056 -2.537821659 1.648870421 0.3281764432 -1.812440357 -1.075182288 -0.06672935422 -0.9998717441 -1.643837508 -0.5787774335 0.1723314407 -0.4781241151 -0.1858756321 0.6609798527
7.480830103 2.931119583 -0.6765777228 -0.2092848743 -0.6296836455 -0.9012900091 -0.711158983 -0.2335179394 -0.4831491813 -0.4853477878 -0.006673756628 0.2708443992 -0.1449065411 -0.499974619 -0.370765018
8.11290371 -8.693351665 2.917167492 0.7858622452 -1.039119333 0.88360372 -2.227869388 -0.8050210974 0.07006123703 -0.7174704446 0.2193883625 -0.468892283 -0.4235029538 -0.6447564498 -0.4236070689
3.822688944 1.61218187 -0.4092356283 1.02989352 -0.2544758299 -1.267397139 -0.8753858527 -0.2730175627 -0.7309970018 -0.7995725848 -0.4741320788 -0.3493379031 -0.4190324588 -0.2446774294 -0.1070317212
7.763245773 -0.1499100335 0.4709239959 4.269154657 1.796543868 -2.644062016 -2.838449969 -0.7978166574 -0.6361969834 -0.5912952056 -0.1899360903 -0.7116435467 -1.240993041 -0.4285076999 0.4850703201
5.928507506 0.6902626255 -0.3934869267 2.062005983 0.9769397159 -1.132881378 -1.514863673 -0.7189887758 -0.6552646739 -0.3558965252 -0.1030657849 -0.4351326635 -0.7653360306 -0.2916764212 0.2102755984
-1.963660463 -6.391105691 3.48129614 -0.6577350589 2.91848476 -0.8804081685 -0.1993982579 -2.209224208 0.01099414738 -0.9354346146 -0.385631376 0.04869941772 -0.7403728981 -0.7979922183 0.0700854443
1.371994989 -0.3371002733 0.6409626085 -0.3562355616 0.1401733835 -1.189030266 -1.100134834 -0.4150401979 -0.7678547011 -0.8083576892 -0.5814886993 -0.3355596622 -0.3845074347 -0.4213973205 -0.1781601326
12.3659114 -3.164693147 -1.619091953 4.952363699 1.372921479 -2.998059982 -1.897738465 -0.5009841751 -1.419663274 -0.8334932107 0.1894288741 -0.8496863366 -1.546742689 -0.2517666961 0.4942055309
8.969018342 0.5646568136 -1.56458879 1.021556907 0.5339181375 -1.145903275 -1.212920298 -0.2515225949 -0.6705679349 -1.185420906 -0.5519159823 -0.08523308766 -0.4868371084 -0.2690463845 0.2657656523
10.88960482 -5.571250528 0.9645445247 0.1763118653 -1.912561934 0.4428075162 -1.494958916 -1.127931126 0.0968931261 -1.06384441 -0.3333246521 0.03847243888 -0.5666969389 -0.3134665729 -0.3799243207
2.50948097 0.4980265589 -0.6911794556 0.9911604669 -0.4971769256 -1.147148924 -0.5470466931 -0.09472432796 -0.7092720108 -0.7412870946 -0.3879617998 -0.2878756488 -0.4550719621 -0.367892465 -0.1788572986
8.876614444 -4.498390023 -2.708953604 2.569784072 0.3416822795 -2.087783328 -0.9974407376 -0.01698274755 -0.8313706457 -0.5851758368 0.4308871143 -0.2404617354 -1.043267229 -0.4336356988 0.1703127328
4.442264655 0.4646518491 -1.565819923 0.9653521642 -0.1233578337 -1.446166702 -1.063414491 -0.2756006661 -0.7341854867 -0.7247245337 -0.2079951834 -0.09063353502 -0.305077877 -0.1878946571 -0.1720772163
2.813613439 -4.052346353 3.900628639 0.4427938024 -0.2791195959 -1.17487527 -1.438224393 -0.9855976394 -1.155713583 -0.3039151284 -0.739972196 -0.4885608383 0.001267772817 -0.6355976895 0.06226625709
3.192820716 1.108877982 0.1194875625 -0.3348621563 -0.2180066676 -0.8001789843 -1.06920578 -0.2655420033 -0.5598459203 -0.7532183924 -0.5587091549 -0.3051574036 -0.3288101214 -0.2557533626 -0.2144456345
11.07482004 -0.6403278865 -2.93870893 1.072141995 0.4975406662 -1.909354715 -1.572593126 -0.09590680849 -0.7901427356 -1.475731846 -0.6027271136 0.112759708 -0.3026544384 -0.0665780124 0.4298266231
5.822811375 2.364087778 -0.4987695069 0.216290042 -0.7659470524 -1.222059852 -0.7583778007 -0.2526324234 -0.7864700764 -0.9234799948 -0.509385287 -0.06339092293 -0.1741646233 -0.3064349338 -0.2293392782
5.792217451 -7.808217432 1.435202758 1.842236804 -0.5650440769 0.6823178836 -1.94271779 -1.053208023 0.01235004354 -0.9257091731 0.01579114957 -0.1227916951 -0.6885477491 -0.3039970477 -0.245631395
3.246807495 1.341087858 -1.021779427 0.5902326271 0.03759086403 -0.6836940578 -0.6825739843 -0.2096706477 -0.4760251554 -0.5534958877 -0.3703677379 -0.2654710676 -0.3751976975 -0.3643640395 -0.3234673143
7.02885052 -1.825806445 -0.7223643369 3.236719483 1.31677291 -2.092202286 -2.041341258 -0.8116003037 -1.13124562 -0.6669643046 -0.02236242267 -0.6230994601 -1.254201918 -0.4115740572 0.4731901213
4.554339588 1.238439032 -1.082845151 0.9180716959 0.09211433968 -0.811425331 -0.5479442001 -0.03408752499 -0.5233207845 -0.6477216899 -0.3283830432 -0.2077345614 -0.3476828377 -0.3236423193 -0.24252361
-4.448149165 -6.650883937 2.94770835 -1.319467114 2.453110444 -1.307434705 -0.06624583419 -2.617817569 0.3773762395 -0.4554044895 0.4344232774 -0.1844301 -0.4261104219 -1.154114913 -0.277426798
-0.7842097997 0.5818699662 1.072432068 -1.560741269 1.190821329 -1.97848882 -0.7972643355 -0.2018334739 -0.8857944475 -0.7614850877 -0.6189186135 -0.2777075712 -0.4706696853 -0.6977282549 0.03484963042
9.718509507 -2.437466198 -1.490022322 3.936443105 1.397553226 -2.711578873 -2.094900556 -0.4450781723 -1.110005907 -0.8804862503 0.1110559643 -0.6311705346 -1.586787554 -0.5138836675 0.5606203786
8.037107281 -0.6142955352 -2.311302467 0.8083440634 0.1907094904 -1.22833527 -1.314191074 -0.5493089717 -0.4957094162 -0.4560846258 -0.04454043933 0.1657983691 -0.435443236 -0.500509921 -0.1400415201
7.796948744 -5.239067288 0.4892428259 0.5652796135 -1.595472738 0.1288841782 -1.632488389 -0.9903533058 0.1080656231 -0.8892900061 -0.1633658742 0.01496105375 -0.8249587522 -0.4486598651 -0.1765398588
3.485643673 0.6452374592 -1.540500544 0.2830729564 -0.4951768216 -1.240584809 -0.9758749526 -0.3987242329 -0.8289496587 -0.7727891659 -0.2903988827 -0.1222355832 -0.3041383413 -0.3189574603 -0.2267804687
5.839070368 -5.549626328 -3.793240364 1.402914681 0.4415311674 -1.388695297 -0.8026959471 -0.1481041467 -0.4368520513 -0.7752737324 -0.03105461326 0.0864988645 -0.7024668391 -0.4229768635 0.162357278
4.644992601 0.8882836778 -1.609434232 0.1590910805 -0.6802535125 -1.302229193 -0.778004122 -0.2126906343 -0.6896587671 -0.6908382649 -0.2585157103 -0.1563107088 -0.3652947628 -0.3883360783 -0.375143
3.718521735 -2.682330898 0.4406886061 1.524587541 1.587637055 -1.942815838 -2.173991418 -0.8641279259 -1.121252282 -0.5248947541 -0.05228463461 -0.6795776699 -0.9187563559 -0.457318164 0.6891457575
2.816464979 0.3298970586 -0.7080020903 -0.9456660361 -0.5440239992 -0.9804553874 -0.8932392856 -0.1001218748 -0.5977426395 -0.8011951031 -0.4556407086 0.1151811177 0.01288969488 -0.3821125906 -0.3824062497
