11.62967399 0.0471181464 -1.779599795 0.9349915659 -0.07344660102 -1.436299186 -0.5464752667 0.5782139713 -0.8053384693 -1.351551756 -0.0689608745 0.05641472443 -0.5078276952 -0.3918670654 -0.2040177771
5.670330239 3.664491122 1.486734988 0.9728151415 -0.04335785968 -0.3807505226 -0.4161471466 -0.0456744762 -0.3590297308 -0.5944105688 -0.4428759432 -0.3362409143 -0.3382623717 -0.4060226765 -0.3029519602
10.36692121 4.242015007 0.3286148791 -0.5353443625 -2.301265452 -2.188103131 -0.1093024069 0.9787855187 -0.09668133321 -1.127108955 -1.126645331 -0.663479751 -0.3058755932 0.02545520005 0.3920677945
-0.192429271 1.593503945 -1.202821536 -0.05463299212 -0.006851064125 0.00103113847 -0.2960988124 -0.3339612398 -0.3627741214 -0.615504225 -0.4693304665 -0.278150565 -0.3753817268 -0.3722136774 -0.3633477956
8.607073577 -3.944276756 0.9968100452 0.7814263107 -1.288499972 -0.307726933 -1.195876964 0.06729941523 -0.2508469285 -1.483062025 0.07317645841 -0.04789917096 -0.6138710575 -0.3038708257 -0.3749071913
3.329029416 2.932495275 0.1017147555 1.037499146 0.2515168445 -0.03789472051 -0.2846607433 -0.3339372846 -0.4541839511 -0.7431607025 -0.3810663863 -0.1440871731 -0.268534174 -0.4279591875 -0.3187082309
9.3516471 0.7350232608 -0.8377911603 3.256283559 2.773857762 -1.764396091 -3.496511714 -1.988123347 -0.62680443 0.360383725 -0.1502648191 -0.7732645859 -0.7333799008 -0.6106022458 -0.1221795284
0.8340875377 -1.522586186 2.662525526 1.941586073 -0.2748067539 -1.560337456 -0.1762469848 0.3588919861 -1.691726043 -1.09935039 0.9169778241 -0.4044447735 -0.8070739958 -0.7310732706 0.1315069761
11.23713653 -3.486227021 -1.168538896 1.304793122 -1.059585462 -1.204025128 -0.2960245252 0.1070598828 -0.6054764844 -0.9753853267 0.03198559197 -0.1339941721 -0.5553893771 -0.2722095278 -0.3454248988
6.668490645 1.036622758 0.7009189253 1.629031624 -0.2895395507 -1.834897136 -1.240888148 0.5861799541 0.1969079023 -1.127671265 -0.6849293241 -0.163263013 -0.2151726119 -0.4853509897 -0.5142356774
9.524599308 0.5738807953 -0.4457398028 0.9636045828 -1.355430175 -2.489320641 -0.4218634652 1.17637781 -0.5046090327 -1.671968756 -0.7668563076 -0.2301153227 -0.2684096558 -0.04013165272 -0.08806920922
-1.076252228 1.760452426 -1.540900963 -0.07359163103 -0.08612979952 -0.115720063 -0.3272721064 -0.3257350314 -0.3524031938 -0.6078925889 -0.4533979855 -0.3499839183 -0.3336575152 -0.3544561671 -0.334672397
5.252062658 -2.767427808 0.8345918627 0.8413909582 0.107819324 -0.9820236138 -1.709760385 -0.1814138315 -0.3939801626 -1.304264876 0.333712706 0.05222076217 -0.5329238459 -0.4079717868 -0.2867020929
1.559157162 0.5148625334 -1.286796177 0.1565259142 -0.3578984196 -0.064588671 -0.2978072943 -0.430133476 -0.366922287 -0.6246179642 -0.4535558946 -0.2580326148 -0.3376853614 -0.3914045296 -0.3347452456
6.085456425 1.686948914 0.8787487902 2.83486558 1.561795445 -1.450724029 -2.294188042 -1.429764161 -0.9510723604 -0.1449917222 -0.2604957303 -0.7148196653 -0.7352033152 -0.3540809907 0.3652641378
-4.253172384 -2.244350175 2.146957192 0.8248348288 -1.207565953 -1.844480482 0.5983677912 0.3154316773 -2.054306158 -0.5322432359 0.7000684838 -0.601154109 -0.404359196 -0.5299811822 0.2086536645
12.84436628 -1.914821482 -2.978950363 1.439680729 0.1365011391 -2.251789824 -0.2893446829 0.06782929673 -1.664018989 -0.3451512268 0.7236682672 -0.1738780525 -0.739938478 -0.06205183649 0.3108170905
6.70699051 2.552458274 -0.5985691977 0.02466704928 -0.3225149363 -0.4842444492 -0.4204760057 -0.134559045 -0.5549023479 -0.7634882869 -0.3217689198 -0.06442757335 -0.2101570985 -0.3865087914 -0.2216080015
8.82689769 3.92860121 0.03174231101 -0.6915452601 -1.062835159 -0.7114263196 -0.1801411925 0.09602302667 -0.4899064375 -0.9560392725 -0.6926495399 -0.2192852686 -0.1664233901 -0.2276677679 -0.0925180474
0.5138103303 1.397846238 -2.045189296 0.5428483027 -0.5240672844 -0.08798223854 -0.2688043975 -0.451795268 -0.4389120238 -0.6780221576 -0.4096054107 -0.4593923139 -0.2828903561 -0.454033294 -0.2459766103
7.7955387 -2.766437252 -0.04120118999 0.1039216787 -0.537875266 -0.7092048986 -1.38686279 0.5604643449 -0.271435487 -1.400231724 0.3721673927 -0.2157865639 -0.8088967587 -0.09817697374 -0.3858471739
1.367355639 2.218047697 -0.6948322185 0.6856828119 0.2652594976 0.1836611943 -0.1363859472 -0.3325624665 -0.3953358138 -0.7438796597 -0.4403162732 -0.251884317 -0.2800207372 -0.3400720952 -0.3154433017
7.598025197 -0.8211143592 -0.3293582365 3.684159374 1.542703693 -2.157262838 -2.134250095 -1.324667098 -1.60301987 -0.3627565204 0.2525817275 -0.7657549193 -1.412531083 -0.4682465297 0.3608947978
1.212940663 -2.49190192 0.04616818902 0.7505225261 -0.02562279417 -0.4139472751 -0.8957447849 -0.220475281 -0.449290704 -1.057852138 0.02147708214 -0.1060038028 -0.3155878851 -0.3277693329 -0.2304924364
9.599399087 -2.343391222 -1.895654622 1.380603522 -0.345572551 -1.963321245 -0.7958430636 0.01482914168 -1.303037481 -1.002908879 0.4476281923 -0.08524288798 -0.7172645341 -0.1342180711 -0.1860031044
4.366301533 0.5512309772 0.3129591715 1.288100272 0.03488399833 -0.8293696237 -1.017118091 -0.2582184472 -0.4951361279 -0.8863098763 -0.09191446504 -0.1600464135 -0.5860077017 -0.5301206735 -0.3037524904
8.405694818 -0.4688673669 -1.068700596 1.140874395 0.1416477639 -1.65759521 -1.238202217 0.4564386807 -0.2787647568 -1.185364155 -0.09243384899 0.1826749668 -0.6077101239 -0.7296409884 -0.2423407381
-1.394821507 1.126731599 -1.868342723 -0.4090223007 -0.3807569169 -0.3672343771 -0.4581150054 -0.5127453221 -0.5773732437 -0.725803733 -0.4990761461 -0.369984888 -0.3357019962 -0.3118487108 -0.2605140002
4.850399999 -3.945194008 -1.689688059 0.6140756976 -1.469123287 -1.712837541 -0.8792485132 -0.3268446009 -0.6280138719 -0.9099313649 -0.05260689605 -0.1189543673 -0.6706284719 -0.2419052854 -0.1858481251
0.667487705 -0.009620450568 -1.57491091 -0.2766920955 -0.5641048765 -0.2326547844 -0.313452348 -0.5122389807 -0.4355130662 -0.6886574472 -0.5861394518 -0.3600283636 -0.396327003 -0.3139954913 -0.2105477402
4.724072671 0.7041489559 0.3116436359 2.841192575 1.625608488 -1.80609207 -1.787358938 -0.974409378 -1.455829247 -0.2476716177 -0.2173915648 -0.9267593175 -0.8555121857 -0.276159033 0.3772473976
-5.304250867 -4.096404203 2.811208418 0.3477779227 -0.3903527022 -2.045504971 -0.3672725127 0.130472585 -2.238873953 -0.5954425297 0.8095302845 -0.5608405955 -0.4181675794 -0.8026548723 0.3500214984
