2.646696873 2.255589573 1.094584186 1.121529921 1.206604891 1.40424062 0.6684443147 0.5222507955 0.3679123394 0.1630729113 0.1947395246 0.1650404639 -0.01866143028 0.1466176765 0.08227134052
6.303251416 4.221922023 2.718869934 -1.037872437 -0.872243459 -0.6320089981 -0.4857245729 -0.4234462033 0.05744250262 -0.1867554953 -0.8087667431 0.03063962944 -0.5002680083 0.4228073082 0.5284336738
2.107966386 1.683100381 0.5526205631 0.8021572494 0.9195139987 1.227938153 0.5121948727 0.4526460499 0.4289271801 0.4319129499 0.4902919445 0.3834727687 0.1753896145 0.2838597895 0.2046255345
4.989136877 2.70750028 2.007912507 0.1020366921 0.0885685713 0.6241929542 0.347293234 0.3107976801 0.428750555 0.09386766523 -0.03705916253 0.1564314597 -0.4362203386 0.1601030649 0.2375251931
1.904374571 1.535007793 0.3755416422 0.5213157061 0.4446622523 0.722853382 0.1128743908 0.06326827431 0.1238842204 0.1509156599 0.2583806551 0.3184498249 0.2303081677 0.3178161086 0.1809582851
7.110410719 1.517654251 2.843000318 -1.271862561 -2.016344201 -0.4526153431 0.4440629882 -0.8275109143 -0.923148377 -0.5311184651 -0.9172691508 -0.02401788386 0.1279635391 0.2943572393 -0.1601216495
2.106752724 -0.3471145988 0.1908819793 0.5983480475 0.647320422 1.110708097 0.3643922183 0.1073556817 -0.1156750715 0.0704967177 0.6454787629 0.5999319095 0.04450758069 0.1535308943 0.02617338555
7.401694075 0.3575278739 1.132575961 -0.2005330367 -0.1111413385 0.2225327485 -0.1919353972 -0.02804415839 0.1217526094 -0.00660373206 -0.1829658369 0.09427882867 -0.2807573941 0.02899646303 0.1039910101
3.099452496 1.624433698 0.5723031056 -0.1580342909 0.112246392 0.9673152304 0.7637232698 1.081514432 0.8841653907 0.4207056026 0.2420818472 0.1132117738 -0.1682473921 0.2174662346 0.2852630372
7.114323599 2.737143911 1.621297482 -1.788377542 1.000645706 0.3937287736 -1.3491334 -0.8575094709 -1.054290164 -0.6990254972 -0.446587186 0.3748840274 -0.322947088 0.3978400873 0.4202710206
1.636638289 1.024048479 0.06304326539 0.5266935707 0.6873315995 1.057135146 0.5057188191 0.5153320932 0.5171696068 0.467876534 0.4360322776 0.3156227238 0.128204175 0.169513766 0.08528958244
6.105606668 2.31519112 1.934081939 0.9503028405 -0.2287331829 -0.133240447 0.04870061871 -0.5456370961 -1.026633099 -0.985971499 -0.7829398314 -0.4110565289 -0.00520922086 0.1927330681 -0.3362970475
1.897404316 1.09906141 -0.1658912806 0.1752296186 0.5164221457 0.9345185524 0.2901336753 0.2105129261 0.07403351099 0.0007393433333 0.1378345782 0.232820143 0.1317943993 0.1218146419 0.1048850196
6.898927559 2.960165725 2.911308019 -1.389743336 -2.377880207 -1.150768856 0.0494855142 -1.17605176 0.04474254823 0.1158517029 -1.243730417 -0.2361856706 -0.7171312533 -0.05382566448 0.03436327809
1.754585175 -2.050215304 0.5013705268 0.01544988377 -0.03712013299 0.9797947011 0.5436828124 -0.1473775217 -0.8063323318 -0.04890298189 0.8649953045 0.4560011078 -0.1420087033 0.3846591257 -0.1196346886
5.971796324 1.303806642 2.319717087 -1.255398622 -0.7058129744 -0.2752701221 -0.6355505565 -1.803900201 -1.377282852 0.1978538527 -0.3403871371 0.1467161774 -0.1894717378 -0.3203267706 -0.5251218762
2.205439454 1.710909623 0.9007902261 1.072705031 0.7291516943 0.7798216739 0.1691330295 0.2372935606 0.1457333167 0.1320744652 0.2098244603 0.1015081551 -0.01867034338 0.07360585223 0.1142243224
6.547617174 3.428772276 3.06060259 -1.388467734 -1.090792711 -0.1354046346 -1.005337691 -0.5804459446 0.6228693137 -0.4877765325 -1.112903811 0.2739886279 -0.3782000752 0.1384781226 0.5570365835
1.926494764 1.449685046 0.3660248357 0.6679445987 0.8598367476 1.210932133 0.5068772692 0.3154813801 0.1393767443 0.0108189806 0.05631170556 0.08033774029 0.03733722221 0.2226454552 0.2209290026
5.402083486 2.212466018 2.016788234 -1.285897082 -1.018726274 0.5283211856 0.3644423181 0.147696195 0.793897784 0.2895545251 -0.8019409915 -0.08648470054 -0.3406911128 0.1309445398 0.3234911919
1.736438866 1.339596267 0.3219639326 0.6080978684 0.4673948923 0.7477805895 0.1668134999 0.1219353613 0.05085651656 -0.05580321028 0.01501524212 -0.05418635614 -0.1946274681 -0.07871124521 -0.01873418807
6.037709441 2.463180831 2.728264581 -1.405341876 -2.287223888 -0.5034456006 0.1597952092 -0.9817253148 -0.6164870707 -0.2400566056 -1.06600974 -0.4982311469 -0.2663732679 0.2605096327 -0.02189641998
3.509200963 -2.466173778 1.983911856 -0.01285633468 1.486758615 0.5385714084 1.19045768 0.3509314745 0.2835075971 0.1678411328 -0.4833430594 0.4179092381 -0.140412285 -0.091886754 -0.09806820965
6.086676944 0.5997474003 2.413459887 -0.3876533716 0.5626092925 -0.1297127523 -0.8453810486 -0.7326880538 -1.304797097 -0.9107445295 -0.1659847133 0.4479194525 -0.4239383414 -0.1223117414 -0.06783118309
2.889240314 1.285005166 0.3133566593 -0.4492914595 -0.3120164336 0.5758253277 0.8337895864 0.8641034719 0.3392289745 0.2253504236 0.005703348864 -0.1007340476 -0.108584697 0.2664099275 0.4282902379
6.679026255 3.102728696 2.069840088 -1.945824091 0.1982904754 -0.2989611762 -1.175719401 -0.7968885439 -0.6646117555 -0.5706186708 -0.8813155729 0.252858583 -0.3467618339 0.4827578713 0.4183348152
1.345645232 0.9824296653 0.2960132271 0.8095969297 0.6886524598 0.7729478686 0.1818628372 0.1853663743 0.1476049112 0.1264645182 0.2134420175 0.2494007181 0.2093329298 0.2713745435 0.215601402
6.925632483 1.400757609 0.719576503 0.3310493824 -0.1443203753 0.04661199823 -0.5525417173 -0.6596950311 -0.7117119408 -1.208461545 -1.362448095 -0.3089566664 0.2490115698 -0.4549799929 -0.7225372932
1.288821986 0.8587770912 -0.04893754127 0.3360466739 0.2495323583 0.4997372739 -0.03506914737 -0.05602480109 -0.004924764391 0.1034133332 0.1949923135 0.1128082821 0.06733215148 0.1101958108 0.06407858996
6.18197759 2.55884867 2.186207993 -1.043232359 -2.428085666 -1.142521094 -0.5313653374 -1.012913913 0.0448934422 -0.01966452101 -1.251776441 -0.4286653669 -0.5382580072 -0.2847822552 -0.121288631
0.1912160394 -1.676504057 1.036128777 0.2951121265 1.346531458 -0.1020096246 0.01429306564 -0.1092136378 -0.1880127072 0.1140633466 0.453526748 0.2225957518 0.06973371849 0.5560718103 -0.2420790259
6.316679464 -0.0638292471 1.024376127 -1.629235687 -0.5216400696 -0.04825483983 -1.339584366 -1.339637662 -1.358938729 -0.761595048 -0.4372870483 0.1858285537 -0.1977661744 -0.7680102398 -0.6556988544
