7.260683326 3.195542385 2.660238617 2.616501399 0.9941715791 0.4799073404 -0.09539158195 -0.373601469 -0.4573479582 -0.5658966258 -0.5934553375 -0.3236476642 -0.04745574449 0.1427067128 -0.2545518795
4.618021754 -4.137627536 3.32809155 1.873556581 -0.1719522154 2.474792656 -0.5082901878 0.2933211627 0.7030557659 -0.6846100531 0.6148422755 0.1227475039 -0.2555412301 0.5559635254 -0.2003374942
6.444218376 -1.511796272 2.739706796 3.990244179 0.6126814687 0.5539920348 -0.6921989035 -1.511017141 -0.2033156218 0.04279669218 -0.4819027416 -0.8065299362 -1.051065033 0.1508457617 0.4981083559
0.8429508503 -1.503197533 1.485408133 2.968971101 0.621127422 1.116214653 0.5931594296 0.4423242871 0.6331200474 0.2230043554 0.5427765507 0.6368566785 -0.01242600236 0.3769906673 0.3367457235
8.397222713 0.05926374131 3.407245338 2.806523046 0.1561587236 1.293583964 -0.401245164 -0.8119060221 0.126325015 -0.4365682513 -0.2437882078 -0.06732103019 -0.3855048011 0.2049267502 -0.2414021248
5.326504657 -0.6831767932 4.947858401 2.878408792 -0.06254837952 1.72929426 -0.5905324552 -0.310499198 0.2747415584 -0.8058703423 0.1648846115 -0.0330512488 -0.6278824593 0.2687825664 -0.08752361126
13.01086451 -0.7746824956 3.310825168 3.192512476 0.2836064202 1.297468046 -0.1597363052 -0.4138769005 -0.1002593163 -1.004171182 -0.6110651443 -0.1627110692 0.01857997996 0.3380069797 -0.5651271211
1.654942725 0.5575780168 3.268436262 2.543089453 0.08948603278 1.091414396 -0.577939663 -0.8914131769 0.09700543253 -0.1184761494 -0.01436796823 -0.02240292012 -0.2636089319 0.2180491879 -0.1673790163
8.722264543 2.697698946 0.7522553817 0.7031712302 -0.8920885003 -1.147321033 -0.379235486 0.2772675715 -0.205342203 -0.9917506741 -1.060487669 -0.4966572469 -0.2242936025 0.191560188 0.4181244746
6.343461655 -4.730378485 1.909982118 1.36995498 -0.2262247897 2.113099354 -0.5620966228 0.3343121222 0.6986088547 -0.4499197125 0.8992327697 0.1471988797 -0.4002187702 0.4292760954 -0.3427861869
11.36765473 -6.02956111 3.542767493 2.572770222 -1.478788607 1.450898819 -0.927689541 -1.388730171 0.2358843678 -1.280539656 -0.558631178 0.167985333 -0.996061584 0.1241741164 0.5959465866
3.636715743 -3.00357783 0.7712694483 1.87808422 0.1935482914 1.783920166 0.1019341139 -0.4582113722 0.2180754024 -0.1095330547 0.4132463224 0.304420969 -0.266376418 0.3578272285 0.1566751309
4.470350757 1.549070961 3.740837702 2.668530225 0.3626248497 1.09019536 -0.2322744178 -0.5257983511 0.1798430473 -0.3198670606 -0.2994425873 -0.06064864286 -0.2928425035 0.138537096 -0.0815083109
3.01703659 -2.842003296 3.786913048 1.711647641 -0.3544529739 2.256521387 -0.6372832261 0.07022258729 0.6002564175 -0.7943431018 0.4150452339 0.04253571561 -0.3826796149 0.4716819742 -0.2337226241
11.43704887 -4.303707202 4.113103111 1.524765622 -3.862417142 0.2817310504 -0.2337203805 -0.6547405398 1.276958075 -1.071346932 -1.774077881 -0.3442219567 -0.8282989906 0.1856416934 0.8493040995
-1.072265194 -0.2573574036 2.237055809 1.909310622 0.997044183 1.808232539 -0.5640081385 -0.2179600864 0.823377123 -0.2025204706 -0.05366798082 0.2617442012 -0.09903000874 0.1564989918 -0.2676132654
5.100198611 2.888823845 2.289818263 2.131461529 0.9761963349 0.708156938 0.2635732228 -0.02325961994 -0.2507231589 -0.3815773735 -0.4416123481 -0.3140379801 -0.1897534416 -0.004007126943 -0.2279739912
3.958717852 -3.746221638 2.76893134 1.310926282 -0.3865253292 2.139612702 -0.7501102197 0.08641203599 0.6418544858 -0.5625501567 0.6519369262 0.05678024265 -0.3676843238 0.4713502032 -0.2515471891
6.168013914 -3.55443336 2.540858166 4.368160322 0.3224716936 0.3027913187 -1.012085507 -1.482541949 0.09853494954 -0.2947166114 -0.5476625663 -0.3952689117 -1.504277353 -0.4063720088 0.7625006087
0.7438267778 -0.7350805658 0.7293961982 2.172445695 0.5520122316 0.9602456175 0.5826342934 0.2943192269 0.3043207886 0.3089127522 0.4978468426 0.3382901327 -0.02211942423 0.3099731946 0.1283566439
6.015424285 0.6948238178 2.208334497 2.870456489 1.101385913 0.9788249653 -0.2142167332 -0.6551307577 0.01828922984 -0.04531420867 -0.04810425817 0.05904853436 -0.4125046969 -0.0655670124 -0.05380565425
4.499272459 -2.232597408 4.213726969 2.075325162 -0.2720370913 2.167694193 -0.524604472 -0.03864758681 0.3509062037 -0.805965898 0.4818595256 -0.01827710006 -0.5360364263 0.4198437096 -0.1784870136
12.58806017 -0.01589764478 0.6272138401 0.8589970401 -1.586894197 -0.6180750577 -0.2390177688 0.05216108871 0.2507352072 -1.188006863 -1.364937864 -0.2881068276 -0.3479360032 0.2665767278 0.6755997954
1.314151947 -0.598342288 1.49713726 1.784479609 0.9182593055 1.595093698 -0.9416681769 -0.6348501391 0.5544957044 -0.3372392072 0.01390079711 0.3650886067 -0.2012341294 0.07293616255 -0.08238265527
8.939101594 -0.06759096802 -0.3283031754 1.396067077 0.3231076598 -0.266652969 -1.03243097 -0.626604814 -0.1299222106 -0.8493027593 -1.009462149 -0.488332373 -0.4144159635 0.3187940221 0.3749173361
6.429538424 -6.329895904 0.8080654899 1.215776129 -1.260700573 2.407200755 0.8450778793 -0.3084757255 0.1237273844 -0.3834550346 0.2071117666 0.1230431674 -0.05028144248 0.5887376304 -0.1572166215
8.525280611 -4.581355777 3.10617556 4.143185544 -0.271466112 0.8814640055 -1.087686746 -1.757762775 0.1846036503 -0.4860263075 -0.4628089155 -0.2510300678 -1.451803857 -0.1585202701 0.7154859302
2.509223742 -4.671920794 1.857520806 4.052840953 -0.555316722 0.3720253373 0.005330376284 -0.7741066599 0.007106083206 0.2950094731 0.3167324409 0.1078704473 -0.2043804914 0.3260901586 -0.1385602806
4.677662919 0.2179946225 1.931115746 0.8276610951 -0.2594937687 1.649610343 -0.5558253904 -0.6614607411 0.4721043135 -0.5375741365 -0.5241088112 -0.08982829002 -0.2195432213 0.3100591853 -0.2999805776
2.044172005 -2.945290244 3.485013685 1.49641098 -0.1109783494 2.448178802 -0.8021197688 -0.1630386782 0.6470122779 -0.6714512507 0.3872060044 0.02277286708 -0.3403027903 0.4114223576 -0.3561037271
8.016980597 -2.003364498 2.884516216 1.468840797 -3.180108302 -0.3209159639 -0.1128965248 -0.5569760175 0.9358747803 -0.7921882139 -1.875356712 -0.4216126524 -0.5858631357 -0.06063784029 0.7543838165
-0.6915314277 0.7432559527 1.840042201 0.9464789027 0.6436716788 1.659642767 -0.8985057812 -0.5758365107 0.7373453913 -0.2394715857 -0.2334514197 0.1829625221 -0.150844066 0.09682437589 -0.2128313311
