4.917382802 2.260845853 0.8512010431 1.143477674 1.256725739 1.067702932 0.9916389165 0.734024225 0.6023927917 0.2738470903 0.2849423672 0.2578394692 0.2778747897 0.2002356631 0.01645498668
3.411651692 2.868898028 1.277691009 1.158802335 1.110070884 0.9129552604 0.953506515 0.3658059088 0.4978635875 0.129645138 0.1026642945 0.1309379589 0.07845055265 -0.05502150159 -0.03890047075
5.849123632 1.590604915 -0.121850142 -0.2298726716 0.1630619634 -0.9982756046 0.9253497192 1.018044331 0.1290932595 0.6308739857 0.4772920836 0.4397114361 0.09217817735 0.4659016934 0.9043806158
4.737597256 1.525482423 0.3205246813 0.8922339058 1.007851245 0.8593056225 1.083633569 1.008833035 0.8754723716 0.5740696105 0.6601060966 0.4177453284 0.2282606843 0.1428270909 0.01092976968
5.000972324 2.01750996 0.6296047357 0.9909371153 0.9942688427 0.6821616756 0.5977160424 0.3023395653 0.1898833432 -0.113637639 0.03878286695 0.1664301312 0.1736891163 0.1318559334 0.0531171862
2.851714992 1.840214078 0.4681442539 0.6718861495 0.7542580527 0.8640781606 0.9057137893 0.4941022875 0.4269328023 0.2271778715 0.2124921002 0.1601409271 0.1569316279 0.1212778353 0.03724008615
3.367574886 1.868512843 0.1233610329 0.263434245 0.3381497521 0.1819075882 0.7803220638 0.2895641577 0.422926007 0.1811794574 0.2334035431 0.04968667385 0.0834285374 0.03923803655 0.04102080749
4.508121345 1.259943839 -0.1114082994 0.3356421028 0.4145144466 0.4316140314 0.6081534921 0.5455679266 0.5538180505 0.302141915 0.441081005 0.4071023056 0.3344438136 0.2415470061 0.08233512763
6.09875198 3.040829744 1.086595694 0.8182650274 0.8307409714 0.3654734679 0.5375168467 0.238942683 0.05296776317 0.07125240988 0.1532719317 0.319943082 0.3060874023 0.3559791464 0.3122369173
2.289877447 1.789292899 0.968784701 0.968973599 0.608206234 0.5691995925 0.386685579 0.3845207207 0.3076680476 0.3385654528 0.2906305407 0.2695456223 0.1542530242 0.1157539737 0.06321017758
6.502547459 2.740555888 -0.05272872365 -0.4379938496 0.2358271193 -0.5623379511 0.2879380884 0.3837333608 0.5877334028 0.713820356 0.2577200619 0.2539930956 0.2937512291 0.3734816142 0.5573322865
4.226578528 1.978318522 0.5672017203 0.7225760474 0.7878001665 0.8552711394 0.8501280311 0.6757903437 0.539664712 0.3269619221 0.3439345674 0.3099083946 0.2955982767 0.338594218 0.2336992324
5.123938377 2.281246991 0.4231299374 0.410534114 0.4201932211 0.3520128654 0.4271251058 0.1553296121 0.2908992253 0.2517517282 0.3839709158 0.2227537341 0.3201643915 0.2788407457 0.1453691999
3.228268462 1.343078038 1.230957927 0.005501885259 0.9315478893 1.01221219 0.6582858445 0.3056144192 0.529061553 -0.01638173171 0.2778975644 0.3615460138 0.03197043547 0.0603908127 0.01357869452
4.167637891 1.52536847 0.2714050574 -0.3608066993 -0.3258457347 -0.6322351762 0.1796864112 0.295579443 0.2160859111 0.4441959802 0.07894738906 0.4762673464 0.4434150682 0.06575595125 0.5435861361
4.344232792 1.409448125 -0.1784780402 0.2837990614 0.5892925519 0.8290377808 0.9718280106 0.6530480576 0.4739119539 0.1983089194 0.2520016417 0.09900535947 0.03812413897 -0.0639263687 -0.1069207113
5.174312066 2.224603518 0.5288524634 0.7519912666 0.82619274 0.8949331495 0.9365483601 0.6693551814 0.6712987111 0.3904653548 0.3574110591 0.128617821 0.001796034798 -0.1225566111 -0.1052337443
3.671503726 2.101828864 0.7289250383 0.8574156345 0.7040568979 0.5839760914 0.4371000265 0.1989685506 0.2588999856 0.1661183374 0.07886658661 0.01868465623 0.02156262025 -0.02276921763 -0.08558019239
5.668425607 1.677102738 -0.02359846202 -0.7745194021 0.234246847 -1.093833279 0.6454593814 0.3757485435 -0.1696354622 0.4838951667 0.2710197207 0.4825756779 0.3234209142 -0.1215720006 0.6829637899
4.663545266 1.38044251 0.412810352 1.079883884 0.9087848214 0.6942144487 0.9261496324 0.9377593583 0.6812015402 0.06749165201 0.2063953261 0.06523630699 -0.05648553747 -0.05610145541 -0.007794123176
4.6322778 1.804225719 0.292693746 0.5505119098 0.631375846 0.6964722509 0.7128346348 0.3133936787 0.3662526646 0.05002510271 0.0580565508 -0.02189255708 -0.05739477022 -0.007098729834 -0.03665170711
1.911591829 1.306182791 0.4766323331 0.6179321606 0.4376970337 0.5712227645 0.5754221162 0.5708596485 0.4809395298 0.4512622148 0.3938177669 0.3552459045 0.2192513155 0.2142951201 0.175143476
2.610493329 1.333314869 0.1234014457 0.1679020064 0.1103410247 0.1512654615 0.4212510292 0.3970083646 0.2190443116 -0.007964412999 0.008980745409 0.006624777564 -0.0279692733 -0.010405366 0.09409528988
3.873129806 0.5999582093 0.0919339085 0.894196726 0.8004619561 0.1592395488 0.6596544023 0.8381151065 0.5220033569 -0.06632815197 0.2754070414 0.3680759113 0.2232254458 0.01765021122 -0.03228851664
5.631376274 2.611593962 0.8908120205 1.053140727 0.9743445468 0.7869044797 0.7308834954 0.471169652 0.4249425245 0.1475846648 0.1417734011 0.0116506302 -0.06525305306 -0.008520289846 -0.07234663189
2.280398645 1.578647672 0.6274612994 0.6949263947 0.4509389254 0.4773567234 0.3010861676 0.3033314913 0.1512723262 0.07066902506 0.0153735721 0.07025999547 0.04158241277 0.0725019056 0.05684227531
5.987224153 2.347687326 -0.1564550326 -0.8292109013 -0.6146855354 -1.018137162 -0.01037691638 0.5226512303 0.5225482351 0.6900753528 0.2629439076 0.3229876746 0.3701023808 0.2897187829 0.5748894617
4.305635958 1.566334479 0.1796994578 0.7599857814 1.048219723 0.972248763 0.8636323064 0.430517788 0.5182157433 0.357019037 0.453409684 0.3480287292 0.2820876457 0.1654334804 -0.02728206455
5.512033603 2.329512026 0.7665392483 0.2910999246 0.4562351234 -0.191771373 -0.0130318655 -0.02860776649 -0.2006064587 -0.1577196686 -0.1717281152 -0.01010256851 0.2356832865 0.1852941753 0.2785016315
2.50116858 0.3065124327 0.7006057222 -0.7773301958 0.5648060656 0.8220471462 0.396252916 0.1403266252 0.5959643424 -0.04346413536 0.3241746866 0.3262017884 -0.06074973474 0.003488189931 -0.02894180718
3.950101672 1.484942318 -0.1031935303 -0.7357858434 -1.062251895 -0.6951470469 0.06249209536 0.1849623919 0.3450166131 0.3788353915 0.04939814428 0.1409371762 0.1574916177 0.03907373209 0.1718634728
4.291067315 1.247750397 -0.1280945315 0.1971445848 0.4232044102 0.4577383514 0.4441371131 0.1373183978 0.2320251849 -0.09262527921 -0.01281736257 -0.06083770186 -0.09654016788 -0.1159818346 -0.07401166403
