7.387661736 0.2212333431 1.558125791 1.099199084 2.425052226 0.3995371689 -1.100472474 0.8492978631 0.05689622096 -1.412809379 -0.1690740345 -0.9167921175 0.6124033187 0.8364128572 -0.6867330916
5.695594236 -0.2311625176 1.003162337 -0.2869340259 1.473714406 0.4286344648 0.3629950614 0.4251737627 0.359745385 -0.113843852 -0.02624251404 0.1633523119 -0.0266166116 -0.1260470163 -0.01813875665
6.003787021 1.484588942 1.20067409 -0.2531593081 1.584350253 -0.7874800459 0.8288514455 0.3123421262 0.7684315845 0.2752072845 0.1977605812 0.1453307136 0.1320050433 0.06789768359 -0.1324702881
5.309410929 0.0266772921 0.2420033733 -0.20002357 0.7462566874 0.3576719415 0.03185582436 0.392920398 0.1915780109 -0.09543161984 -0.0050723672 0.1301471787 -0.02586832033 -0.03915334282 -0.1167862533
6.711200853 0.9423025414 1.034547416 1.136866655 2.117905667 0.5581732331 -0.9125330025 0.7764377673 0.03553954126 -1.11078736 -0.2873092509 -0.6505996091 0.443240858 0.7639503621 -0.606717269
6.662058082 -0.6955955621 -1.316599317 -1.774542728 0.2989752551 -1.156378513 1.251323651 1.927284648 0.3521817078 -0.6784897796 -0.2836320339 -0.2938053763 -0.8419889195 0.2399262205 0.3626665376
6.72558483 0.5503434516 -0.6846116049 -0.5693797878 1.069490168 0.4399127995 0.5726906524 0.6259600782 0.005897228961 -0.9090139846 -0.001436646936 0.2581054597 -0.04169148292 -0.302031103 -0.05763919759
3.504294899 0.6527232827 -0.2631195556 0.1157517981 0.4814801182 0.5025790426 0.2060596566 0.4117929907 0.2477835223 -0.1096058796 -0.1389667127 0.04911320484 -0.09023147599 -0.1996910359 -0.2187534997
7.947464732 -0.3433508628 1.327940186 0.6241835941 1.967106192 0.01696817317 -1.564278365 0.9581315051 -0.07011939011 -1.275759989 0.02793136018 -1.050922432 0.3898430536 0.843897717 -0.6021177372
6.063637394 -0.5134452824 0.734582918 -0.5045183109 1.006688649 0.09320464977 -0.00688573534 0.161293599 0.02904315744 -0.4284303926 -0.1080851763 0.1007939257 -0.08820094305 -0.2006608008 -0.1876534045
7.373557041 1.475475764 0.3709806781 -0.2920480842 1.182244132 -1.858604449 0.0955813013 0.8010259958 0.6774964555 0.1631844103 0.1634504903 -0.3109823248 -0.05934004939 0.4465110548 -0.1296244576
4.175653487 0.4949019216 0.3169372924 0.1526558557 0.6450934628 0.3321111026 -0.2499238873 0.06420668341 -0.1893610365 -0.383994458 -0.1223682727 0.05062396682 -0.1887847925 -0.2082887279 -0.1373648591
6.579117384 0.1247852959 1.798527157 1.608222805 2.016420067 0.3965450394 -0.8844266491 0.5219445717 0.01517421847 -1.566496944 -0.1325069878 -0.5313536377 0.02857286088 1.103741004 -1.075704855
5.284486964 -1.688429036 -0.6076228448 -0.9911333545 -0.488555939 -0.2666637901 0.6214894553 0.5994686202 0.06355903852 -0.1222378374 -0.04686622393 0.07857031205 -0.01828697529 -0.1195410166 -0.2019372969
7.093130095 -0.3704856225 -0.8671398213 -0.6779056129 0.01038988996 -1.413619971 0.6897416332 0.3530560381 -1.048682169 -0.1361488942 0.8121685917 -0.6287803949 0.4051573612 0.3761905867 0.1077705569
2.675923061 0.7377990481 0.01139795634 0.2160277383 0.2934108451 0.2229534692 -0.1130082843 0.01860503525 -0.1663249802 -0.3558493865 -0.1573832085 0.03647875814 -0.113926204 -0.110011727 -0.09045546874
7.23737501 -0.1288271301 1.617342627 1.057617102 2.192713453 0.2440241834 -1.214624012 0.578384169 0.2269857135 -1.47393444 0.0154557937 -0.8597974458 0.09804226475 0.9549543921 -0.8737134791
5.25316665 -0.8145532448 0.8467148184 -0.5931499508 1.215340026 0.2563588791 0.1587586084 0.2996135691 0.07694566348 -0.3458182532 -0.1441870318 0.08638870204 -0.0217334429 -0.11767223 -0.1061887512
6.15152819 1.845492874 0.1406186396 -0.2572250639 1.624513906 -2.500352801 0.6060494501 0.6149135993 0.6895617365 0.2366269525 0.05851060491 -0.3843363117 0.1305753921 0.1116261739 0.2620817562
4.882466634 -0.2060188113 -0.1975571754 -0.10863019 0.5314921085 0.172067346 -0.2944211941 0.02115959972 -0.1988862609 -0.5069683559 -0.2869589375 -0.03739698903 -0.2350312166 -0.2583978259 -0.2347797967
5.612625408 1.063668337 1.289022029 1.450000838 2.141552552 0.5522606274 -0.7479509227 0.6969632008 0.1291844555 -0.9724410822 -0.4856932975 -0.6758106415 0.5290371552 0.7661934093 -0.5951911206
3.982849351 0.04353855196 -0.86626793 -1.745469131 0.613484455 -0.8459250043 1.353262409 1.758562261 0.2168982417 -0.07484773363 -0.3769603438 -0.3040505927 -0.4091521103 0.526185054 -0.07547103404
6.882706911 -0.3777633831 -1.260480677 -1.604261068 0.6139720744 0.4841341971 1.121398143 0.02142244593 -0.911698977 0.1440041215 0.1243616928 0.8380157109 0.3211924327 -0.6465684586 -0.2611592276
3.755243765 1.451623444 -1.535397063 -0.6249833896 0.6891832418 0.1039769348 0.4462210752 0.5010628057 0.8028531205 -0.9170261429 0.5558144974 -0.3445847823 -0.1276143938 -0.2781804871 -0.0686980861
7.226050504 0.3041813906 0.7759540334 0.5270390426 1.438181152 0.04086801941 -1.136420358 0.8760609339 -0.1750309334 -1.144653358 -0.270926579 -0.9376395955 0.2895741857 0.9857330331 -0.3398257197
5.737184328 -0.7314638069 0.4746206821 -0.607208139 0.8481211639 -0.1245985616 -0.2410522451 -0.09561556678 -0.2541817841 -0.6758368386 -0.3537045622 -0.1715618132 -0.2754616419 -0.2609933042 -0.2198314164
6.239647453 1.340978218 0.9686530523 -0.4031424627 1.696167266 -1.814928158 0.7806459189 1.062861503 -0.2345272753 -0.2393778916 -0.01207397885 -0.7795831366 0.03806462985 0.7381703032 -0.1184888952
3.692696657 0.4193525752 -0.4517530931 -0.2131573244 0.3396776155 0.03220463855 -0.2608823297 -0.06992542419 -0.3161475217 -0.417450905 -0.2207224404 -0.07278075451 -0.2120813808 -0.2304816164 -0.1894870288
6.214460879 0.5365537194 1.350058057 1.538883551 1.872276803 0.2472180084 -0.8371334909 0.6446498508 0.02533623706 -1.307682115 -0.3194385583 -0.680030097 0.2134322652 0.9010173954 -0.7069881996
4.573637453 -1.974055061 -0.7892306025 -0.9579498412 -0.5307474857 -0.3152621415 1.294210293 1.245568788 0.4728415858 -0.5377761316 -0.8078485755 -0.2148515493 -0.1895876971 -0.4096033832 0.1171744706
5.944104659 -1.080496796 -0.7398242338 -0.8446546949 -0.6456288602 -0.9455535207 0.4094747101 0.03762365145 -0.4849584839 -0.1941955536 0.5028970781 0.07080059682 0.02692400018 0.01310911862 0.1129247058
0.02771400013 1.012607368 -0.3821763763 -1.581946551 1.585748122 -0.5573753965 0.3525555364 0.5248346633 0.1728879836 -0.9833607441 -0.1069309669 -0.3201348146 -0.3773148811 -0.08170654475 0.004790720507
