5.082929717 2.843552579 0.1279236427 1.52494224 1.590498039 0.6814181123 -0.3133044199 0.09183326512 0.2709019212 -0.0132368301 -0.2765655655 0.001243689208 0.05087581087 0.0732384092 0.05389630504
6.300764206 -0.3774511291 -0.1258741565 2.680026731 2.280203996 0.2691226949 -1.264326745 -0.1914760583 0.4089881603 0.1651758754 -0.06031330492 -0.2474380717 -0.5252881769 0.06113929868 0.2503330807
3.233750185 1.4623926 -0.9871348617 1.089047786 1.572575351 0.9244312264 0.002037104475 0.2850142106 0.3956746181 0.04429847181 -0.1839766206 0.1435090985 0.2575023375 0.1584645569 0.1305031476
8.41379911 1.998123816 -0.8601688407 0.8413811981 0.3894040857 -0.5126740632 -0.4555403859 0.3235290648 -0.06395408536 -0.6555034878 -0.2862964349 0.294432635 0.2591613814 0.3595122972 0.2049547892
8.299284828 2.837919712 -0.3934831918 0.7770712342 0.5985108273 0.246802442 -0.08989799579 0.1488743293 0.157451734 -0.081964756 -0.08091294828 0.2915741668 0.2888206524 0.2161547171 0.1739215821
3.488521333 -0.1766971235 -1.669581737 1.306768926 1.507137306 0.3877991495 -0.2624229343 0.3720210933 0.3690249793 0.03342029791 -0.02267418213 0.3450400739 0.3000674946 0.2716510632 0.314674209
2.896788926 1.154235369 -1.178820867 0.838212249 1.314325213 0.6977419028 -0.1656643296 0.2961132706 0.5971675955 0.3183044533 0.05833656229 0.3976187426 0.5001015758 0.4489598227 0.327096808
7.870872578 0.3255354401 -1.280368303 2.361397877 2.582041509 0.03935041035 -1.626158707 -0.8943426353 -0.2334924458 -0.1145333779 0.0009439729368 -0.1233231716 -0.7688514974 -0.2445928521 0.4078657571
3.893948781 1.955807984 -0.5398555697 1.301467165 1.641775459 0.9279633304 -0.008508828364 0.4087417603 0.5510764606 0.1677004699 -0.1833055891 0.04899316818 0.1223462131 0.09024545011 0.08426824544
5.090803875 -2.490289865 0.2961467488 2.214368196 2.326337837 -0.1233281046 -1.069423765 0.3564232284 0.9460177778 0.2728962733 0.06433560677 0.02800791295 -0.1992782251 0.1563060744 0.2492553778
2.990062131 1.050202961 -1.323001135 0.8115156638 1.426603152 0.93175817 0.1700657103 0.6348237279 0.7744368094 0.3291544744 -0.03682913759 0.1761680068 0.2050265009 0.06930983549 0.01095801627
8.960555783 2.386043184 -1.368676744 0.05541427462 0.4405096366 0.4416600875 -0.1747196698 -0.06623376036 0.277589214 0.1222494508 -0.2353478114 -0.1092368828 -0.1767304039 -0.2266627567 -0.09155548163
6.305759643 3.223542516 -0.1434107994 0.8793796881 0.9487518364 0.3474483215 -0.4517160199 -0.009997059338 0.175874279 -0.07184969846 -0.2847168942 -0.1446006942 -0.03955836668 -0.02222883756 0.02950747275
2.276770881 -2.800557212 0.6368608431 1.580204699 1.168863586 -0.4766218818 -0.4649927186 0.7819755014 0.1981326657 -0.08734064285 0.2332858075 0.1301589659 -0.03589769846 0.1132549438 0.2801784215
2.951602538 1.25213272 -1.08545859 0.8832718009 1.307706058 0.5326907233 -0.4673792959 -0.07090829977 0.2591298199 0.05650298552 -0.1364519359 0.2037343114 0.2833606142 0.1732618825 0.1399174562
10.25424509 -0.8352361429 -3.033508807 0.9393951105 0.8374420588 -1.019422176 -1.222753039 -0.1239555598 -0.3424287202 -0.6450446552 0.10386001 0.6595272054 -0.05227832841 -0.03489377888 0.3136967838
5.292237369 2.730247798 -0.3807275992 0.8866667735 0.9957802123 0.3879130204 -0.4589056071 -0.0750062499 0.1435426012 -0.1207936102 -0.387660664 0.0502044264 0.2537325655 0.1375794841 0.01863232839
6.855725002 -1.65700569 0.4501385295 1.381541691 1.310720969 -0.2704330226 -0.794570886 0.1008546995 0.6660758959 -0.08829248449 -0.04596032867 0.2548458593 -0.3207551003 0.2934684921 0.2067654314
3.366454964 1.43081626 -1.109383888 0.8094191381 1.218191788 0.5700256125 -0.2289161588 0.3006794008 0.5604873365 0.1982501252 -0.1777180433 0.07039871655 0.1803313634 0.09561030381 0.09299139101
8.963559592 1.815874165 -1.627594149 0.793832258 0.4615413611 -0.911977428 -0.9331261808 0.4101885175 0.1031130534 -1.076508161 -0.9955016135 -0.07229435835 0.3676863405 0.5612463292 0.4484730425
7.691104947 3.879658216 -0.1683648074 0.5279939629 0.4276806314 -0.1694377562 -0.7770965585 -0.2336388713 0.2536000823 0.08474175063 -0.2155653745 0.001338415815 0.007287986035 -0.1237137185 -0.1676050737
4.669955489 -2.463179371 -2.128007897 0.9849043878 0.5196337203 -0.4972407934 -0.05460669982 0.3628408115 -0.1889108373 -0.02972837484 0.185479141 0.1648402146 -0.08143138568 0.01640897605 0.2646359253
2.645248667 0.8173902825 -1.485194562 0.5803111903 1.128220175 0.5539837322 -0.2590611424 0.3124023172 0.6556189063 0.3733761383 0.08810377336 0.2326753542 0.2462856023 0.1162369241 0.09276991312
9.579698424 -0.8189990709 -2.183769034 2.353082297 2.299243488 -0.6822741687 -1.833719631 -0.7608260353 -0.799978365 -0.6850234488 0.3146042397 0.2682294175 -0.7469665725 -0.3373285986 0.3615510732
4.457766241 1.975272599 -0.7440093253 1.177562353 1.455533399 0.6216115893 -0.381634392 -0.01685957805 0.199215464 -0.07598664926 -0.3064887445 0.05186895474 0.1851277418 0.1421857861 0.1162466996
3.916422628 -2.653037323 1.222999754 1.777618083 1.917913657 -0.8531731196 -1.057156349 -0.07111842222 0.704934569 -0.06255063385 0.2806408629 0.05665879667 -0.2686803155 0.2042836193 0.08003909984
2.666922671 1.086593781 -1.133471628 0.8815881325 1.425987028 0.9147464976 0.03631403997 0.3369698862 0.4428944866 0.03701806892 -0.303417965 0.02683866473 0.1684589546 0.1348139409 0.1482086277
9.19076955 1.559144941 -2.12190764 -0.2477770541 0.1691207189 -0.1802242484 -0.5577377072 -0.2230536553 -0.02360826358 -0.2754527704 -0.2423107312 0.1918190084 0.1780535917 0.1737767183 0.02077454883
7.386708125 2.525835912 -1.276124432 0.4747499731 0.8877148899 -0.09913893964 -0.7968771569 -0.08449863146 0.08286705628 -0.5267470751 -0.8383861157 -0.06856463491 0.4333243918 0.4977299977 0.2877823373
0.6972221497 -3.596299134 1.059599261 1.879929178 1.174482604 -0.4024259069 -0.2341410825 0.6152185262 0.5472776422 -0.1445238972 -0.1023499357 0.2324750949 -0.02951524253 0.1004216559 0.2899316751
2.996545587 1.136804474 -1.465747605 0.3998407099 0.9661842861 0.5145799111 -0.2548148844 0.1478599765 0.3395907674 0.03498466611 -0.2180235129 0.1019488576 0.2354409623 0.175473126 0.1610484476
10.14316929 -0.1933739757 -2.461297567 0.2006490338 0.4130295044 0.2250925119 -0.5059948401 -0.7727130232 0.3624670384 0.1040123782 -0.5895400896 0.1589896715 -0.006363729178 -0.1833712023 -0.0230339135
