3.618093685 -2.600134256 4.656886951 -0.4906830761 0.2977111094 -0.5533567544 -0.1262340389 -0.08425768944 -0.6981447759 -0.6306331637 -0.5534245536 -0.02320120293 -0.4377204491 -0.04609577001 -0.2378433223
12.34595778 -0.6748919582 0.1918020207 1.171041517 -0.1486940308 -0.6434520257 -1.331451431 0.7126548605 0.7079537342 -1.908848845 -1.104627467 0.1998216184 -0.8579476831 -0.4972722865 0.7419637208
2.884786593 1.684007582 0.1639596335 0.6063513953 -0.03232226646 -0.504322977 -0.6097114015 -0.2646539536 -0.6195535114 -0.6043310991 -0.3921151257 -0.2002068674 -0.1405767723 -0.2124991647 -0.3339819821
8.824577612 0.2975143424 0.0003585550216 1.849156157 0.3134031183 -0.958860821 -0.5656328651 0.8305662108 0.1444540193 -1.686669264 -1.411046323 -0.2811913748 -0.6237703255 -0.1112289171 0.7538904514
1.282331036 -5.872423081 5.794116151 -0.9045010592 0.01057346817 -1.084780306 -0.1254837562 0.09899957133 -0.7423756275 -0.07916917204 -0.7896217003 -0.009999131339 -0.2625168228 -0.261293874 -0.03892449885
6.729376772 -0.8886411226 2.311278085 0.4354563232 -0.3072269612 -0.1964073441 -0.8454606398 1.102881225 -0.6177227158 -1.64995314 0.2136293767 -0.02822917969 -0.4290436598 0.393725766 0.03127549895
1.789760666 0.8250232887 0.6743858935 0.3088160579 -0.002101323562 -0.2864771122 -0.4572687602 -0.1896622177 -0.6197937618 -0.5565942343 -0.5355729487 -0.3884438522 -0.2701029669 -0.3396167025 -0.2934937787
5.440342262 3.312394344 1.522364514 0.7659875433 -0.5158309156 -1.514523879 -1.088104826 -0.2045695012 -0.5598902706 -0.7139430777 -0.1690809724 0.09440403238 -0.1435892082 -0.1454621068 0.02034932484
3.484791039 -6.607613965 4.542754853 0.8006996721 -1.030944231 0.5390568473 -0.764605661 -0.2340625274 -0.1652838188 -0.4194326586 -0.2032491 -0.3458058764 -0.6025129432 -0.3026366814 -0.1950514598
11.90969574 -3.866274161 2.422059732 -0.3761475915 -0.2895834311 -0.3355208133 -1.899116536 0.9370560995 -0.4248119259 -2.284785243 -0.2345682826 0.04334530371 -0.4753659004 0.282594585 0.3194152313
1.748094244 0.9925011498 -0.4086481197 -0.0009173914878 -0.2486282893 -0.5709199366 -0.6424934528 -0.2420066036 -0.5790206353 -0.5558569954 -0.4989074969 -0.3710773661 -0.2379468637 -0.3046490752 -0.358870966
7.798080502 -0.3824918634 -0.7714808598 1.694234172 0.8414928509 -0.72057611 -0.7669482401 0.06995896465 -1.098858968 -1.92961551 -0.7596714339 -0.0266400134 -0.3300422508 -0.1276863406 -0.1140494388
-2.011019031 -5.354091389 5.024030839 -1.02450249 0.3133588699 -1.574712366 1.060551629 -0.8754071965 -0.07445158896 -0.7147807749 -0.4742996571 -0.2385776606 -0.4090799051 -0.227839817 -0.3495393298
7.530010554 -4.140054365 3.797958751 1.517698212 0.5284798265 -0.2791266708 -2.378633428 0.2617214762 -1.20976755 -1.786176091 0.5129583556 -0.6731951691 -1.317505415 -0.1461332042 -0.06935531806
-0.2272004926 -0.9867223864 1.780789366 -0.1672285883 0.1020981531 -0.4932012988 -0.5371358378 -0.3377726486 -0.5891798324 -0.5417275498 -0.3724899563 -0.4183822105 -0.279851825 -0.3210541699 -0.243661462
5.794809559 1.152392363 -0.2297046965 -0.1647391404 -0.7264379294 -0.8631244154 -0.6331050612 -0.03747062892 -0.4747881766 -0.8497054092 -0.8348729908 -0.4046156109 -0.1453135833 -0.1280381086 -0.136928596
4.511828051 -3.743372417 2.792057591 2.40165118 -1.401152893 -0.2906270021 -0.5652900844 -0.9368088322 -0.3933114971 -0.2552404515 -0.09290696004 0.07118727358 -0.443877245 -0.5029557443 -0.1292585758
12.56298122 -2.52686503 -0.8128196041 2.530107404 1.229683014 -1.203451932 -0.9733234658 0.6723095314 -1.535085445 -2.214078078 -0.1802533068 -0.2325617211 -0.7303672909 0.03142884818 0.01104943702
2.755705003 1.352206335 -0.4880731371 -0.03158186148 -0.3216571232 -0.3539435136 -0.4065255839 -0.1666016419 -0.4815486749 -0.4684395046 -0.4184369325 -0.3772882955 -0.3671185835 -0.4459257227 -0.4771777981
9.945473806 1.834590636 0.4401554302 0.9185707071 -0.4603334945 -2.026094722 -2.073021939 0.2851031608 0.3538037364 -0.8809043815 -0.1954158998 -0.07647009537 -0.9776658389 -0.403127427 0.3491729102
-0.02192175258 -6.721722643 5.11145459 -1.661328836 0.02715061925 -1.895612973 0.4090762749 -0.3282237758 -0.5627884775 -0.1145491816 -0.8171634675 0.1827015837 -0.6150951527 -0.05642170778 -0.2826502249
6.298704398 -1.222078607 0.8110316125 0.4702308355 -0.6572973141 -1.633234041 -1.057289308 -0.01827264402 -0.8786238027 -1.358733559 -0.4260094707 0.03650870293 -0.03271615705 0.4087285907 0.5697319482
0.9458350114 -0.08606971374 0.5062180596 -0.1776197182 -0.1888558114 -0.5850565685 -0.6205720554 -0.1749702857 -0.503028482 -0.5093176219 -0.589166432 -0.4075332062 -0.287328834 -0.3366928515 -0.2698033905
7.561222789 2.34190153 0.5140966057 0.3129586457 -0.8570451921 -1.599799339 -1.26497563 0.1612002893 -0.1512437975 -0.8951043315 -0.5668259579 -0.3109655819 -0.5024754688 -0.1045263487 0.2166286907
0.5853808558 -7.786095687 2.388119391 -0.2952771931 -1.603331689 -0.1123897351 -0.5226705094 -0.03620724737 -0.05937385477 -0.6578168898 -0.7534822744 -0.3298200409 -0.5562698781 -0.07938508139 0.01052909142
9.263931406 -1.467962054 1.363889628 -0.4101933322 -0.7316778981 -0.5475412901 -1.75777646 1.298317679 -0.1026191165 -2.357575515 -0.09932538314 0.1680752353 -0.7209763915 0.3513498901 0.5512994466
2.405479876 -0.3130000641 -0.4404642841 -0.04919557058 -0.3123862386 -0.6212770669 -0.9421734757 -0.6372522285 -0.8116077641 -0.4980396637 -0.3335537675 -0.3065854991 -0.3207709489 -0.3389935937 -0.3063602413
9.123753545 -1.233966545 -0.917192021 2.915176661 1.298252054 -1.449407006 -0.9914822602 0.3835285395 -1.30393519 -2.117195636 -0.5729659434 -0.03438688642 -0.5268218557 -0.1851635485 -0.07021706867
-2.292335254 -7.138281197 4.28526666 -1.85030584 -0.1943551492 -2.190284649 0.8936672014 -0.9634562689 -0.1602425601 -0.6753288962 -0.6809926916 0.02170000236 -0.7840056829 0.04693535914 -0.5316340417
6.963916944 -2.395604771 1.871290978 1.647014406 0.8407147457 -0.5678078016 -2.477713595 0.1804679119 -1.239584503 -2.12266004 0.6448537639 -0.2235661283 -1.426443909 -0.2314367199 0.1478076851
0.7358639167 -1.766290958 0.2153815899 0.2430578244 0.6169770359 -0.8786867956 -1.305528519 -0.6909321511 -0.1642161986 -0.3274804323 -0.3128534023 -0.3274322326 -0.365750191 -0.3583017015 -0.1005932277
4.539131442 0.2508696298 -2.123594676 -2.703220343 -0.6735103642 -0.1385402124 -0.0928470403 0.3413260969 -0.3761422836 -0.5305132015 -0.3574003239 -0.117822055 -0.2784447583 -0.5793487362 -0.7012792053
