8.339678246 1.222406292 0.820575525 1.239002027 0.4339924175 0.692592903 -0.550909142 -0.6909601426 -0.166475653 -0.7156445301 -0.3829444722 0.1543918603 -0.3385023322 -0.2616277563 -0.1644275988
10.5286194 -3.476962326 0.4132888523 0.6797037637 -1.60215193 1.657706226 -0.1444424748 -0.7967310372 0.789016357 -0.2972202121 -0.04415979266 0.3436591316 -0.3512348677 -0.04658222958 0.113481895
11.71048339 -1.846246817 0.6110447844 0.6926854796 -2.156981962 0.2279010397 -0.08786089032 0.08846024019 0.687505834 -1.050019152 -0.07798680918 0.2314094267 -0.3673973031 0.01431006776 0.3721798987
8.193400083 -1.6055967 -0.1093382667 0.4291668745 -0.8474817302 0.977744397 0.1378193296 -0.4046034906 0.6188780469 0.08878158341 -0.09692239266 0.3927640008 -0.2400292938 -0.1656713026 0.08821101705
8.840680023 -0.778321248 -0.3948083394 1.005388832 -0.6118122032 -0.4604238546 -0.501569583 -0.4790770124 -0.9108449315 -1.31337109 0.05816207206 0.7976877787 -0.2941661044 -0.4128170849 0.04544685525
9.390670631 -2.465612689 0.4473720252 0.6281579773 -1.271701335 1.280475621 -0.0242767421 -0.6583191729 0.6463302219 -0.255009357 -0.2747405902 0.3465052452 -0.3019929736 -0.08359456987 0.08016928817
9.456942796 0.4920907762 -0.06972395953 -0.1768920913 -1.720192982 -0.5892635868 -0.06167489719 0.5650014134 0.5186497265 -0.6041262864 -0.3075039981 0.02387976758 -0.4697114559 0.1657084097 0.4918046606
8.249883004 -3.805686049 -0.2380693269 0.6352604343 -1.319954236 1.303264332 -0.2365659377 -0.7833444315 0.5524442056 -0.3779167453 -0.218392022 0.3737564986 -0.3650235209 -0.01052320788 0.08324659253
10.15931707 -0.2038631308 1.257615737 1.329825417 -0.5895183892 1.075565646 -0.3190568572 -0.7607925502 0.4060007779 -0.4615771138 -0.1826033857 0.181138377 -0.4729737862 -0.3325210476 -0.1466871324
10.93674253 -4.611049595 -0.3356193165 0.460931762 -1.547098822 1.618613056 -0.3311513127 -0.6587676677 1.072627185 -0.165352444 0.073355672 0.3182561615 -0.1652024351 -0.09512744121 -0.1624120338
13.04423721 -0.7513626301 1.169251542 0.6865964717 -1.436425775 1.078082196 -1.206463372 -1.208493016 0.192115632 -1.908799646 0.2539061705 -0.01296789727 -0.1295354073 -0.6615139425 -0.1632156787
7.0995092 -3.141450659 -0.4699162975 0.4644070692 -1.38271349 0.9788606752 -0.08127844054 -0.5388078909 0.6160880563 -0.2262784785 -0.1547932806 0.417915894 -0.3937315917 -0.1620352268 0.1046609797
7.587757667 2.365157135 0.9719097592 0.6411089092 0.3437573961 0.3722569022 -1.206723123 -1.016305306 -0.5812453991 -1.384375165 -0.6939375634 0.225900453 -0.1303103695 -0.2178751293 -0.6586845162
9.263010813 -3.264229854 -0.5162672966 0.0926714924 -1.481569025 1.205469851 0.04846715315 -0.6082406321 0.8070778534 0.09202742123 -0.06802388879 0.3406821542 -0.4201345666 -0.2891500477 -0.09658814605
10.80870262 0.1041476823 -1.412503073 -0.5887981638 -0.7580066533 -0.04685826121 -0.8250408239 -0.409484635 -0.1888119388 -1.073873889 -0.1205159499 0.223963411 -0.4962294157 -0.1443691341 0.03166741436
5.29321436 -8.861956169 4.52050678 0.19102017 -2.324711236 1.89085603 -1.106364988 0.6422562125 0.8397221959 -0.9942211248 0.2810856281 -0.04301801023 -0.7217330723 -0.3446519485 -0.2983280134
6.507751894 1.824618691 1.001772403 0.7931729628 0.4443812747 0.9460064579 -0.1431627714 -0.2700023574 -0.1603522969 -0.9138798394 -0.6617877193 -0.1286284847 -0.4108146125 -0.1055261863 -0.1961948808
9.780982199 -3.432726138 0.4034835401 0.5936124331 -1.611559371 0.9927311803 -0.7730990074 -0.9710221347 0.6162153143 -0.3915879965 -0.1687282313 0.1485150394 -0.5916247495 -0.234312859 -0.05435490031
11.20257198 -0.4764092688 0.1433086286 -0.2991851171 -2.5990475 -0.7144006559 -0.7161053733 0.06407143447 1.037884122 -0.7021737204 -0.3955473972 -0.0626063677 -0.5725851749 -0.1772631231 0.4968837454
7.339518178 -1.515260039 -0.5627575853 -0.1226105791 -1.18388115 0.5790947578 -0.08753352947 -0.645431749 0.2227645841 -0.1648147565 -0.2542854566 0.295953621 -0.2820916869 -0.352230041 -0.1268021221
8.277600608 1.1587064 -1.699273906 -0.9442275953 -0.6909003091 -0.559158971 -0.8705323072 -0.7784979134 -0.8305772829 -0.5740158525 0.1155523044 0.1932010233 -0.2421018931 -0.2000740956 -0.3006980818
8.835410234 -2.252191049 -0.1831490444 -0.09480622458 -1.897919555 0.487290952 -0.2287265205 -0.6070593851 0.7070535458 0.1188396825 0.06572343083 0.5954947259 -0.1023462139 -0.09758582288 -0.0405376026
8.264844379 1.648915935 -0.1784041032 -0.7824890052 -2.069208011 -1.355617711 -0.6270492018 0.2902236963 0.4686078819 -0.2703114871 -0.3284111734 -0.1611231817 -0.5730472452 -0.2781659226 0.1623644433
8.070025933 -2.844863668 -0.4186725526 0.3208225814 -1.231811166 1.037192614 -0.1393211672 -0.8283375848 0.3776253087 -0.3041850735 -0.409143461 0.08744496327 -0.5863734326 -0.2200718964 0.1278425724
9.728824605 1.350637354 0.8726560886 0.5377456937 -0.01934958529 0.9206627461 -1.118731783 -1.197537595 -0.4577707327 -1.677212661 -0.6279219112 -0.02004304098 -0.5709826774 -0.3737559123 -0.5474307478
10.21959544 -4.109854802 -0.3405568236 -0.1208719058 -2.196531911 1.061479919 -0.5864266086 -0.8698751463 0.7202518678 -0.4780709676 -0.07732448928 0.3773460749 -0.3549337609 -0.06155757461 0.1247610188
12.15797223 -1.037261409 -1.313410094 -0.4514971373 -1.082390247 0.5465408677 -0.828610743 -0.8591357013 -0.01153349657 -1.19159399 -0.08071733589 0.2367630127 -0.3912841121 -0.2152551928 0.1281573921
7.171125114 -2.969652942 -1.062413796 -0.304170261 -1.772844652 0.5106283566 -0.1875720434 -0.6699339735 0.4675789186 -0.1020565803 -0.2475304278 0.3002711787 -0.302241697 -0.2056427912 0.008062757894
7.879481216 2.212874493 -0.1170604213 -0.08420182081 0.4693432164 0.7258612948 -0.9374752422 -1.187997748 -0.8892578136 -1.116257663 -0.4491599258 -0.2054454432 -0.6951414458 -0.4356050118 -0.6118006347
8.791115938 -3.399399431 -0.5911991539 -0.08040101872 -1.962285379 0.5520619567 -0.6578768348 -1.165681189 0.2572911213 -0.4628367445 -0.3735982497 0.2161216657 -0.4892557571 -0.2519569028 -0.06831724138
9.413160453 0.8325618156 -1.765625373 -1.228773929 -0.8100988074 -0.1725525192 -0.831478432 -0.4360284905 -0.1503132201 -0.890942238 -0.5814251379 -0.05604980984 -0.3497876032 -0.006375544312 0.2097898073
5.768198752 -5.953520281 2.330823712 0.6934708017 -2.196682984 1.198202726 -1.02247076 -0.7822280919 0.3982429262 -1.166864304 -0.3246232878 -0.1194180293 -1.230442729 -0.7309377138 -0.32754928
