8.254521717 -3.244668883 2.372058317 1.36921031 -1.362836094 1.563789056 -0.6023526003 -0.5508679234 0.4661072282 -1.018446006 -0.318524931 -0.02033449245 -0.5583552705 -0.03866122221 -0.2229626517
10.5174998 -1.143944221 2.357571113 0.4281801867 -2.013189054 1.404798681 -0.1177172268 -0.5597370956 0.5548919324 -0.6870742117 -0.06973300865 0.2981367581 -0.2376477748 -0.2498437207 -0.382835488
6.178849661 -4.126639572 3.828255302 2.043038894 -1.999955348 0.5414766552 -0.4126854316 0.03266750939 0.4910932729 -1.094139446 -0.1027522599 0.2977620387 -0.699682888 -0.1615876403 -0.03348222771
7.283103881 -1.500490996 1.483013015 0.8555672663 -1.469580802 0.397294293 -0.6155961806 -0.926477926 0.01335041907 -0.7738886253 -0.5338501631 0.06294566971 -0.4462847726 -0.1044976439 -0.06081736196
6.899688886 -2.776527137 1.925166558 1.237391105 -1.129319368 1.249378051 -0.3502482162 -0.5912829361 0.3111648864 -0.8369500643 -0.404380211 0.0331116754 -0.5545827897 -0.02471483548 -0.09267697638
10.23619313 -4.016280822 -1.315287824 -1.101777467 -3.132967828 0.7149096118 1.136234269 -0.4431337924 -0.1630058924 -0.7338997294 -0.9059231377 -0.7661719294 -0.1197303078 -0.4299563957 -0.917056174
3.615391605 -5.670772465 4.53906358 1.880874285 -1.987377827 1.31557265 -0.1244393117 0.02520279934 0.3490555887 -1.026426802 0.1445425807 0.1650424353 -0.7643135519 -0.04840106732 -0.1217705781
6.942426109 -1.268978524 -1.772038746 -1.47531038 -2.236382425 0.4142958537 1.308196277 -0.05863019613 -0.3998483863 -0.5272107506 -1.139821739 -0.6293648831 -0.2071500635 -0.6490137119 -0.8275822096
8.17255281 -3.971998279 2.542114287 1.390404358 -1.605406933 1.37017382 -1.161317384 -0.9396471371 0.2595421513 -1.138999435 -0.2591205675 -0.005749710857 -0.4251040527 0.2037910379 -0.09292663714
9.268093119 -2.180418858 0.4988969111 -1.633807681 -3.019061854 2.142646573 1.503314899 -0.2590748407 -0.01029292968 -1.075894684 -0.8494126135 -0.5006505779 -0.7928258718 -0.7368147968 -0.6764681565
8.041056401 -6.566026326 5.394510502 0.919355567 -2.582710797 1.497531711 -0.7703228542 0.250231032 0.3040771477 -1.291956746 0.5419159944 -0.1745758483 -0.759724969 -0.09257590138 -0.1769294739
8.480298098 0.6842950609 -0.2369067243 -0.9734124605 -2.603510461 -0.4014338811 0.687195464 -0.1355300122 -0.006549342208 0.0527984498 -0.8571878395 -0.6802826142 0.09443282722 0.02998381829 -0.530547811
7.399234638 -3.86154647 2.070585171 1.125787114 -1.455874501 1.642549026 -0.4108802582 -0.2388390757 0.6126880967 -0.9023312517 -0.1387020506 0.1002780951 -0.5732525299 -0.05880357993 -0.3019309694
12.08191116 -4.245608138 1.103801824 -0.223763429 -3.880267025 1.285364431 -0.4314881882 -1.534621653 0.4888168431 -0.71919416 0.2436583335 0.1570725396 0.2267934985 -0.5884534089 -0.6252221198
5.072123708 -7.799516678 5.664776886 1.039101983 -2.610636769 1.323235459 -0.7088922615 -0.2126571499 -0.08395296671 -1.370140581 0.1176159183 -0.2431618561 -0.8667430472 0.1331557111 -0.1456696669
8.180991471 -2.440609756 -1.832478886 -1.621870498 -2.824842139 0.4787372879 1.403312285 -0.1864117969 -0.8298859347 -1.109481995 -1.123150021 -0.7487152322 -0.5486895914 -0.6452319509 -0.768288747
8.546751224 -3.228082799 1.871141249 0.7815341631 -1.875905609 1.233191644 -0.6950154222 -0.6509737663 0.3710069871 -0.9790689206 -0.2089134624 0.1079103151 -0.4601764434 0.1036322483 -0.1471939802
8.938097609 -1.309743158 0.2464645658 -0.7777561283 -2.547118052 1.142534919 0.6389782247 -1.118248587 0.07626464387 -0.06471390618 -0.5492220823 0.1149418122 -0.3999526312 -1.013341042 -0.8717635877
5.778019084 -5.503988966 3.097250436 0.6755726678 -2.376281669 1.465610636 -0.4353765569 -0.3085510747 0.3459058116 -1.034993461 -0.07710143098 -0.1254022508 -0.7144933632 0.1247396488 -0.2208093837
5.755039784 -1.273986321 1.323791648 0.9875088304 -0.8316817965 0.8237104009 -0.1881776798 -0.7889864569 -0.299162044 -1.021704662 -0.7479773565 -0.08104354205 -0.4780276198 -0.1862205984 -0.1579951506
6.917339066 -2.931037504 1.581679962 0.8445186212 -1.578293085 0.6674746536 -0.9633458813 -1.073435265 0.06519848506 -0.955634564 -0.4578069284 0.06299865092 -0.5707042511 -0.04130796531 -0.04203328985
9.962800585 -4.324790316 -1.795671252 -1.246852817 -3.512851739 0.3157340023 1.333982873 -0.266823826 -0.6610267546 -1.32340139 -0.997692709 -1.04002106 -0.7070186794 -0.6966242851 -0.9014632148
2.286344592 -6.968572662 4.493527406 1.248806536 -2.830203486 1.007072393 -0.4634916507 -0.2480689255 0.1311288244 -1.058525229 0.2258070758 -0.04474298146 -0.7550000603 0.2753529416 -0.05475126038
6.409105827 -1.753424541 -2.351897307 -1.811589695 -2.5874915 -0.06657635077 1.297228925 -0.001291826524 -0.9369102766 -0.9745217301 -1.20151723 -0.946371705 -0.6220110364 -0.6928272901 -0.8679997404
8.254547585 -4.083895266 1.862706423 0.8443964329 -2.018540276 0.9531975385 -1.376148554 -1.183841819 0.108873582 -1.146218538 -0.2428177136 -0.0107114579 -0.5435754387 0.09446403387 -0.1507709142
8.246738755 -2.814891985 -0.7559947276 -0.8577190029 -2.781904046 0.5973790258 0.9808509992 -0.565061546 -0.216334669 -0.3304007295 -0.7482786955 -0.2391363807 -0.07147564717 -0.4737092914 -0.8952079773
6.56208151 -7.103188652 4.320199544 0.7689407629 -2.766983134 1.479420977 -0.6886845181 -0.4141320225 0.0562912187 -1.27611723 0.08259169733 -0.1328961572 -0.5414163025 0.1653375825 -0.2584218061
6.980343688 -0.1390436747 -1.582462268 -1.577673443 -2.637051387 -0.7573808833 0.9050207987 0.3043450178 -0.2181359399 -0.1194150117 -0.855518227 -0.9156927404 -0.02728967275 0.02731760957 -0.7071413033
7.138503464 -3.950330426 1.869236624 0.9045245541 -1.753396976 1.193445741 -0.7902225346 -0.7020124099 0.2382111863 -1.138667076 -0.3446713091 0.01150820826 -0.615538049 -0.05632586945 -0.2263214475
11.81248298 -5.495043003 -0.8567507357 -1.25189675 -3.474424178 1.138767804 1.050528283 -0.3933635918 0.07007756009 -1.916851879 -0.4253435188 -1.259360305 -0.3353951846 -0.8748139221 -0.6907630019
2.566742815 -8.703316929 5.192400625 0.4985026899 -2.919870741 1.283864522 -0.6005394825 0.003288084234 0.1143720463 -1.184747311 0.2154214174 -0.3660580855 -0.8264518188 0.218515627 -0.1737970103
7.843286134 -3.11832621 -2.360322907 -1.521600902 -3.112073279 -0.3150065801 1.228004906 -0.08043108925 -0.8406094489 -0.9447701126 -1.187167182 -1.014813817 -0.493692985 -0.5503223658 -1.06179004
