11.62557029 -3.430782763 -1.091389721 -1.370774507 -1.687088141 1.224312027 -1.380527814 -2.047000099 0.5003420457 0.3033501645 -0.6137339769 -0.7810243804 -0.9364586228 -0.6977029199 -0.4704691607
-0.4216793927 -3.023001715 3.28984822 2.823853771 0.1244306173 3.824948372 3.847439785 1.828097506 -0.8881312904 -2.249160044 0.3074465997 1.833233484 0.6241128759 -0.5349966941 -0.9721935299
5.544276814 -1.992758206 0.1789490772 1.288726277 -1.025086314 0.9409748042 0.5187458929 -0.3674521989 0.1705758094 -0.3044253816 -0.07811780755 0.9222012273 -0.007931152481 -0.8914108137 -0.4020502709
-0.5169550865 -5.797299513 2.563348307 3.366634522 1.597367156 3.967740825 1.688590074 1.606152328 0.7908314177 -1.580563293 -0.3983330781 0.5216824925 0.5635002525 0.7865793355 -0.6405196303
7.536981108 0.01916184394 -0.8015212452 -1.487032453 -0.9075931493 1.347908024 -0.9828368159 -1.466219137 0.3264127371 0.3408620046 -0.03858686349 -0.3795099807 -0.7500339907 -0.3324623133 -0.2663108303
3.038664551 -1.256303057 2.424030233 2.358252656 -1.354927427 0.9878038568 1.543267923 0.3254986777 -0.6774663987 -1.359884146 0.4175837448 2.272738235 1.114390079 -0.6454862413 -1.386637093
4.763223722 -4.075008891 1.431422799 1.063157763 -0.7545825265 1.715823295 -0.4171279303 0.2612947147 0.846607858 -0.6206384342 0.3001001984 0.2048048734 -0.3063563486 0.3086960771 -0.3243339344
3.774477369 -9.426655516 4.405882345 -0.04342802336 -1.405802785 1.482994385 -2.573852944 -0.6155594478 -0.1062315618 -0.7332439955 1.241869395 -1.331893892 -1.979999038 -0.1286814275 -0.2076923712
10.39073261 -6.834512546 -0.6121806929 0.7177706231 -2.288975872 0.01782477696 -1.492879723 -1.874408014 0.9422405716 0.1536062418 -1.435725924 -1.13491075 -1.120580761 -0.5743464347 -0.2027073182
1.04595624 -3.702816588 3.848056783 3.582604591 0.5952596562 2.149405536 0.1402968271 0.5668890023 0.3526190116 -1.676830875 -0.2274449452 1.178626424 1.140278316 0.6894384547 -1.027329871
8.450620339 -3.009552956 -0.6968111062 0.3249022823 -1.13243402 1.031698385 -0.7711866309 -1.367887128 0.8790401449 0.3303144857 -0.7917783684 -0.137928657 -0.3070190458 -0.5825356708 -0.24794802
2.794362404 -3.295349472 3.537346276 2.761334384 -0.6989748171 1.274818619 -0.2190204085 0.4376804286 0.4046010011 -1.722319698 -0.5768317149 0.5347699776 0.4787973789 0.7287014849 -0.4147591909
8.576508708 -3.852878616 2.395111892 -0.7705890516 -2.658952331 -0.5295364103 -3.200290322 -1.739266486 -0.4061809732 -0.795855675 0.5378761709 -1.055308036 -2.257838454 -0.6792450264 -0.2918324888
3.937948127 1.801150078 2.89191416 0.9909883913 -1.259332497 0.7552125045 0.3786195933 1.239242676 1.043137146 -1.939049063 -1.53096111 1.285139289 1.141214555 -0.5573338738 -1.025622875
4.179348554 -4.890346613 0.9591384196 0.6333142559 -1.071122744 1.659991864 -0.3219576331 0.474056134 1.00541257 -0.4148736875 0.4639577282 0.1399782763 -0.4615929477 0.1728975872 -0.4576218935
0.4058630352 -9.240421953 4.585578551 0.2618743527 -1.518399501 1.402704718 -2.425226217 -0.6892002827 -0.095157935 -0.7471711479 1.211885449 -1.214188619 -2.058235236 -0.1526513104 -0.04585568713
8.423036651 -1.963323322 -2.641138448 -2.168149694 -1.519019197 0.7287779072 -1.225870327 -2.18916192 0.1107826186 0.4895574859 -0.818642882 -1.072126464 -1.207440065 -1.041679471 -0.3972724155
0.9316103436 -1.781131232 2.740140497 3.392906774 0.9268976637 2.814175897 1.412820007 0.2670560262 0.257191054 -1.484841691 -0.5841178298 2.208374001 1.373509812 -0.9558604626 -1.505525056
6.301914083 -2.727182386 2.27878386 1.567356146 -0.4186032778 1.488199974 -0.8977893447 -0.4797339583 0.01353029539 -1.158813999 -0.1905219363 -0.345606156 -0.6399680043 0.2248722923 -0.2996154167
1.123732437 -5.616491562 2.428328205 3.350992826 1.667978786 3.631030789 0.4762244695 0.0662940129 -0.31032516 -2.043996272 -0.6066136321 0.1495455831 0.3407774734 1.092519431 0.005555083998
5.96193016 -1.243821472 -0.1669330089 -0.8238124702 -1.978537243 -1.154371333 -2.557677517 -2.022473402 -0.718547844 -0.5548790866 0.08374661477 -0.5939146844 -1.800063637 -0.8633592364 -0.2128507157
2.278579948 -1.880054189 3.982646203 2.804191952 -2.212520212 0.3570644968 1.287581447 0.6351013242 -0.8658957791 -2.150154684 0.1679767673 2.165086819 1.278370224 0.1681830611 -0.9966016647
4.950189545 -4.04625286 0.8994350096 0.4646884312 -1.294510375 1.231845724 -0.7425992775 -0.01161959802 0.7447076597 -0.6420648085 0.1607961254 0.07549703787 -0.4043022151 0.263646461 -0.2399166674
3.63162031 -7.024766348 5.779601657 -0.2585135583 -2.110306997 1.012748018 -2.957994219 -1.111040819 -0.8398133359 -1.395034579 1.250942964 -1.047807002 -2.325358789 -0.5567221934 0.04615612362
7.615518174 -4.983699315 -1.941311511 0.4638747601 -1.565246449 -0.4870094973 -1.463042462 -1.927049655 0.8394459689 0.5996730517 -1.862915523 -1.539209873 -0.9178189603 -0.7143279845 -0.151152457
1.139248552 -3.586067211 4.322414065 2.844155497 -1.274954272 1.204919623 0.3392548512 0.6010484442 -0.3971000955 -2.344705005 -0.05247391507 1.754003481 1.657940214 0.8887888884 -1.253321899
6.660647267 -3.191891296 -0.4867958216 1.04142873 -1.060127672 -0.4918274519 -1.490732968 -1.595279798 0.3706537078 0.03968995264 -1.475704222 -1.294860217 -1.053187394 -0.8567929149 -0.548353364
2.842313725 -5.263117604 1.753260631 1.958465127 0.1157985427 2.308404731 -0.4215348323 -0.2165266397 0.1034012458 -1.121295302 0.3607327592 0.5936852437 0.2687336448 0.754982424 -0.3253393659
4.495024014 -2.82680139 3.042667334 -0.1025317378 -2.433754606 -0.3400272445 -2.659942656 -1.804248393 -0.8486516899 -1.164509492 0.361710699 -0.9333805938 -2.365217279 -0.6953182625 0.0261398902
2.957494654 -0.6590779533 3.587066695 1.376922213 -2.627714022 -0.5435673666 -0.1647643503 1.634968838 1.592244554 -1.705462683 -1.637902225 0.4369541809 1.186882592 0.2309471153 -1.235059503
4.390675628 -4.946530638 0.9820162645 0.4479721082 -1.525492355 1.21165522 -0.7436988779 0.04897587707 0.6684186341 -0.676888379 0.2587215144 -0.065837394 -0.5716231283 0.2025405461 -0.3676438039
0.06401818502 -7.04110309 5.108967758 0.09367860814 -2.494246881 0.6409809094 -2.505168833 -1.007778732 -0.575839985 -0.9541194641 1.253127609 -0.9508681344 -2.116627348 -0.2048226292 0.1438808569
