6.715836421 -3.157460899 2.089753593 1.489982907 -0.6310585359 0.6772087633 -0.1688355079 -0.664009722 -0.9803943816 -0.874011936 0.676865048 0.709091197 -0.9262297888 -0.8303500544 -0.3887632706
2.40821206 1.731408964 -0.05706854981 0.4262845806 0.1402142717 -0.3775562451 -0.7557451003 -0.4209872952 -0.6353363615 -0.6407932766 -0.5903412081 -0.4026906928 -0.2225667061 -0.2121946636 -0.2403803934
11.51057002 -5.397812679 -0.4117590397 -0.5282339884 -4.045355362 -0.2421097716 0.9370926832 -0.8707271645 0.7498800829 -0.3487354365 -1.552635674 0.4737821342 -0.09800471943 -0.7654995022 -0.5556378686
6.762720052 1.268476706 0.6679944464 0.7827054895 0.2112438669 -0.1646252737 -0.7397552744 -0.8918118557 -0.968976686 -0.163796391 0.5184446756 -0.02378145038 -0.8963615583 -0.700529013 -0.3146878063
0.8716787314 -6.71385366 4.138543066 0.2920794951 1.407225333 0.8181766845 -1.198998838 -0.4298177517 -1.467517137 -0.3433046576 0.3893190996 0.07816435559 -0.7975262097 -0.8376461875 -0.1585090801
1.825604351 1.236389936 1.009744885 -0.2010691424 -0.02383832196 -0.272981165 -0.685133288 -0.3425538255 -0.6692466858 -0.4286982778 -0.4120040158 -0.3174992756 -0.167479869 -0.2276517877 -0.2967499534
9.033503404 0.924637736 -2.061452362 -0.8358949544 0.1077103759 -0.3404031852 -0.6002691693 -0.04394642073 -0.1308830633 -0.506820814 -0.5795209525 -0.01711990293 -0.1117279524 -0.646011222 -0.891677561
2.507057658 1.163352935 -0.7057146385 -0.4434204006 -0.2509964335 -0.2509441133 -0.4822384014 -0.1321013445 -0.5400845736 -0.6064911554 -0.5440968715 -0.3668239893 -0.2152102404 -0.293825655 -0.3735785909
4.535055724 -5.382814083 4.634892219 -0.3182371839 -0.1482116774 0.5475489144 -1.437266757 -0.1492281161 -1.027793449 -0.3669651382 0.4285179106 -0.399683342 -0.7391356189 -0.841771065 -0.3301607441
1.638724378 1.782774398 -0.3121067619 -0.09952385303 -0.1757548871 -0.2560722035 -0.5484586523 -0.3187899459 -0.5570716911 -0.6007161359 -0.5585110079 -0.4518825894 -0.3023201069 -0.3148646052 -0.3743060289
8.075428608 -2.362618007 -0.8918881519 -1.507220858 -3.641252931 -0.1251150617 0.7252013253 -0.4475156324 0.3406107793 -0.2682168728 -1.07823209 0.2280258515 0.006809987287 -0.6343019712 -0.6908482174
3.748072236 2.024394871 0.4549132924 -0.3768233143 -0.4356700587 -0.3027154739 -0.5047598274 -0.2161413132 -0.6216793928 -0.4789380383 -0.4109723887 -0.3508450383 -0.1357421647 -0.2917540324 -0.4574435589
-1.360972348 -9.837694907 3.289460629 -0.7426091431 1.3802065 1.125244829 -1.228388462 -0.03245398987 -1.899980338 -0.9858028333 0.7456423853 0.5561694294 0.1727913504 -0.4634368569 -0.6815083636
0.3366777284 0.2990566547 1.022249299 -0.5167779165 0.0666142698 -0.5135155663 -0.6648333434 -0.3664259004 -0.6428611629 -0.49173864 -0.4976785273 -0.4336463947 -0.2891858373 -0.3135629885 -0.3379606184
7.661293475 2.125109902 -1.564187133 -2.144394313 -1.487045509 -0.4884990897 -0.06090401145 0.09604455648 -0.6843158671 -1.033253127 -0.4448799418 0.208340661 0.06637186011 -0.5334968786 -0.848040948
1.571304668 0.5822871999 -0.0152770152 -0.3463886438 -0.2169793159 -0.3837167846 -0.7320702255 -0.2502109318 -0.5383422 -0.3950475381 -0.3633655753 -0.3135852015 -0.1822208807 -0.2401824235 -0.3101156072
4.966958739 -4.163456927 1.443219073 1.155156565 -0.2498093384 0.7532334688 -0.9997123989 -0.8810391483 -0.7905210539 -0.4136874053 0.8137418189 0.1763681847 -0.829512124 -0.4646505144 -0.546545761
2.304007405 1.970808628 0.5006528442 -0.4407900575 -0.3553158305 -0.6739845966 -0.9462618867 -0.5782687498 -0.9437624731 -0.6530465187 -0.5071637863 -0.5229736848 -0.3431568077 -0.3288787322 -0.3754788287
8.898662376 -3.632653491 -1.337689797 -0.747507878 -3.378704834 -0.7562736836 0.8596877858 -0.3555042169 0.2441652156 -0.1231662724 -1.410122398 -0.1304316565 0.2719777343 -0.6476326142 -0.7951983297
4.510153014 3.104961313 0.9728340231 1.688949217 0.6849265845 -0.8395757195 -1.297693364 -0.4220995494 -0.2935041742 -0.6657787558 -0.4814133161 -0.2661854819 -0.3055701489 -0.224869279 -0.09818244794
-0.2590185324 -7.502601725 1.545627476 -1.279732387 0.7037566199 0.9478831769 -1.464545218 0.3562816187 -0.9563715146 -1.02289233 -0.6915295608 -1.177255071 -0.4676569754 -0.2821402144 0.0351304371
1.186292951 1.007003184 0.764435906 -0.3148891674 -0.103462552 -0.4740613859 -0.9038072412 -0.7417833813 -0.9810236986 -0.7419321635 -0.7517822143 -0.6225021447 -0.3494083861 -0.3784561006 -0.45360136
9.852313302 -1.52034283 -2.430155768 -0.1541564321 -1.258643021 -1.272648692 -0.4974560513 -0.2886749961 -0.3868592822 -0.5112430361 -0.4976997219 0.4917458349 0.3322401696 -0.8806528712 -1.199957866
3.16064154 0.9134986377 -0.7641305789 -1.378826485 -1.062254314 -0.6696469732 -0.5681811905 -0.1602339067 -0.5886278125 -0.6089106884 -0.5205212795 -0.3810811847 -0.3690427171 -0.4543505502 -0.5631964364
4.434302198 -6.977343544 0.5778069848 -0.4535787036 -1.148869922 -0.006258844211 -2.08449872 -0.6560188523 -0.3375300359 -0.790857284 0.06476987393 -0.6507561638 -0.606411142 -0.158874951 -0.1554595486
1.713441845 1.398622994 -0.5276347934 -0.350684711 -0.4779062178 -0.6752348416 -0.9585609939 -0.6711975049 -0.8438723538 -0.795150806 -0.6793656639 -0.4362991304 -0.2295253517 -0.2367386471 -0.3178272396
5.817333082 -2.174738377 -0.879726822 -1.413612985 -3.199876768 -0.4431428125 0.8842434987 -0.1499995422 0.1459775444 -0.1279318929 -0.9603089415 -0.2781407443 0.1024710157 -0.3230412854 -0.6525207128
3.056591856 1.141081746 0.1003512298 -0.370274208 -0.2133044741 -0.5706661681 -1.018750073 -0.5707061041 -0.7272616166 -0.2772808823 -0.2747222011 -0.2331804283 -0.08884612107 -0.2217613027 -0.3649794496
-2.818399367 -9.617686928 3.606788843 -1.94954397 1.821685647 0.2257660223 -0.9960387033 0.1253458526 -2.104693465 -0.1817149212 0.01311693127 0.004018853538 -0.3619689074 -0.857446932 -0.1807292878
-2.207955884 0.1417668768 2.99972464 -2.453492763 -0.2311978682 -1.470741856 -1.149939758 -0.4626527428 -1.142367052 -0.6651149564 -0.02532811621 -0.175962773 -0.2000169695 0.06939143765 -0.1197635687
5.316260517 1.539025136 -1.401841621 -2.043807221 -1.652253459 -0.8390449743 -0.3543068722 0.1690958976 -0.3311938826 -0.5852703273 -0.466512862 -0.2178942969 -0.1033075208 -0.275854752 -0.6472057136
1.633793311 -0.4772469924 0.1258833479 -1.077025136 -0.604328504 -0.5086806794 -0.7031881763 -0.4767794901 -0.9796255383 -0.6744920216 -0.4588377718 -0.2322516778 -0.2855875391 -0.3626426042 -0.3682638381
