13.00123251 3.948752569 -1.062189501 -0.6776502577 0.4261154724 0.6708042005 -0.34340076 -0.2431429955 -0.1245347619 -0.8318200252 -1.035837338 -0.2258807815 0.3227449728 0.2441482559 -0.2933172416
5.725910314 1.691702158 3.339694483 4.472216101 0.7053732182 -0.7523198507 0.3653896496 0.723930018 -0.7639020988 -1.216517391 -0.3449381499 -0.1737220458 -0.608521171 -0.1813304828 0.04669435518
13.29566491 -2.029808083 -0.7709881368 0.5863912502 -0.8869464238 -0.9558490326 -0.4845733601 0.9784440981 -0.1032272754 -1.103077186 0.6558894134 0.3705525381 -0.4376979588 0.5570399035 -0.1253261528
5.620680036 -2.698958091 0.9079408682 2.72413317 0.136733046 0.8281325179 0.4989658924 0.7590116659 0.4918991833 -0.4215403167 0.3084680051 0.2517358408 -0.5517678937 0.1093405108 -0.07734670224
7.43834053 1.508711968 0.1949604774 -0.9578812108 -0.7200382948 1.948815807 1.465351778 0.8707423513 0.2458831906 -0.7295574573 -0.1021515937 0.3426009017 -0.2382923624 -0.04770390006 -0.04141181131
0.7273073769 -3.80778463 1.230567035 -1.873837035 -0.2220691643 4.830724154 0.9873156333 1.570832972 2.472444038 0.09290342896 -0.6370593744 -1.726443925 -0.8438555806 0.635955337 -0.5183712342
11.9501317 -4.804983342 1.633149007 1.499563181 -1.616224473 0.4124455134 -0.4820638037 -0.0336890521 -0.2562433183 -1.071242245 0.5773857931 0.2084197498 -0.6040853344 0.3443669008 -0.08470478689
4.81591934 -3.734146215 -0.947623768 1.549544882 0.2601802734 0.580234175 -0.8310888115 0.3942803446 1.023079705 -0.8168304459 -0.273422293 0.5158268783 -0.3674550992 -0.04202375779 0.07417224331
2.140510136 3.468506584 1.307442071 1.185084423 0.6754684826 0.996676618 1.450430143 2.37826723 1.553793792 -0.6933611363 -1.999635705 -1.753502646 -1.042004667 -0.4381393741 0.04994519409
1.984403232 -0.443224237 3.45739384 5.498419265 -0.3295474683 -0.9630706597 2.713995451 2.332396246 -1.264146469 -1.664609009 -0.04207525633 -0.1928956431 -0.8797518142 -0.01477857413 0.3570719653
8.7893502 0.1427909029 0.9109809272 1.236171695 -1.74554686 -1.625222451 -0.1259477381 0.5351407913 -0.8100455668 -1.437634125 -0.1825002447 0.05305000495 -0.1850619455 0.8081964413 0.5229712309
3.550591241 -6.746877107 2.364714351 0.7094968966 -1.646632805 1.798692115 0.3807906855 1.211197263 -0.2771722948 -1.766437357 0.9370066769 0.1959125587 -0.6276223439 0.6799371744 -0.03012093595
4.58477397 -0.6846908568 -0.4010112836 -1.031315972 -0.8801420937 1.664028271 -0.3204635981 -0.1588453158 0.7729616074 -0.5254536033 -0.1666026973 0.2866007349 -0.4896568059 0.04030722734 0.1076817469
-1.320014214 -3.064692733 1.087069121 2.89211594 1.476548707 1.790939531 0.3801921028 1.61626953 2.091786024 -1.078042682 -1.775397995 -0.160099644 0.3556826887 1.130942823 0.8602095581
9.472378866 -3.389309673 0.4700203398 1.541868582 -1.410250846 0.0318639359 0.06112756991 -0.01680483635 -0.1828115728 -0.7299886981 0.2106507886 0.1857602767 -0.5975758321 0.1480906305 0.002984081581
4.965486534 -1.495105566 -2.483459918 1.936950374 2.370478742 -0.3247763799 -2.693178129 -0.07742035039 2.518963637 1.083046664 -0.6505779779 -0.6630362931 -0.7258712814 -0.4316939025 0.08759069679
8.78034426 4.283779141 1.101822407 0.3667084966 0.02759096969 0.1261692534 -0.1847059011 0.007485765083 -0.346072437 -0.8965385439 -0.7869145642 -0.2389689551 0.02220082396 0.1155742659 -0.06104890064
3.739537871 -1.682271959 3.743101503 5.175192327 2.328663083 0.5968782145 -2.165747361 -0.3501192012 0.6227786022 -1.344066862 -0.6942990346 -0.1512991758 -0.8187237384 -0.2146152707 -0.2074121993
9.765371599 -0.577290615 -0.9762405581 0.5258172504 -0.4065508959 -0.5023012712 -0.385753378 0.2268600002 -0.4291007762 -0.7517392904 0.486078753 0.4192330246 -0.3107793138 0.2404392729 -0.106101737
4.388309122 -4.418431446 0.1135645356 2.235155954 -0.9202048522 0.09297739509 0.2986779415 0.4842990373 0.08915766048 -0.5815175045 0.445634411 0.2353375645 -0.7250345087 0.2338793193 0.160581728
7.386778929 -0.1916461389 -1.17387573 -3.101875126 -1.777781094 1.834940197 0.0842843364 0.2987046087 0.6249557969 -0.9933584551 -0.4912402496 -0.09288467236 -0.5117722869 0.3065417251 0.2697993224
-2.491840464 -5.219195467 -0.2005287082 -2.662363608 -0.5995364725 4.193888977 0.4492120811 1.085637891 2.383774484 -0.19303908 -1.497511713 -1.87406551 0.05300048836 1.81788209 0.2341592514
8.455274488 -6.405157798 2.223014622 1.237386179 -1.730457638 0.7511110281 -0.6161481601 0.1016839683 0.04442545882 -1.016528137 0.7134223097 0.06933742766 -0.8139360683 0.405142983 -0.06005582817
3.187036936 -4.8178609 -0.487375822 2.022737074 0.05806454875 0.2091335773 -1.154114523 0.02681147007 0.8181534374 -0.3408248578 0.2095844418 0.02888759202 -0.9587190331 -0.097598173 0.2187680609
2.327996906 0.2149544604 1.255257321 3.625673148 1.173422976 0.3254540358 2.090177269 3.387120275 0.4045159188 -2.450786348 -1.106309736 0.3404383882 -0.6128222059 -0.4241886206 0.454073606
-0.279591947 -1.351015929 3.694120663 7.00643571 1.398562416 -1.090806259 1.223002129 2.3059864 -0.007790939546 -0.8279180403 0.1426501042 -0.4059671237 -1.062322472 -0.1806896808 -0.3068590493
7.53783445 -1.531012319 0.5947117405 1.960572955 -0.5525463062 -0.1153624417 0.1596681639 0.0402513397 -0.4189981132 -0.6111228479 0.313023646 0.3355343681 -0.4587586094 0.02514765056 -0.03212798166
3.653752593 -6.249032334 1.695503818 -1.52209591 -2.084255098 0.5717291505 -2.609930026 -0.2970787936 -0.1235072762 -1.274608598 0.8113323023 -0.8127908116 -1.361254803 0.4631710251 -0.06286008644
5.17010772 -2.276654661 -1.184087008 -0.0411051479 0.1322543717 1.774503466 -0.6148767463 -0.3525067672 0.680506332 -0.6385767712 -0.110310211 0.3964149226 -0.5247310377 -0.04824843028 0.05171133488
-0.1113553699 -6.466634808 -2.156208137 2.318079748 2.525457529 3.253416288 0.909254072 0.9534350048 1.362532265 -1.019817618 -1.284422467 0.03634648561 0.1266434509 0.5763249378 0.4461075347
7.02247719 -4.278684111 0.307158941 1.572070741 -1.48340564 0.05765470901 0.08093006595 0.1712479622 -0.02985218029 -0.468050191 0.7350870995 0.3669297047 -0.5879829476 0.2686331574 -0.0495946402
3.685424718 -2.70371991 -2.811864714 1.503043549 2.139565574 -0.6684065373 -3.728763336 -0.7515300569 1.975365369 0.5002087966 -0.7093564657 -0.8529627263 -1.258323757 -0.7620668103 0.01144093195
