4.388187002 3.301127272 0.9360696863 0.8191907989 0.4839311684 0.2270653366 -0.1088297517 0.002721378268 -0.3636072177 -0.7671755388 -0.7269625715 -0.5867137309 -0.3623486462 -0.2599622867 -0.03069777986
1.650664605 2.124974023 -0.04442203649 0.9552492901 0.642404125 0.5798335045 0.6051791039 0.6083822569 0.2831839189 0.1346936389 0.1448945718 0.1065341033 -0.09493530676 -0.09593973163 0.1124324267
5.63002009 3.858972879 1.193632931 -0.2901509359 -0.9009347216 -1.559282559 -1.280659789 0.4265317316 -0.05610160012 -0.6631204268 -0.2151814815 -0.4784596764 -0.6798451667 -0.5293462516 0.119624717
0.1438508128 2.535001491 2.072601261 -0.2016067327 0.8809465706 0.02033724314 -0.2084450443 -0.4586308466 -0.4301120693 -0.3013850904 -0.4653645304 -0.6471028804 -0.07484731783 -0.1904807435 -0.1194857866
4.301913763 3.078700644 0.6428775859 0.4792855469 0.8444858345 -0.03806526555 -0.276263718 0.7218605768 0.3518112457 -0.238587898 -0.664090828 -1.134923678 -1.025879218 -0.6551935824 -0.4541303429
1.769693784 0.8839770406 -0.205804035 1.889544102 0.8033007664 -0.1743956045 0.1657480034 0.8298128215 0.2744426626 -0.3792467754 -0.2556271915 0.1187051547 -0.1238723876 -0.25304983 0.01202201878
3.38062405 0.9937751494 -1.03641186 1.13267311 0.3153355214 -1.360960262 -1.284952638 0.01289455145 0.20589849 0.5914395191 0.698748152 0.08141077041 -0.2131662571 -0.02569685156 0.3179043605
-0.4138956157 0.8275010073 -1.770884976 -0.001660409757 1.033115049 0.2166303854 0.3372247737 -1.098086489 0.3761394494 0.009998233821 0.5492093763 0.1789200268 0.02681493271 -0.7587400718 -0.2567334163
5.611306563 2.535062096 0.2796646543 1.771451611 1.577462989 0.05307282986 -0.8673545662 0.1253854693 -0.2672613023 -1.095877662 -1.153399405 -0.8852420134 -0.3540318212 -0.212250945 -0.2057770068
0.6732039591 2.526946062 0.1051860681 0.8102663212 0.4233695645 0.3532691878 0.378621301 0.3555908349 0.04159782106 0.04372586679 0.08418237217 0.09597760153 -0.04961040925 -0.06952059303 0.08483933975
4.902979551 2.08865278 0.1879793934 -1.684920509 0.4694033043 -0.505358256 -0.8837990999 0.4357102765 0.2186413222 -0.7211744624 -0.5643246245 -0.6119901602 -0.03708446791 -0.2049179589 -0.1893741237
-4.401946264 2.405497202 2.473560723 -0.6399954168 1.074266672 0.2513975271 -0.4093177025 -0.8279309253 -0.127781063 -0.1064281769 -0.5433588979 -1.131016026 -0.3439827588 -0.1858180205 -0.0855536299
2.552028128 3.090167936 0.5137005375 0.903140984 0.6169777835 0.4454523499 0.1732663724 0.1539376981 -0.2398027694 -0.4393397285 -0.4085867861 -0.4870138684 -0.624339615 -0.4030324021 -0.09329412768
2.264864484 1.484525829 -0.6048442475 0.4608440146 0.1874141109 0.2916874062 0.4064082108 0.4717679105 0.3318382932 0.1595784114 -0.03944375895 -0.02955931979 -0.01215724755 -0.04228232494 -0.01150047989
5.101769984 1.511513256 -1.465222656 0.4614420955 1.2184646 -1.434932584 -2.281796482 0.2314382176 0.04561736429 0.2644634471 1.060603691 -0.48404029 -0.6558992609 -0.2582707014 0.3507899788
-1.11193242 -0.2712948785 -0.319197034 0.6584117654 0.9562840454 0.679142464 0.3227747597 -0.6065610599 0.2676639487 -0.09066211414 0.4955254171 0.2937812171 -0.1454104629 -0.4824459877 -0.08706246094
5.507188241 3.383413975 0.9424050236 1.424772662 0.8290759863 -0.447209713 -0.8778689953 -0.1650342959 -0.7215130059 -1.34898325 -0.9671495065 -0.5802115828 -0.07059746432 -0.03315747609 -0.2482701176
1.795704013 2.022785102 -0.1736655219 0.8561518902 0.464554063 0.308063415 0.2587052952 0.1190918467 -0.129006599 -0.07606470678 -0.07838901063 -0.06762594649 -0.2387868168 -0.2965867845 -0.06439965606
6.112365336 2.80486684 0.2477938595 -0.219272597 -0.8894952438 -1.376493442 -0.9335078075 0.8025685908 -0.10250045 -1.585434487 -0.6901714763 -0.3922111917 -0.3022272479 0.2537911755 0.4628156037
-2.457138644 1.944006195 1.626847587 -0.3730748877 0.9268319573 0.07892041777 -0.04932446652 -0.5435797382 0.09766879029 -0.09129177644 -0.1712055521 -0.793776177 -0.1630210372 -0.2270920534 -0.1690370862
4.970466765 3.534901713 0.6449714215 -0.3435867682 -0.2249643569 -0.3091462164 -0.5319141012 0.432101219 0.09191299054 -0.7333391779 -0.5825954603 -0.9494681577 -0.7496614008 -0.319462003 -0.0003483193557
1.407812783 0.2088101232 -0.6578388035 1.624329307 0.6550339182 -0.3096031251 0.03336562988 0.82252179 0.3445512794 -0.1945302204 -0.01970535605 0.1884175007 -0.1332337186 -0.1227131758 0.1118181371
4.016599491 2.083550918 -1.194335191 0.3145293549 0.8192141872 -0.6988392086 -0.7143755597 -0.2318090462 -0.1113949432 -0.08763550995 0.3990424197 -0.03016392787 -0.6939303928 -0.5155109376 -0.1275639476
0.8242435357 2.725956506 -2.430070229 -0.5116850088 1.619258923 -0.9422185622 0.2761407034 -0.3573660247 -0.06561655174 -0.1820103768 0.6320849057 0.1751122534 -0.06204588108 -0.7460469641 -0.2033470185
6.171373893 2.453320904 -0.218038438 0.7853871157 0.9950436455 -0.2761002842 -0.9510403337 0.2779888696 -0.0709216282 -0.9485633469 -1.173053894 -0.7526809395 -0.2049849029 -0.2775871151 -0.4132073295
1.127565134 1.59231308 -0.4370157162 0.6880006936 0.3674945262 0.3099081508 0.4146225359 0.4123226937 0.1353415598 0.03866731126 0.06760016316 0.02318502828 -0.1705635119 -0.2032383605 0.05061076897
5.778162265 2.610470292 -0.2284394868 -0.1874975719 0.2195778473 -0.7445558983 -1.008601452 0.6106888679 0.4403959603 -0.4521991335 -0.9565232321 -1.115716993 -0.9763108309 -0.3312031925 0.03117004081
-4.94753232 4.053974502 2.415363826 -1.000993152 1.251057992 -0.1495692822 -0.7062152725 -0.734560007 -0.2893892527 -0.6111854873 -0.9364329014 -0.8972242068 -0.2652139546 -0.3434531614 -0.08943065313
3.513382636 2.269762563 0.1812663134 1.119600381 0.6228507187 0.2267210301 0.05859410798 0.1596156824 -0.05881029493 -0.5014682169 -0.7277200005 -0.5265150411 -0.4151172893 -0.4379022633 -0.3310198467
1.922482177 1.000252995 -0.8879507976 0.134252892 0.01436698813 0.1180504226 0.1217198515 0.1067084577 0.131428943 0.01669624176 -0.04957012616 -0.00747178652 0.05124224606 0.07331417259 0.04170284676
5.84556339 -0.1225224342 -1.957996757 0.3261964947 0.5800100746 -1.651215644 -1.886306019 0.204835104 0.2727620308 0.4673182851 0.7576909067 -0.3199734032 -0.7803228688 -0.592920101 0.2785078019
-2.552408862 -1.51565582 -0.7320697902 0.347668788 1.001941562 0.9413744889 0.1640120031 -0.9247489341 0.2831134303 -0.1167279909 0.2651553954 0.3522568598 0.08678826922 -0.4188546138 -0.087141387
