10.61099098 -3.273210415 0.7270579186 4.167048808 -0.6147882608 -0.9339500092 0.08041181368 -0.683152955 -0.6465921461 -0.7683106192 -0.9747018392 -1.072601755 -0.1556942004 -0.06856986459 -0.5729469142
2.984780484 -0.02564361719 -1.462977101 0.1978538534 -0.3157091726 0.284961452 0.2535230585 -0.06035266017 -0.043276214 -0.2717625112 -0.4296204491 -0.06411089379 -0.1196124532 -0.07040635651 0.01350820999
9.286814778 -1.747801913 -1.000518636 0.386229507 -0.9091335531 0.8095928572 -0.1725285998 -0.4908919547 0.2147185489 -0.7960455878 -0.6205928489 0.007507593554 -0.659864 -0.2654048655 0.08559381085
6.101542888 -4.07118045 1.492188855 -0.2150337982 -1.513950387 2.294129297 -0.3861558831 -0.3500017105 0.5486971628 -0.4738812633 0.2881155277 -0.05411035545 -0.7096123077 -0.07533661199 -0.3970740537
9.934690348 0.01664652265 0.02022168422 1.41828456 0.07306437128 1.009702259 0.347055578 -0.09760506466 0.1797644501 -0.7906115634 -0.7871318655 -0.3919685969 -0.5509002009 -0.6507611541 -0.5865101416
8.806338437 0.3153172774 -0.9556001558 0.07930119442 -1.606471161 -1.117920913 0.1960955877 -0.2488680524 -1.426949244 -1.420464089 -0.9200477196 -0.6431053985 -0.2263682043 -0.1396965864 -0.7325879981
11.35263825 -3.417115687 -2.75524473 0.9395490227 -1.372102019 -1.342534256 -0.3927641518 -1.40338266 -1.592182189 -0.5108103308 0.3230646477 -0.3604429899 -0.5260772324 -1.078782745 -1.060814222
1.103952844 3.052364503 0.6174862601 0.7295602527 0.6610556263 0.7489971615 0.2788623923 0.001315892817 -0.2189054949 -0.2946670731 -0.5051401159 -0.4704378701 -0.5739375917 -0.6830828949 -0.7125224609
8.528614415 -1.714462548 0.2717698835 3.408805576 0.08633455682 -1.187959673 -0.2646488933 -0.002932351235 -0.1968053825 -0.5142729613 -0.9346904763 -0.6597018966 0.0309673176 -0.2675656919 -0.9253354875
1.636515879 0.168662974 -1.996772685 -0.1971149872 -0.1463190094 0.1018083467 -0.1212068071 -0.2368570907 -0.2700880731 -0.3723024424 -0.4929893555 -0.2417003482 -0.2260364469 -0.2126447445 -0.1253966527
8.412933895 -2.752532792 -1.124801039 0.749323523 -0.8879782595 0.9681480492 0.2691746107 -0.1690867895 0.4952821027 -0.5277235122 -0.6659559726 -0.04863684951 -0.6262989477 -0.3169008898 -0.04738709623
0.8661985862 -4.445283278 1.177976914 1.052421681 -1.86412429 0.7120891979 -0.3379714922 -0.2764914328 0.1786886133 -1.060091 -0.213998271 0.06249275437 -0.8060661396 0.09953483328 0.339822572
7.013453054 1.596752298 0.1222398949 1.210248977 0.7142023614 0.601448853 0.3213520772 0.1377257587 -0.1089150292 -0.5127141615 -0.7196940866 -0.5712036496 -0.546449244 -0.673844349 -0.7282274776
7.548949994 -1.392653334 -1.203802298 0.5005727888 -0.4323436181 0.6944369435 0.03687455844 -0.4611389341 -0.0633984375 -0.5843653335 -0.5723653778 -0.03124225066 -0.4632310962 -0.3251248107 -0.08529158095
8.300905487 -3.11928437 -3.462142918 0.6500146842 -0.9175615926 -2.1327698 -1.074519565 -0.9679835542 -1.618800724 -0.3562390679 0.9644394317 0.2869975928 -0.9131804234 -1.05636593 -0.7086769299
-1.509861786 0.9686821866 -0.839274329 -0.202642912 -0.2540779212 0.1446201137 0.1786510155 0.1405757895 -0.07827602663 -0.1270305081 -0.2718431331 -0.3061482548 -0.1835586612 0.02027728657 -0.07470049007
11.69212936 -3.38536631 -0.6889570683 2.660264022 -0.5303841067 -0.3129876467 -0.2304915112 -1.530609445 -1.187694971 -0.6660229587 -0.2512404891 -0.8075248136 -0.1636726955 -0.4452937977 -0.874603361
2.717197033 0.5563905862 -1.447256378 0.01357735617 -0.2945218374 0.04726856444 -0.07043545228 -0.3103141647 -0.4517401185 -0.5249388725 -0.5826127414 -0.2594788031 -0.2211986261 -0.2361444108 -0.1187004426
8.95173826 -2.744428927 -1.169582529 0.3426697152 -1.464861992 0.567051168 -0.259800967 -0.683792842 0.1742447413 -0.6752553596 -0.5336812581 0.1123546791 -0.5133706389 -0.1615874485 0.130040573
4.455517446 -6.847050114 2.220801414 0.3509004241 -1.673967096 2.027539466 -1.191820114 -0.3015044112 0.6190618762 -1.156882377 0.2333672563 0.06278832534 -1.163893301 -0.03223981982 0.2524403531
11.32691923 0.5745551727 -0.258782592 0.6040436791 -1.711394061 -0.6078007236 0.3588629745 -0.1934976152 -0.6431864594 -1.066365118 -0.9611511747 -1.079859375 -0.167153956 -0.1019038414 -0.5931007945
9.040098722 -1.170626668 -2.086513381 0.2437931521 -1.108069483 -1.042736982 -0.3654530421 -1.167433739 -1.691185413 -0.8610203339 -0.3956960905 -0.3485673791 -0.07526848985 -0.5587547808 -1.29981435
12.63442478 -4.157338452 -2.464068958 0.7326302791 -3.017699514 -0.8609948668 0.2331488818 -1.317395133 -1.127012992 -0.9850313513 -0.1163646556 -0.9852366428 -0.2230511879 -0.709497133 -0.8963144375
1.121387113 3.345046841 0.6643779585 0.8236818776 0.4394053332 0.2810604136 -0.1542028647 -0.3150976753 -0.6574035399 -0.7527445693 -0.6654159885 -0.5022248536 -0.4037135738 -0.5422731025 -0.6364123705
7.098361514 -1.604281825 1.194105774 3.931442636 -0.4099605442 -1.671220023 0.08695299874 -0.06078171723 -1.049679984 -0.9452460401 -1.045023995 -1.059396845 -0.3824672504 -0.2888750342 -0.690829802
2.876404074 0.8079822964 -2.514670733 -1.00824993 -0.4139968875 -0.3499583184 -0.7692148827 -1.011150791 -1.430320465 -1.123486702 -0.4425835213 -0.02578849468 -0.3491462164 -0.6526316106 -0.8352612631
7.960049673 -2.330526889 -1.438937229 0.09392138791 -1.194196231 0.2816935919 -0.289942037 -0.5839235951 0.1140236157 -0.5385294819 -0.5920310321 -0.03101654871 -0.4678139541 -0.1925426506 0.04332666033
2.453470044 -4.256949966 1.044433876 0.3558993755 -0.935871478 1.751375207 -1.409737616 -1.270776071 0.2148812721 -1.132850092 -0.3752939457 -0.2331425513 -1.464659778 -0.2324243571 0.1555135151
7.306727907 2.398386385 0.1064987712 0.01691351009 -0.8445522613 -0.5955718458 -0.08555208219 -0.04131623489 -0.4332011573 -0.6519271776 -0.9719519272 -0.9479537036 -0.5173461964 -0.3646456411 -0.6711750735
6.187864102 -0.9886906369 -1.174385278 0.2360415293 -0.7830230887 -0.2321330357 -0.6312400137 -1.201104818 -1.269717359 -1.112340089 -0.5982902835 -0.2831232935 -0.794065109 -1.010107357 -1.05795598
8.262924233 -3.818562103 -3.751448312 -0.5587216171 -1.952115721 -1.454533799 -0.4757421362 -1.263713756 -1.410123145 -0.01858101079 0.611054955 -0.3000197983 -1.446419045 -1.467241217 -0.8430842922
0.3242029244 0.7947693955 -1.594046485 -0.4234783693 -0.03863563095 0.2755784584 -0.05150263125 -0.1575721701 -0.2956266693 -0.3383431607 -0.3912491162 -0.2317082249 -0.2447808033 -0.254998985 -0.2130340043
