5.820139135 2.439874404 0.2297387414 0.317440211 0.05750621521 0.5129523318 0.1319007696 0.1333086456 0.2717490553 0.07761075765 0.05000253863 0.1466219565 -0.01263221238 0.02018714486 0.0402651554
3.347326166 2.522397696 0.9513358606 1.093072363 0.3307542803 0.1895689193 -0.0705504079 0.06555354784 -0.04205359787 -0.2770794831 -0.1260446264 0.1402161933 0.04680926361 -0.006780738444 0.02571093742
5.63162742 3.165627656 1.21072753 -0.07519894417 0.07698079846 -0.800098933 -0.4297651449 0.7052882896 0.04834935135 0.131467739 -0.144615952 -0.6518923108 -0.6749173668 -0.8935257636 -0.883387089
6.574687045 -1.186720258 2.299982475 -0.3988248109 -2.103379997 -0.8751847997 -0.4238602111 0.1192867071 -0.7092650796 -0.8042034706 -0.3897937404 -1.128571774 -0.7456632791 0.5526480822 0.01654498512
7.61211296 1.388535198 -0.7773746627 0.1598876983 -0.2578830643 0.1102391966 -0.1524851892 -0.1568365637 -0.02207237925 -0.1268579879 -0.1783213473 -0.08392460392 -0.1052360317 -0.03840354128 0.04321417845
3.852190417 0.565256145 0.8628195831 0.8900941067 0.06057655494 0.2873531252 -0.1908243545 0.06493146374 0.2176940137 -0.08579736102 -0.1858812457 -0.09187841376 -0.1750457799 -0.09944970034 0.001594725099
7.07453416 1.621485253 0.05203647094 -2.352748808 -0.5732605456 -1.294233668 -0.2241901137 1.106479132 -0.6141324288 -0.329081945 -0.2019361088 -0.9705831482 -0.8014834618 -0.2630772908 -0.5561410151
0.07785253046 -2.215806427 4.368527546 -0.3403831969 -0.2151354123 0.9967618025 0.04994600801 -0.3692944499 0.2204294783 -0.2801358695 0.5609268666 0.1569384909 -0.3597612942 -0.03898672518 0.143244282
5.160081502 3.461906651 0.5025564305 0.4250065438 -0.03562836809 0.1583962953 0.03347922319 0.02946203093 -0.04965240487 -0.1625371785 -0.1034830691 0.02648899481 -0.0170529321 -0.1140771908 -0.02206443873
2.24349724 1.993590863 0.7155341476 0.9225956261 0.4258291161 0.5519137894 0.2368332429 0.2714975318 0.09901786666 -0.1805129182 -0.04558448511 0.11115698 -0.03966126388 -0.08279864825 -0.002731937111
6.858407061 0.9522531908 1.666271889 -1.341680909 -2.566985072 -2.537665679 -1.064084704 0.1540415804 -1.136897121 0.1231588253 0.3592046389 -1.541231895 -1.136438215 0.2771548966 -0.6194992894
-2.818684127 2.087667971 3.994655498 -1.814937882 1.844021371 0.166086576 0.02695239591 -0.3265279055 0.08131157626 -0.6553517154 -0.3946646943 0.6513107057 -0.5146882575 0.2447651178 0.1621680689
6.314236723 1.897359312 0.708510039 0.3555456803 0.5170131358 -0.1655743591 -0.9046886044 -0.7900579983 -1.718614866 -0.7186503462 -0.5260432816 -0.7516310485 0.4090266791 0.3799954311 -0.552301241
1.226117856 1.582548981 1.449425552 -0.01083450423 0.3935623011 0.4304992621 -0.04119170939 0.2545578251 -0.1612981896 -0.3363092838 -0.1359129434 -0.01046211435 -0.004114689998 0.09431995653 0.03868173032
7.053315407 -0.5981021051 -1.499156569 -2.596737072 -0.6380924571 -1.401226767 0.3497992376 1.300260432 -1.571027087 -0.91908499 -0.4830728626 -1.112892741 -1.1524758 -0.5668792774 -0.7041385651
-2.693877038 -3.284084765 5.191280206 -0.3613984467 0.2002023106 0.3592137397 -0.05264594221 -0.150838921 0.2798412037 -0.3068671405 0.8695777131 0.2331676651 -0.4108428767 0.3308682279 0.5454307568
6.206877499 3.083092082 -0.3257162302 0.03791636964 -0.1320374045 0.1128729234 -0.07734803496 -0.04980206873 -0.03256455226 -0.09651714558 -0.09365490074 -0.06196598186 -0.07260147523 -0.02973354172 0.02578836058
2.528064694 2.368074238 0.2601595172 0.4510710439 0.1568813829 0.2313997281 -0.03980444449 -0.01348926375 -0.1190447768 -0.2294032973 -0.08451973988 0.09191776811 0.05808986323 -0.05275918481 -0.03561826088
7.010501154 3.078987482 0.6814021301 -1.204210998 -0.9931020388 -1.565502073 -0.6998998209 0.7819361553 0.05752423037 0.2033686056 0.08086141942 -0.7235222621 -0.7291423336 -0.4862245683 -0.7542134209
4.223773193 -1.245926314 3.579568443 -0.5470056819 -1.09337315 0.4697931557 -0.7627260491 -1.30311975 -0.5386006379 -1.219409926 -0.6014094621 -0.1356240026 -0.3673353717 0.04892480263 0.2858349132
6.745435366 0.9433404252 0.1651572895 0.3489404688 -0.1482074059 0.3960745278 -0.1685248342 -0.03182278507 0.04544442251 -0.1431392183 -0.03919944481 0.06489777884 -0.04534577016 0.03059792989 0.01268917692
3.04753537 0.2107306869 1.298876683 -0.05273899121 -0.349233938 0.3175062631 -0.5212900485 -0.2816587154 0.07667669435 -0.1038726106 -0.09297132292 0.136537435 0.0483099181 0.04060606645 0.05476646434
5.946677713 0.2968773875 -0.2353364026 -3.132809057 -1.884935695 -1.905725959 -0.04141361555 1.195980525 -0.8111082984 -0.6746925509 -0.16227418 -1.800360101 -1.207068595 -0.04548578233 -0.4288572369
-0.2847957006 -3.479576697 3.764771271 0.05751827968 -0.1321963229 0.1952072382 -0.4099490787 0.7473292701 -0.2472740883 -0.5923503785 0.333501987 0.142993856 -0.4508471171 0.3458164119 0.2578656367
4.350620589 1.907819362 0.2221469179 0.2894388705 -0.2800470842 0.1546603116 -0.03540773771 0.01911988924 0.04668940534 -0.1854763204 -0.1820362978 -0.01124407203 -0.07941324552 -0.1151622492 -0.1063893555
2.382465024 1.340939535 0.479515438 0.9416619741 0.009589752922 -0.1168343844 -0.06252798386 0.2019766197 -0.1505293668 -0.4492806238 -0.03436555924 0.249182024 0.001967020352 -0.1239530493 0.06034317433
5.726693849 1.881250222 0.6701255281 -1.741863692 -2.205136095 -2.064311662 -1.041559241 -0.07649408397 -0.7687896109 -0.05748693528 0.01290686044 -1.025762445 -0.8967846703 0.02814598327 -0.3539247421
-2.792371061 -1.281093575 3.008934862 -0.3362166588 0.8455944447 -0.2442508338 0.4981759787 -0.4811095297 -0.3228881927 -0.3710157798 -0.5251099148 0.1003496904 -0.2665070908 0.05013190726 -0.2367604269
6.362696169 1.536216731 0.2403211052 0.05615774306 0.4055384411 -0.7610061937 -1.650398124 -1.157684791 -1.902164262 -0.7152200693 -0.4608340103 -1.070695915 0.06990395796 0.1728974591 -0.7424394462
1.797730797 -0.294504974 1.523441273 0.7299268369 0.1672571551 0.3503601635 -0.2331952999 0.02623303726 0.09834690777 -0.1803873505 -0.1421415639 0.02745785229 -0.0004998955668 -0.007528584999 -0.009391145245
6.035712219 -0.8245768663 -1.729139782 -3.263241143 0.006612415699 -1.270882338 0.4972069647 1.219901513 -1.34392184 -1.191444334 -0.2582835387 -0.5377467698 -1.548996267 0.0001097360523 -0.8566453006
-4.820357692 -3.907400948 5.229758566 -0.4824510872 -0.08527214341 0.06063810957 0.1496293446 -0.06020384808 0.4677713773 -0.13705996 1.013996311 0.0325868095 -0.6591384212 0.1456679908 0.5625293693
