11.58450835 1.99131889 -1.286867031 -0.1763910002 -0.6950468291 -2.061992054 -1.287243665 0.7231049216 -0.04820387877 -0.9601349044 -1.428758317 -0.7952530546 0.2159278802 -0.004960694955 -0.41544001
5.408461472 2.136756152 0.8559190778 1.186783165 0.6931692429 0.4171372576 -0.717211479 -0.598493084 -0.4997653652 -0.6000125539 -1.128255526 -0.7135485377 -0.4980278579 -0.5382329595 -0.5319926235
10.96428084 -2.071662715 -4.96803048 -1.744955995 0.873303736 -1.451459767 -1.784679647 1.246787578 0.1372187876 -1.209439467 -0.6982070743 0.1849801784 0.5086522247 -0.359221499 -0.4878712479
1.853367559 -1.054493624 1.233309645 -0.2216813303 -1.49347818 -0.08556745156 -0.4343528453 -1.258877782 -0.7668237097 0.4036495112 -0.4787274069 -0.5452045456 0.2982886337 -0.4208309024 -0.2459649222
8.47654352 3.149577099 0.6566096529 0.4877871885 -0.6516242186 -1.178925634 -0.815311326 -0.217360795 -1.003306349 -1.543488074 -1.326427069 -0.4326864453 -0.07654358599 -0.1734800059 -0.2134329491
4.859228749 -0.9480630601 -1.467156504 -0.587472869 -0.6408585353 -0.4102544003 -0.782506661 -0.3012217725 -0.04683343408 0.1059356841 -0.7448634359 -0.4229164371 -0.3193172405 -0.8236325934 -0.568330653
9.138706312 -0.5620520025 -1.888190314 -1.095845492 -2.628942333 -2.735674625 -1.216093934 1.01402524 0.5515273886 -0.5939503334 -1.34353159 -1.030088765 0.04192381144 0.8918037492 0.5966910275
0.1982669723 0.6893164491 -1.340688003 0.6194723105 -1.690834604 0.889246856 -0.8780171007 -0.5620328814 -0.8399377279 -0.4274488022 -0.0603537413 -0.8342010066 -0.1037485283 -1.215615119 0.6788490245
8.809763282 0.7939336606 -1.970620979 -0.3245627672 0.119222862 -1.137008374 -1.506117399 -0.01203783046 0.2469731132 -0.5900957594 -1.555834694 -1.097031716 -0.08456741782 -0.09916159244 -0.2015865463
6.009833488 1.713915027 -0.6299015249 -0.323655477 -1.355099793 -1.506477022 -1.983659357 -1.532116639 -1.099573852 -0.5919272688 -0.4248783555 0.1827818914 0.3121951742 0.04425109576 0.2657309652
8.342111287 -1.027692407 -4.982254231 -1.769071108 -0.1633908496 -1.009798851 -0.9656076534 0.6810893557 0.2105970263 -0.7749208793 -0.758863499 0.2790150332 0.330937945 -0.08622158197 -0.3800315888
2.932013632 -4.271003843 -0.1529006757 0.03710477728 -0.9819155192 1.313385091 0.3329792798 -2.680118183 -1.604255317 1.273632389 0.06914431323 -0.3321401725 -0.7313794254 -1.24107316 -0.4199365301
7.288996358 2.962297038 0.3156273711 -0.5763878739 -1.634740781 -1.731737006 -1.20926985 -0.1267585728 0.09685111515 -0.604783167 -1.24246182 -1.001390627 -0.5350925047 -0.4819429155 -0.4513917829
4.339730093 0.2267036162 -0.2876945341 0.1685077348 -0.4643581129 -0.3055768089 -0.8802829059 -0.6886618406 -0.5082882584 -0.1096994799 -0.3607672495 -0.108542892 -0.2120043455 -0.2670674419 -0.1436446671
7.686407954 -3.207622919 -4.977927528 -1.996344912 -1.218050109 -1.807711547 -0.9452482629 0.4833937142 0.2969692287 -0.7212956531 -1.132033231 -0.5291129869 0.06410700645 0.2358150237 -0.01483176332
-2.445724011 0.4561215389 1.970755251 -1.816752704 -0.9743902122 0.4091266188 -0.5062981105 -1.461168443 -0.8604019027 -0.2102161316 -0.5024241411 -0.286694344 -0.5268815086 0.01353884711 -0.844917258
10.43738672 2.030882409 -0.3968898887 -0.450490545 -1.709568811 -1.872269989 -0.500537302 0.8583564631 -0.6988500523 -1.840020905 -1.038330417 -0.2324655969 -0.4684243908 -0.4202490623 -0.02519139691
5.54796254 1.852644465 -0.0723577351 0.2186291319 -0.2419028027 -0.5554157811 -0.919137362 -0.9424232152 -1.18460936 -1.142112852 -1.091848115 -0.534253201 -0.4053305776 -0.2679023 -0.1603723994
9.793536055 -2.499026907 -4.797017243 -2.024388088 -0.8967135095 -2.554911669 -1.302518889 1.272858069 -0.09302548604 -0.998695226 -0.7255355603 -0.2461897325 0.2615420742 -0.02671562596 -0.2392695765
1.547216389 -2.680946102 2.675521589 -0.4602190436 -2.494278751 0.8758364271 -0.1301375823 -1.824492937 -0.4592413671 0.447971173 -0.9566102884 -0.2631109359 -0.1202715309 -0.6159194589 -0.2739298041
8.587034139 2.525833904 -0.442307494 -0.5697257332 -1.441283821 -1.773433832 -0.7533130894 0.3633069817 -0.3807045094 -1.474793415 -1.400822106 -0.6658815914 -0.2306961807 -0.1532936031 -0.2856556477
3.499752746 -1.908769187 -1.07600804 0.9581504037 -0.7350784783 -1.724750952 -0.7217313463 0.7852486279 -0.2347678767 -1.189691677 -0.5792236435 0.5939607317 -0.4220033542 -1.429820384 -0.5439363294
7.427322337 -1.740739877 -3.269398424 -1.621231381 -2.518099699 -2.68303814 -0.5764425484 1.293744911 0.6501789047 -0.3721578272 -1.055469029 -0.6396223444 0.2702330746 0.4969572865 -0.1053888715
-0.4366553757 0.6954434359 0.3609449113 -1.966794832 -0.6872931577 0.05616243785 -1.728167621 -0.4842688551 0.05756752709 -0.2861213866 -0.120392826 0.3936205275 -0.3463026883 0.05777835103 -0.1932858316
8.317315181 1.647915664 -2.048949606 -1.878403941 -0.6592940744 -0.2693436446 -1.634232084 -0.806263502 0.08668442868 -0.6306372648 -1.430366191 -0.9384799095 -0.03217498973 0.332453958 -0.3216201507
4.168455512 2.094473993 -0.09220342691 -0.4875483893 -1.68302599 -2.124081492 -1.885362425 -1.542221288 -1.329916289 -0.9812844411 -0.6585362747 -0.01686149584 0.282646508 0.3299144732 0.3834588848
8.551362948 -0.7392220534 -4.093830071 -1.825950252 -1.072551336 -1.584753124 -1.541693425 0.04936302011 0.4347845508 -0.4844650065 -1.25307309 -0.706159037 -0.03780275983 0.1632015803 -0.3892686672
0.08645083165 -2.736863644 0.4208213664 -0.1644395531 -1.827537822 -0.6738952795 0.6373189425 -1.5175072 -0.9749271631 0.7890762986 -0.1822214261 -0.5096767626 -0.5767239409 -0.7548765981 0.1936802764
6.860111537 1.874133991 -1.031646617 -1.598949351 -2.488524444 -2.041037181 -0.8510591525 0.1367957313 -0.464253215 -1.086327094 -1.164709327 -0.8066268658 -0.6599026447 -0.3906900626 0.1469468305
2.857099668 0.3991912631 -0.7551743555 -0.7500627448 -0.7292655827 -0.8687257591 -0.7679598518 -0.6610045485 -0.2611952762 -0.2991507735 -0.1134434619 -0.1553477693 0.06368294256 -0.2220223684 -0.254498313
6.495183731 -2.134249559 -4.993495894 -2.552243485 -1.688774262 -2.123373618 -1.065919382 0.7312861825 0.4046611066 -0.7180304461 -1.012970862 -0.2384897279 0.3222364477 0.1429383711 -0.2088037319
-0.02662531023 1.197864248 1.812920651 -0.4220574288 -3.74080869 -3.107106416 0.3146612207 -0.4238940608 -0.7785486273 -0.6827562111 -1.595842451 -1.067012609 -0.8022564502 -0.9947163602 0.3136537655
