5.363015766 -0.4018990103 0.6198039183 -0.5553751055 2.097215155 0.9540237111 -1.194697113 -0.3505624523 -1.342268267 -1.589928793 -2.268426227 -1.181875858 0.3070185839 0.5625058068 0.3217790176
6.430899578 2.664931764 1.599525887 -0.3630219512 -0.1540930086 -1.635001224 -0.558404809 0.972141225 -1.144962349 -1.158079403 -1.474155829 -1.341703433 -0.8567912875 -0.2252975456 0.8312846032
1.07456134 -4.937046472 3.952800888 1.361510308 1.045714612 -0.4590048523 -2.391699766 -0.549735845 -1.143767995 -0.6322762984 -1.987234822 -1.775424455 -0.7311640901 -0.482024746 0.5304937818
8.746779588 -1.713404962 -1.660739752 1.347004299 3.098230737 0.3088559398 -1.93926711 -0.7535544722 -1.83625953 -1.833131959 -0.7432278519 -0.7311907218 -0.6279865486 0.05417662662 0.3688847057
-0.7302468861 -0.7210055378 2.872511223 -0.9058824898 -1.130248931 0.1167219388 -0.6748377778 -1.014864619 -0.979851904 -0.3948120697 -0.912029987 -0.3851366738 -0.3232504773 -0.3752180671 -0.2121591363
5.301328467 0.7441317125 -1.216174295 -2.705321942 -2.068008712 -0.8488576944 -1.280801158 -1.258351952 -0.7369514994 -0.1871172407 0.4713710701 1.166105639 0.6629907714 -0.0729398155 -0.356240191
-5.648415619 -5.867410213 0.7044914789 0.3537521414 0.3157179692 1.220812144 -0.857570622 -0.5841969711 -1.189656965 -0.3043156202 -1.110561608 0.0864145394 0.2191594418 -0.2079133652 -0.1624510983
6.243491108 -5.363686122 -3.41475704 1.739922475 -0.02395828402 -0.5050259257 -0.2832450734 -1.690510901 -2.127753608 1.200187216 1.591353805 -0.6513379556 -1.215693953 -0.1623684567 -0.2602531109
0.7288885312 -3.777252893 2.131233212 1.211990883 -0.6350221843 0.3499187603 -1.469059959 -0.6976032896 -0.7922415387 -0.1546014347 -0.511132453 -0.1100686985 -0.1794686083 -1.013773784 -0.3622709447
8.072659419 0.122946928 0.897925564 -0.2233777707 -0.8486512158 -2.1571379 -1.779110792 1.408117814 -0.07066558026 -2.163571286 -1.372801992 -1.01617849 -1.184142074 0.7697145428 1.220979257
-3.545152847 -3.958638959 3.772245211 2.894045121 0.6840394664 0.1776817251 -2.470500471 -1.318609552 -1.376209216 -0.4562725222 -1.330416104 -1.178124216 -0.7640061256 -0.854919929 -0.01559553819
6.538117242 -0.6711404315 1.137328872 3.000576364 2.857489167 -0.5138007838 -3.063367195 -1.252065464 -0.8055968823 -0.5700048846 -0.3992019812 -1.435607354 -1.740689522 -0.06500161589 0.5885587248
-2.209076373 -5.073355427 1.08431588 -0.356891381 0.4992096909 0.3322608257 -1.127196823 -0.788916781 -0.4868886086 0.2627412701 -1.057031467 -0.3546098601 -0.3232663754 -0.2828034821 -0.219975787
3.415185515 0.8140336733 -0.2359317448 0.04686608813 -0.2198919118 -0.3392521834 -0.8307568611 -0.6797947393 -0.6157773364 -0.2515850045 -0.3191760536 -0.2050451625 -0.269736572 -0.3476778956 -0.2073564488
-6.78762355 -5.704944901 2.298388278 2.26062425 0.4103675822 -0.266612959 -2.561752604 -0.9513293155 -0.5374768579 0.5657239165 -0.5524171319 -0.8574444026 -0.5774559085 -0.767697627 0.2301440628
-0.7713094897 -1.926687439 -2.477935045 3.486460732 -0.8577435484 -2.498375155 -0.7626148218 -0.4814321701 -0.03336580836 0.6570560953 -0.7830354342 -1.002697885 -0.9887124172 0.459868138 -0.5679610229
6.219680376 -2.417074048 0.2780304782 0.7242211931 1.617841114 -0.09220763524 -1.509252154 -0.923991036 -1.749569951 -1.877713798 -1.486354348 -0.3796816267 0.04832085392 0.4536569522 0.4471076682
5.25728343 1.602654482 1.714173612 1.257445316 -0.2615149818 -1.028028596 -1.468333717 -1.367147782 -1.51665792 -1.386124236 -1.244567988 -0.7027235582 -0.8284378034 -0.4958480504 0.1413405598
-0.5066169355 -6.934202812 2.205237708 -0.263751572 0.09383963732 -0.3801125354 -2.138535974 -0.650785581 -1.104678521 0.0598290535 -0.7153711371 -0.6402199458 -0.02463138543 -0.7428602206 0.1039322617
8.676822478 -3.752241823 -0.8154614452 2.910620381 4.321518118 -1.655372803 -2.832951804 -0.3560839427 -2.528287062 -1.758623472 -0.03384407042 -0.9638982027 -1.557811047 -0.012410541 0.8287731673
-2.988067059 -2.679130101 1.840960523 -0.648197396 -0.818989308 -0.09882095766 -0.7334550322 -0.9820617775 -1.084250871 -0.2149540355 -0.6282354681 -0.1721887266 -0.3284760751 -0.2632845295 -0.2886178256
5.271769625 -0.3676429539 -1.358830651 -0.2684933749 -0.9995705721 -0.5819074803 -0.8353233511 -0.8226660643 -0.6040882302 0.02963575348 -0.220245127 -0.1323502385 -0.4178755118 -0.4591998849 -0.2145951938
-5.232109468 -5.731587374 1.820214884 1.458214229 -0.1869109181 0.008610864659 -2.264420836 -0.9521455574 -0.9199194221 0.386724261 -0.2841244814 -0.4194247467 -0.4005505814 -1.132441558 -0.03277734444
4.46772813 -4.242222631 -2.67730969 1.664881462 -0.2927181031 -1.132629217 -0.8400701488 -1.472808644 -1.568362506 1.135264338 1.109973029 -0.88772151 -1.403170049 0.1705298019 0.199017613
1.669337663 -2.658630231 1.501901704 0.2693965826 1.598674567 0.6599756309 -1.012998529 -1.103815796 -1.992912039 -1.740097056 -1.671656002 -0.4117367374 0.0007554439883 0.477074599 0.04805333994
8.255696048 -1.428036542 -0.2715903571 0.05716158456 -0.5028702476 -2.300549834 -1.833535802 1.195639101 -1.004049976 -2.148777894 -0.5543207209 -0.7661650797 -1.009296581 1.093085759 1.082319093
-2.450830225 -5.578604323 2.912423143 1.655511903 0.5278552458 -0.3506204614 -2.343439599 -0.8790293201 -1.038853243 -0.2074732328 -1.296517933 -1.334398221 -0.6554914307 -0.8376661581 0.187120204
6.199115907 -2.840061424 -0.6788135466 3.870168114 3.556725622 -0.9674583641 -2.509017596 -1.099905782 -1.900044161 -1.494636783 -0.3792072178 -1.103287754 -1.633957503 -0.2611165346 0.7426893201
-2.886612034 -5.019677858 1.388364751 0.6303883842 -1.087238238 -1.033875288 -2.890973364 -1.354945069 -0.7313329363 0.7677433626 -0.03782143207 -0.004534781138 -0.3879578429 -0.8021609317 -0.4750879529
3.085312533 -1.212534767 -0.3518930637 -0.8179750764 -1.136255404 -0.001572037636 -0.6679143207 -0.9631653444 -0.8082080552 -0.5291643256 -0.2171911649 0.2242130697 -0.09855675216 -0.04332414928 -0.2009621891
-5.357913644 -5.306584283 1.563655815 1.157858555 -0.6457890268 -1.39748973 -3.520607494 -1.466950979 -0.2657516493 1.134900733 0.2026302262 0.08649340566 -0.343191661 -0.7163453427 -0.3941537219
0.3801549754 -4.237076558 -3.073100744 -0.07034186562 -2.168485267 -2.463888632 -1.991470322 0.01831134633 -0.1472452591 0.6629239322 0.9352198096 -0.5401471564 -1.022664867 0.5209567386 -0.3873208228
