12.2545084 6.106204721 1.377040498 -1.372455996 -2.021204948 -0.9210962251 -0.3991279038 0.0735250334 -0.1849620935 -0.7440107395 -0.8639995463 -0.555489782 -0.2567300245 -0.1161512182 -0.1855658496
5.009628061 2.585211195 2.319289882 1.565170736 0.3790305126 -0.04670001619 -0.5084870135 -0.2486150395 -0.5863431654 -0.8265069949 -0.4364157587 -0.1650229707 -0.3497290695 -0.5078464776 -0.314548477
8.033807111 5.34431331 3.167299244 1.356035096 -0.4650665146 -1.157190978 -1.175160615 -0.3931958475 -0.1523274793 -0.4654576641 -0.4127483008 -0.1107658281 -0.3244396415 -0.7050427577 -0.4432933882
6.708626953 -3.813920231 5.70765153 -1.521989997 -0.6532822093 -0.1853743832 -1.918581271 1.349353005 -0.5759922413 -1.17994729 -0.54437132 -0.9371359615 0.2858187747 -0.1162676615 -0.4724149189
11.21076998 1.812653715 -0.2600307402 -0.02068503918 0.5342397721 -0.5649359233 -1.598006945 0.01375011861 0.03757149105 -1.110322177 -0.9275051898 -0.138513125 0.2445923424 -0.5876045926 -0.7614187076
2.315885413 0.6856629844 0.08730636985 0.6022407578 0.2448903899 0.2108174491 -0.1817718976 -0.1161937971 -0.4077089303 -0.5748170693 -0.4408292099 -0.4527083052 -0.5426017743 -0.418164317 -0.3420415868
8.743706003 1.496033201 2.896019124 3.688075715 -1.0204834 -3.581470368 -0.1845800187 1.844447369 -0.409862673 -2.036614692 -0.0446902364 0.520149147 -0.7222936215 -1.046510201 -0.2516925593
0.2674373292 -1.124836415 3.795452757 -0.005833050368 0.2216902028 -0.7973854585 -0.3710527342 0.8889795864 -1.511644415 -1.040043249 -0.2513291498 -0.5882592584 -0.4697672274 -0.4216397309 -0.2915455197
10.73443575 4.615744535 -0.9330587378 -2.302036997 -1.409692468 0.04694390306 0.1199200136 -0.3836207173 -0.8380520375 -0.6680384084 -0.4073217197 -0.2805747295 -0.4156570294 -0.4597929943 -0.4299090944
2.305440794 0.06840314909 1.257147232 0.9763310494 0.3309631495 0.6668319542 0.001859747956 0.06605474532 -0.3065741269 -0.6572957621 -0.3778011085 -0.2548550054 -0.5146487293 -0.5890324284 -0.4794177569
6.278616158 4.436443291 3.216784071 2.007618803 0.2619155996 -0.7187949582 -0.9969010698 -0.4502627359 -0.4000910299 -0.8493102734 -0.4994189284 0.1999509789 -0.05996601139 -0.7219607086 -0.3003589134
2.205600898 -3.525427957 5.627061895 -0.7245738436 0.4205861165 -0.4896791295 -0.7292754391 1.151854886 -0.89500076 -0.6840125393 -0.2025238595 0.1096676225 -0.7051471071 -0.4232294471 0.25990311
7.217769684 1.362418033 1.181262402 1.966860206 1.445851466 -1.294357652 -2.084738799 -0.1504229172 0.4730544007 -0.8606549702 -0.7458833121 -0.6993621866 -0.4547401817 -0.5017274605 -0.5187962903
0.6222198165 -1.744705508 -0.5902139366 -0.66238352 -0.2397601619 -0.3881792451 -0.3332355231 -0.1511000576 -0.08637211933 -0.1808571419 -0.09036251886 -0.1309406792 -0.1725100481 -0.09729794819 -0.03697544871
3.052063592 -1.234904626 3.278332029 5.095949469 0.5247213776 -2.899644597 0.2276660236 1.948980405 -0.6700887222 -2.755557818 -0.2575134835 0.7885048981 -0.6213789481 -1.187493076 -0.03708330015
-3.174168815 -6.153813194 6.718003922 -1.101400422 1.285694632 -1.030147785 0.757993673 1.940110491 -0.9937195569 -0.2500626702 -0.7302835521 0.3007199261 -0.6541912776 -0.3296709507 0.1331954465
9.557361422 5.806059993 1.661539721 -0.6355244515 -1.611496272 -1.033542689 -0.4391585495 0.07247320406 -0.09360912294 -0.4671525149 -0.7139721023 -0.5865170357 -0.3670819363 -0.1734722119 -0.1834464063
3.764675979 1.344413995 1.947584044 1.288588916 0.351505305 0.270104971 -0.3349624932 -0.08917576792 -0.6080561665 -0.9143216542 -0.3963315375 -0.251622134 -0.4409916934 -0.5670748199 -0.2996584612
7.205599564 4.640496014 2.288885729 0.6040388968 -0.7555248943 -0.8994877284 -0.8092605148 -0.3054615275 -0.212689132 -0.3728184365 -0.4092274445 -0.3054868178 -0.4704109045 -0.553695234 -0.3183475732
5.06430935 -2.782282277 4.19645301 -0.4037702437 -1.408810933 0.07040299931 -1.60210134 0.5516280327 -0.244304697 -1.318941291 0.2595370763 -0.09339400151 -0.2788370216 -0.7072904022 -0.7591710006
8.476030583 1.745191727 -0.2570352748 -0.2522500962 0.1078400472 -0.1505535576 -0.8094913728 -0.3307538407 -0.3365393469 -0.6076089855 -0.5557500526 -0.2872510511 -0.1132216428 -0.2917503828 -0.5044080384
1.882907731 -0.09053648399 0.2630326736 0.6237748586 -0.2209952758 -0.2342523786 -0.2805160876 0.02606750752 -0.5571516617 -0.8137416701 -0.3841223674 -0.2993395156 -0.4660691755 -0.3460533073 -0.312447543
6.793847232 2.353007731 2.595166699 2.958565956 -0.9056072357 -2.847998472 -0.5003844865 1.231293804 -0.5540864831 -1.635355176 -0.08249450849 0.5323825138 -0.7749015786 -1.151206499 -0.2226773064
-0.715854199 -2.305613517 4.512316268 -2.048391719 0.09334596634 0.105265445 -0.8481502128 1.091184163 -1.458722556 -0.9419914962 0.380689777 -0.5164824757 0.4117171733 -0.9473576949 -0.1788550906
8.359936996 4.146841125 0.09407193293 -1.270755736 -1.526098227 -0.820698221 -0.4113044652 -0.3149981686 -0.6624924266 -0.6830061485 -0.4569793617 -0.2654695835 -0.4143988166 -0.4657370018 -0.3442342786
2.099535007 -0.1325532715 0.7018380478 0.4173719369 0.3890029343 1.038658196 0.0593822057 -0.2064498834 -0.4181297689 -0.582355887 -0.3208337985 -0.2310784908 -0.4210823134 -0.4999990747 -0.4225959652
5.737020168 3.703044276 1.991768697 0.8614044608 -0.2950107573 -0.6546171057 -0.885082365 -0.5303312841 -0.5032997132 -0.5309388306 -0.3761389686 -0.167840515 -0.3067540444 -0.4599015925 -0.3693224949
1.533838951 -3.166737547 4.459485109 -1.425740166 -1.326864664 -1.030075235 -1.228318825 0.5811018706 -0.5569783728 -1.025652901 0.3245651466 0.3311907537 -0.5999943826 -0.5438567701 -0.4288691573
5.578104778 -1.238919916 -0.2044968092 -0.5412426073 -0.4763402208 -0.3891736976 -0.4672558406 -0.3004906583 -0.301378115 -0.2888038376 -0.2523617436 -0.4048596999 -0.3652239096 -0.2334137298 -0.3189715322
0.6377617096 0.3611597254 1.396557786 0.01515840423 0.3428170298 -0.2551902724 -0.1649463315 0.3827535609 -0.8772631236 -0.477972435 -0.4478760368 -0.7136889993 -0.135591201 -0.8064638139 -0.3286179447
3.254764969 -0.1229501922 1.86369446 2.510071574 0.2469241547 -1.747380674 0.2523888813 0.9204217695 -0.5726330044 -1.488876859 -0.1313643653 0.3421535597 -0.6938906815 -0.9211931198 -0.1663730354
-4.160573455 -4.290849729 4.938425312 -0.05410671224 -0.6459542704 -0.9974970172 -0.766861229 0.9567093383 -1.447262713 -1.021957558 0.4238996554 0.07846713276 -0.3684765914 -0.3861408122 -0.1005874448
