8.283133752 -4.738167711 0.3229001795 0.5750483886 -1.489266282 0.8940730667 -0.463349107 -0.05692475972 0.7269193187 -1.190745315 -0.255090883 0.3078114059 -0.9293726265 -0.1330215456 -0.1335848442
10.47019782 -6.098933731 1.234827116 0.8872417281 -2.118783597 1.440233456 -0.8658657388 -0.3390852705 1.138624 -1.554451205 0.02403976638 0.1339057395 -1.064851033 0.004206520731 -0.3140816738
8.344795758 -3.055175828 1.602959686 1.712214504 -1.147463099 0.6415305135 -0.8889740093 -1.135353231 0.2106098584 -0.8404361525 -0.5532356818 -0.2453975832 -0.8943286278 -0.1924554903 -0.3238913565
7.754389693 -5.408176565 1.231300239 0.6126031664 -1.977197888 0.9922023261 -1.040493806 -0.941886127 0.6788584934 -0.8215787362 -0.08091271576 0.1250901961 -1.10099488 -0.1954841792 -0.4320444065
9.16861659 -3.052933594 1.611047461 0.9188940416 -2.293896088 -0.1962169464 -1.692462116 -1.340309503 0.762839572 -0.2753802317 0.02219075002 0.05396859056 -0.7829155088 -0.09068024087 -0.3861563347
8.92993441 -5.848286648 1.847173413 1.257066517 -2.373426511 0.3117173493 -0.6654140289 0.2792853063 0.7751850892 -1.64498887 -0.002223533582 0.4040226281 -1.177145772 -0.3062630682 -0.3194374612
3.799020256 -0.9265157977 0.1964010865 0.3298156695 -0.8058810955 -0.03143403596 -0.4038280659 -0.177561252 0.3214908982 -0.1265835797 -0.129530006 -0.1273076199 -0.6869262537 -0.3458822977 -0.2233433067
4.17504235 -9.450658071 2.907081891 0.9631381928 -1.220225132 2.048186538 -1.643034378 -1.762693066 0.7211292502 -0.7682131317 0.2798004935 0.2694972261 -1.309556424 -0.003284822851 0.04196834761
7.680614107 -4.781231876 0.3789095919 1.580963145 -0.5917531688 0.618389407 -1.682214 -1.588263482 0.4486345917 0.003849844814 0.7971398821 0.2467473843 -1.664157214 -0.202012176 0.1248312296
11.75979542 -4.524464225 2.295035034 1.156058245 -2.594351246 1.1368157 -1.508120192 -1.461815673 1.08342224 -1.325428252 0.04751381749 -0.4355639111 -0.8001602757 -0.1905252853 -0.1962100807
7.158439076 -3.192732151 0.2249580408 0.4498464176 -1.760872639 0.1365664202 -0.3706772205 -0.3731883641 0.3986590002 -0.5909601101 -0.4277361361 -0.2182836002 -0.9753568162 -0.3063102406 -0.2725654506
6.288634194 -4.331846698 1.821027932 0.5342959354 -2.13461239 0.8511361583 -0.7561710902 -0.7885477181 0.3739038204 -0.9645598057 -0.1753451423 -0.07628779605 -1.248200427 -0.2018791839 -0.3084536909
9.541631355 -3.883378564 0.246102368 0.0360928941 -2.264047 0.6946948655 -0.7966519453 -1.147604859 0.7238361074 -0.1939725258 -0.1042412581 -0.4833920798 -1.355389682 -0.1026717522 -0.04261116994
9.808544753 -6.56825247 0.9890361553 1.323425427 -1.585126519 0.5435407229 -1.672303151 -1.419184315 0.8632494153 -0.4445662572 0.9201515485 -0.004156572977 -1.771656122 -0.174380015 -0.1044158568
6.883338655 -2.381415442 1.337261604 1.457885923 -1.247896437 0.1335841332 -0.3581471752 -0.2723010644 0.2484296803 -0.6912982783 -0.3030884133 -0.3118991771 -1.301005299 -0.4816275018 -0.2513961691
2.442525689 -8.516214663 1.839876577 0.9995076324 -1.426702209 1.910365426 -1.646535942 -1.736219445 0.8673947699 -0.6101631552 0.216388348 0.4365250057 -1.299583636 0.02249255144 0.1253418831
6.933996389 -4.57260727 1.195623464 1.117879176 -2.051502657 -0.1579674668 -0.5479635734 0.2866843807 0.4839869769 -1.434412112 -0.1722683504 0.4413969916 -0.9851441167 -0.4157346923 -0.3135044302
9.78393701 -6.339883776 2.289944544 0.9228073489 -2.834112156 1.255394765 -1.154552528 -0.7681610295 0.8963183628 -1.545155102 0.04318709211 -0.03675718835 -1.209603216 -0.001104598877 -0.4903609725
7.179470094 -0.9724901465 1.438972132 1.048288687 -1.523814496 -0.4768205166 -1.278227961 -1.058480211 0.2716141586 -0.2932459037 -0.3739004549 -0.2448547618 -0.808162485 -0.2310959329 -0.1673583365
7.636350789 -7.318560907 2.624143829 0.3089337418 -2.528604601 1.750153485 -1.34032646 -0.9016598938 0.8853893314 -1.468272549 0.1326414091 0.3408490876 -1.282728831 -0.07182013893 -0.3835159328
8.358657616 -4.048223582 1.820665177 0.8412116082 -2.047290461 0.827850842 -0.6370069031 -0.3639432439 0.7576565372 -0.9915978519 -0.1872244627 0.04545383754 -1.137123805 -0.2307735591 -0.350803658
9.446211915 -5.114119018 1.510776291 0.6534825174 -2.260418231 1.068657587 -0.9628729341 -0.6422485985 0.8577833841 -1.169149812 -0.07675668344 0.105886428 -1.181546899 -0.2053041412 -0.3628741583
2.816064133 -1.333768827 -0.4045880005 0.05274871911 -0.7611261472 -0.242918639 -0.2396000096 0.1479871311 8.469938937e-06 -0.5369870877 -0.2015438374 -0.1347981349 -0.7071621819 -0.3944568544 -0.1777620151
4.220061458 -10.49925631 2.521091927 0.4348766975 -1.655011986 2.482012624 -2.087127433 -2.256476243 0.5309284749 -1.028850945 0.3631922238 0.5117486295 -1.081092167 0.04846430895 -0.08509663376
6.678526559 -5.983637769 -0.03117802736 2.265633035 -1.077907137 -0.9306695373 -1.813766341 -1.310569439 0.2029571225 0.1756813509 0.6717758025 -0.08879636089 -1.391047846 -0.1519332915 -0.1357167001
11.83405678 -5.510547983 0.7953620883 0.3615301151 -2.584572924 0.9407302613 -0.9067234107 -0.9072686756 0.8218918109 -1.677748083 0.1926136634 -0.1642931184 -0.8375919888 -0.03335215574 0.03532829743
8.045786985 -2.358144456 0.001443798913 0.08016590995 -1.764291399 0.05633921332 -0.970581752 -1.187995148 -0.1394364538 -0.8989456834 -0.340701317 0.2816277509 -0.6595311327 -0.09373418783 0.2464665946
5.012894617 -6.794029138 1.714858659 0.7222053624 -1.709053918 1.21530521 -1.593569945 -1.468485806 0.3550218394 -0.9402330979 0.375765903 0.2227190067 -1.740548658 0.008931639094 0.3103658505
9.44524109 -4.663349688 0.2958362365 0.8903623642 -2.383544365 -0.4583502843 -0.7619774556 -0.3050182127 -0.003231891055 -1.602216912 -0.1882438207 0.1874402299 -1.000124139 -0.05117164018 0.07031744138
8.064301468 -7.604729555 0.6953930207 1.725502409 -2.029381979 -0.908320676 -1.929284472 -0.9812373247 0.8552602072 -0.1082092904 0.7006050972 0.04424713929 -1.556876812 -0.2113196825 -0.2696019889
4.65631289 -2.529046714 0.5045758243 0.3433570299 -1.022793433 0.1334343099 -0.4968572994 -0.1681587024 0.1801954322 -0.753157282 -0.257826173 0.06264156083 -0.8285014988 -0.5057542041 -0.2097960184
1.15528384 -9.683395648 1.543240748 0.8784138785 -1.516434092 1.821633012 -1.839893051 -2.146720764 0.4567932167 -0.6030946155 0.2199256166 0.3336394464 -1.215010712 -0.1941832007 -0.05166546421
