2.33168047 3.231631014 0.3022614739 0.8607995964 0.984578234 0.8351584708 0.2174889135 0.1016159901 -0.05776634143 0.02798918143 0.02637114978 -0.1034253365 -0.2400934037 -0.1260911211 -0.02180765399
4.909271392 0.7940944278 0.0918755218 1.665219589 1.217378973 0.6717122511 0.1630324079 0.3272033069 -0.09617813193 -0.3071420335 0.05018846037 -0.1752303173 -0.5671394226 -0.05089941951 0.01294663393
1.800969792 -1.701406244 4.928174685 1.580237133 0.5646923829 2.586179842 -0.2413519926 -0.1834197638 0.7010820393 1.169380805 0.8688030041 -0.5130524561 0.2051989644 1.123866336 -0.1510857329
7.814273906 0.9579887958 -1.420618037 0.4426939686 -0.1725984565 -0.3740407165 0.7151001902 0.8575363192 -0.6405126857 -0.9275123737 -0.8520680789 -1.341622117 -0.878977859 0.5289599485 0.6458693126
0.7685256051 2.308668188 -0.5508102516 0.2008314415 0.8090956979 1.23243717 0.7809641911 0.4897156197 0.2643389659 0.3365245431 0.2234279356 -0.007423812365 -0.1945417181 -0.08023487966 0.02364906008
2.866986783 0.8557153554 -1.806930114 0.1452968142 0.5861991927 -0.0287561008 -0.5997398917 -0.4375693885 -0.1181267055 0.5228846844 0.6298071685 0.2000816786 -0.04526347622 0.3684849341 0.2755536315
0.1991386641 -4.431874572 1.179161623 1.571962184 1.979026927 0.4885767903 -1.535920371 -0.2656789936 1.611009644 -1.050721634 0.3165682125 0.3705803967 -0.8768799511 0.5509638337 0.157838044
7.900920448 0.9806880308 -2.015930894 -0.9326956657 1.788248159 -0.1910476041 -0.4073723173 -0.7454851002 -1.084856274 1.045714226 0.8395546693 -0.2477187163 -0.4322558005 -0.1343956833 -0.03133044474
0.5812273923 0.710518609 -0.7431036947 1.624692393 1.207021142 -0.08964838457 0.1605960739 1.651406955 0.9662415558 -0.6680450151 -0.5114443871 0.8593231976 0.6456562782 -0.6879010115 -0.8673115691
6.597352127 -0.8692951205 0.9797495296 3.404522362 2.926069362 -0.7858743572 -1.6392412 0.2550181968 -1.161449706 -0.3998409067 0.3868605232 -1.403700281 -1.509072963 -0.124433591 0.180465106
2.258082608 -1.926149874 1.181417746 1.312970411 0.5784729344 0.4544975848 0.3696876085 -1.076633303 0.3932609755 1.181230271 -0.1105272722 -0.3492298801 0.007255075571 0.07069092981 -0.08571494536
11.77380498 -1.256130589 -2.487083164 0.4901990706 0.09321973473 -1.482335933 -0.147520963 1.136138952 -0.7256392747 -0.6724509555 -0.05712651122 -0.8676060677 -0.7435533303 0.4194363038 0.2672419318
0.4732594788 2.033404124 -0.8105465369 -0.1174945695 0.5170084479 0.9969928589 0.5403489171 0.2111677522 -0.01592292024 0.06431376701 -0.1149998042 -0.3726612521 -0.5178468722 -0.2945987783 -0.06094964077
1.589890708 1.060458513 -2.185289749 -0.4361599952 1.240733507 1.76221 0.7662310338 -0.2646940181 -0.8196565718 -0.2187578683 0.2758785857 0.3703299078 0.2270523635 0.06530046392 -0.09829099777
-0.1467388915 -4.554195328 1.748631312 1.634526147 2.519760765 0.7463371803 0.3896110443 -2.33711312 0.7156502234 0.9414301997 -0.2059129732 -0.1692709255 -0.2674621321 -0.06506604661 0.1435418224
8.484330173 -1.451223691 -2.545282899 1.397105688 1.366436833 -1.422423386 -1.361973004 -0.1077934878 -0.9970880215 0.1123938742 0.8422950983 -0.2022134572 -0.6159584191 -0.2238967395 -0.015898252
0.5372652282 1.797790874 -0.7350641842 0.2995135877 0.7019732637 0.8167148672 0.332633041 0.1629888663 0.02520753364 0.2039014173 0.1519598207 -0.03949128374 -0.1804958213 -0.08754910711 0.01447962839
4.295631498 1.000292812 0.3465373666 2.653045821 2.060455558 -0.329173818 -0.9428391277 0.04969991722 -0.7773314178 -0.3934558508 -0.2019644304 -1.224514889 -1.071848475 -0.158137324 -0.0894400508
-0.525533914 -4.159842478 4.894420054 1.26071065 -0.3974539048 2.122029457 0.0108996251 -1.243022305 0.7497387855 1.211568382 0.3842395735 -0.5010737966 -0.2403615936 0.7088101298 0.1195768174
8.614608787 0.5405488961 -2.446991146 -1.104462587 -0.2997708708 -1.539123678 -0.1340451082 1.035224983 -0.675628777 -0.05151815588 -0.1632102298 -0.5534577453 0.006391800004 -0.1277235428 -0.1344514959
0.1102942117 1.763387392 -0.96126341 -0.2098838103 0.4713659508 1.039697449 0.7018361617 0.4786067332 0.2993401676 0.4084031717 0.2723306443 0.01108871129 -0.1846555471 -0.0919187793 0.00181837773
1.394244662 -0.8713933742 -1.678488118 0.2110135123 1.020394522 0.3658459766 -0.1571559968 -0.4682242397 -0.1444993265 0.565853618 0.5246241064 -0.561922288 -0.4656486234 0.566247867 0.2733177543
2.347450648 -4.280297741 -0.8412242943 1.445602567 1.322448468 0.5507498156 -0.8979761923 -0.2572550265 0.5464939109 -0.6573282788 0.6826066662 0.5805446577 -1.122146876 0.3811610149 0.3330252959
6.849264491 -1.196881203 -3.406226698 -0.3596372395 1.725471809 -1.290512494 -1.036828883 -0.8006204978 -0.9062036299 0.9851638986 0.6996228803 0.2674702828 -0.4984828177 -0.3128970182 0.2709571539
0.4178106895 0.5026735213 -1.025226223 1.327368475 0.83235199 -0.2495155185 0.2308415514 1.569415067 0.9166331105 -0.2897794127 -0.07723017383 0.8923771259 0.3984738009 -0.7347736377 -0.5651778319
6.331714558 -1.307453594 -1.127118128 2.596355591 2.156301106 -1.241853903 -1.918025645 -0.3158981623 -0.9580698663 -0.08709436802 0.3505103381 -1.036560735 -0.9985064833 -0.1448240179 0.23213588
2.756541805 -3.738877743 -0.8238036722 -1.438611715 1.694307271 0.419132224 0.6691973397 -1.698477291 -0.2649528554 0.5875206973 0.982315332 -0.8842886382 -0.8986942348 0.4555166808 0.08879707175
9.413075819 -0.9131072388 -3.559934046 0.007567666225 -0.2251612617 -1.600244561 -0.1734131786 1.607119783 -0.01631183816 -1.316330046 -0.601615262 0.3256820212 0.08225866385 -0.08883060427 -0.1687445367
0.03131272037 1.502817619 -1.303934784 -0.4489892033 0.2823798158 0.7465666559 0.3122504208 0.08997129221 -0.03322930151 0.1294592856 0.04964910323 -0.1608419546 -0.3050976296 -0.1491015435 0.01748579042
1.923196899 -0.7080376701 -3.788096538 -0.5814769207 1.989708656 2.57200612 0.9308975268 -0.6442839633 -1.310141229 -0.4103396342 0.659282764 0.8354809566 0.1706563896 -0.3419652096 -0.3625374051
-0.8820331919 -8.018342667 1.635642412 1.349161596 2.086248459 0.4697866002 -0.5429783038 -2.374964714 0.4124470538 0.197069974 0.08291694532 0.4177597685 -0.7526867824 0.1402054368 0.1602852843
7.960128999 -3.726222004 -3.566087953 1.07181768 1.16063067 -1.574597955 -1.015435724 -0.1244735794 -0.9935281507 0.6052320529 1.214225113 -0.06506634491 -0.8882272276 -0.08144651219 0.2775632505
