11.1481698 -4.90882406 2.674348678 2.926228425 -2.374071847 -0.563057938 -1.633205798 -1.49140387 -0.2604817787 -1.98713911 -0.9803008948 0.2923248105 -0.9000838891 0.05026300942 0.3541303983
1.567852346 -8.387800462 3.291150229 1.424479575 -2.298640056 -0.005037963928 -1.733906969 0.5039534443 0.9557828452 -2.237028996 0.05621854203 0.7527081587 -1.05950497 0.04178242147 -0.1987717652
8.486555544 -5.184635532 1.600036862 2.289325445 -1.955263893 0.3034096967 -0.7440636315 -0.9428340298 0.3158421243 -1.351896526 -0.6963718325 0.2133617134 -1.200532206 -0.3238586452 0.03632085288
0.3589877834 -11.05008445 2.93979863 1.803739104 -1.57969948 0.8941445304 -2.560700858 -0.8234549685 1.651655745 -1.210428519 -0.3177236876 0.1054082007 -0.9503693665 0.5399029425 0.1033616738
6.411361819 -4.361830691 0.6257641332 4.376351153 -0.8213532791 -3.300482754 -1.878581092 -0.8189095046 -0.7660796136 -0.607159643 -0.4010693063 -0.1817573438 -0.03427294918 0.3002105569 0.1387745468
4.068813692 -6.580010534 2.616662545 0.2900054322 -1.82946299 1.063711245 -1.918989179 -0.8034815187 0.7650194158 -1.703792276 -0.1359815994 0.4730193926 -1.071603764 0.02818623994 -0.0314086395
6.179344771 -5.538375555 0.7584746997 0.9426607102 -2.025656524 0.4042370456 -0.8536807222 -0.5978936369 0.5535793225 -0.9327269159 -0.3238186451 0.2756279819 -0.8534413679 -0.1518916583 0.02343496199
3.676812105 -11.20412532 3.993296822 1.221925204 -2.023551268 0.9359920645 -2.664112621 -0.2670970905 1.493137353 -2.055030625 0.06643227065 0.2867902056 -1.055929649 0.3758147057 -0.433319372
5.74657444 -1.092383787 1.381311656 2.082564209 -0.8659208152 -1.061761934 -1.453420152 -1.329065994 -0.9080204543 -1.638165475 -1.265097358 -0.1725947938 -0.5428469122 -0.3504887943 0.009195935602
-1.030010639 -9.306514937 4.620013634 1.949033844 -2.989557326 -0.03493218485 -1.145273297 0.562935229 0.7968579011 -2.232050619 0.2888575342 1.030087838 -1.174869104 -0.05822268844 0.01121271477
7.322470508 -5.301314221 0.2676505843 1.649531243 -2.230995181 0.2823537197 -0.4596503521 -0.847252459 0.6511469556 -0.6906428352 -0.5073712963 0.5967024495 -0.8059730957 -0.3253847039 0.3097071272
-1.423237195 -9.918437092 2.251527294 2.181374705 -1.301411999 0.3899597601 -2.365496809 -0.7474415152 1.691599982 -0.7958354467 -0.5325621455 0.1326238274 -0.7451861723 0.2861609182 0.09011517514
5.867289631 -6.010378197 3.45605663 4.188385407 -1.421903781 -1.687130596 -2.833007168 -1.678719507 -0.1674884627 -1.602294523 -0.8584761168 -0.09911116247 -0.6401685016 0.7430924039 0.4850453703
5.656311915 -7.734523752 1.872269121 1.557621027 -2.571732347 -0.0299383714 -1.304374208 -0.06843036508 0.8817721079 -1.99111406 -0.3106585985 0.9582677556 -1.049081132 -0.2275707549 0.1039016856
3.602600941 -3.071728289 -0.2847271414 0.7125335902 -1.144008675 -0.3432837038 -0.5318373915 -0.4780194671 0.08188581449 -0.5252949401 -0.4091940219 0.2909720771 -0.4321960516 -0.3778353027 0.1245478498
3.332663059 -10.01052414 5.148991113 1.120469615 -3.067671038 0.767421183 -1.56021772 0.5086395465 1.06518815 -2.569021689 0.4393163895 0.9415080225 -1.417538872 0.1172427326 -0.1301820909
8.654988765 -2.512205381 1.81916943 2.230744225 -1.772869788 -1.046183827 -1.608654062 -1.472493899 -0.639732269 -1.826247756 -1.097134124 0.3030001341 -0.4662589131 0.04783663802 0.4631801986
-0.02874341952 -7.801150292 3.345875382 2.071119846 -2.51129027 -0.3018316285 -1.016987905 0.5988904238 0.6265706273 -2.241934518 0.0565281643 1.071870239 -1.129238077 -0.35081023 0.01960914814
6.82952774 -3.083314566 1.549011118 2.270927921 -1.177306863 0.02068636774 -0.686471354 -1.039466997 -0.2333512421 -1.43853857 -1.192842489 -0.1773586529 -1.173518956 -0.7214218709 -0.1294833341
-0.06521483249 -9.317117219 2.25620502 1.348962689 -1.197596523 0.9987371275 -2.480191938 -0.8456783549 1.455843216 -0.9857914851 -0.07956570999 0.1038419439 -1.19832368 0.3518869181 0.2346071911
8.167430296 -6.77780416 0.496720844 5.007257794 -1.474062266 -3.89590054 -1.699380804 -0.8976940158 -0.8930128904 -0.4671290997 -0.3041166858 -0.1097747972 0.05265769787 0.3140449723 0.2330763362
4.579047479 -8.387081585 -0.1188830258 1.282271164 -0.01347400028 0.6689033254 -2.501258578 -0.804807268 1.392255628 -0.8898633407 -0.2705241302 0.2510916476 -0.727576991 0.05445661325 -0.2165199814
5.016942931 -4.156704536 0.02232648776 0.9688908553 -1.568349868 -0.3155125673 -0.6236009183 -0.6991645334 0.1145032121 -0.6406039781 -0.5308938331 0.2173250652 -0.5848795907 -0.2971384467 0.3269305522
2.086767497 -11.07354903 2.650541876 1.305987541 -1.123073732 1.526060245 -2.74770964 -0.866193484 1.804424288 -0.9725680435 0.03287172622 0.06482555389 -1.191530347 0.3011897956 -0.1014439376
6.569108415 -1.188097286 0.8316341353 1.795866316 -2.228826837 -2.896516351 -1.15701523 -0.1939998517 -1.057346789 -1.727574376 -0.4873309891 0.3134228257 -0.6981975933 -0.4632065073 0.4063178582
-2.152097031 -8.107200532 3.772019138 2.049594887 -2.887508063 -0.3926984366 -0.773977658 0.6024141131 0.6449455949 -2.001410363 0.1042050007 1.069161606 -1.042818819 -0.2827929484 0.1199638997
6.888552979 -5.379525235 -0.07147469159 1.314683978 -2.326135882 0.06295913651 -0.7044677803 -1.191089926 0.3277440644 -0.9036613735 -0.6864467681 0.5498162565 -0.690556831 -0.3096971299 0.3859953624
-1.156809587 -9.123237317 2.028803086 2.666898994 -1.510449761 -0.4947683442 -1.789622749 0.04994854286 1.172342772 -1.32489547 -0.4825096731 0.2325335568 -0.72356445 0.1024219967 -0.09424268364
3.255860215 -4.961137726 1.90516048 4.42455781 -0.9808264837 -2.691241577 -2.308013524 -1.030313237 -0.6009251063 -1.312668042 -0.7935283266 -0.09495955352 -0.2613732354 0.4404927636 0.4165149839
3.192017651 -6.67414976 1.497395684 2.184590911 -2.145451612 -0.8102543293 -0.7678524733 0.1075988536 0.5116725759 -1.683090947 -0.5505095653 1.037503322 -0.6795539127 -0.6135497357 0.2032344142
2.291105388 -2.584932217 -0.6518012175 0.4693492073 -0.9869971749 -0.574860372 -0.4622814346 -0.4199736931 -0.207403591 -0.4149658986 -0.2744025787 0.1254712473 -0.3156225063 -0.2411205114 0.08322561027
0.7048416925 -10.2266486 4.966921 1.846981576 -3.035861679 0.1377164977 -1.323765036 0.5420646797 0.9114621868 -2.403714512 0.3590858973 0.9705397205 -1.27967679 0.04110979599 -0.0005393644162
