7.315205972 5.202712232 3.123704681 1.707861495 0.6371457817 0.035488819 -0.4479951883 -0.3896691177 -0.722233533 -1.045378251 -1.022903338 -0.4858977789 -0.1689013465 -0.1193316873 0.06894721237
2.463711563 1.47981577 0.5381426654 0.2140535277 0.3085483146 -0.05285075332 -0.5257829692 0.02136476831 -0.4942319126 -0.414497737 -0.2612078775 -0.08986992034 -0.06118895375 -0.3361617474 -0.3055534523
11.31838207 2.144584275 -1.059521405 -2.314783871 -0.3378773633 0.6316158448 -0.8705412857 -0.5427965619 -0.9599388114 -1.798409571 -0.552751217 0.5386302957 -0.3355358251 -0.3915771563 -0.2025646286
0.5444765011 0.8677715282 0.8868054935 -1.246951492 0.3960210147 -0.4281775258 -0.9343667237 -0.1434849101 -0.8536761969 -0.4148744837 -0.4143661712 -0.2277993036 -0.2629813332 -0.4375105206 -0.2083035193
11.28722107 5.318552821 1.175478692 -1.953056765 -1.894271147 -1.255695874 -0.4110251284 0.6541089761 -0.01609096673 -0.631145723 -0.8278199617 -0.4978444162 -0.1661974878 -0.2850613206 -0.1860707986
3.358800034 1.724371238 0.01475604049 -0.5512469115 -0.4138812106 -0.7467470651 -0.9839237594 -0.18778448 -0.6950575511 -0.4035586613 -0.1021738246 -0.05489154929 -0.06396877286 -0.243283278 -0.2419764442
10.92654647 -2.95000557 0.5386446697 -2.242586681 -2.531453396 -0.3012521059 -0.3069543152 0.112324109 -0.04897915875 -0.2583989574 -0.2463708645 -0.3841768184 -0.6210237548 -0.2828259358 0.4332627801
0.9959924163 0.2956911668 1.453203048 -0.1512214653 0.6743835404 0.02155947234 -0.5701408163 0.1341502233 -0.7422854346 -0.22435648 -0.316599167 -0.2290256374 0.01046074385 -0.24411561 -0.2249635272
5.212531167 4.306741922 2.866197727 1.764348566 0.8462202461 -0.08258945883 -0.5728845937 -0.3201872987 -0.4936135214 -0.7917583581 -0.748808363 -0.2275878234 -0.1021068188 -0.46936931 -0.2134126056
1.790725875 1.37315134 0.41950699 -0.7075190769 0.1818215073 -0.2914807146 -0.5716286632 0.08743716319 -0.692655139 -0.3050208759 -0.2161713382 -0.1083070859 -0.09044067926 -0.3437947575 -0.2192450875
8.053482243 1.676287595 -1.039224288 -1.6853617 -1.02095015 -0.3710007954 -1.392270985 -0.6324091941 -0.3511674098 -1.468187167 -0.8704511631 0.3352198851 -0.09293193814 -0.176812531 -0.1180512966
-0.5759290804 -1.480304528 1.586129131 -1.065747487 0.2342736226 -1.066422296 -0.9944040146 -0.0409995122 -0.8619180431 -0.2966507834 -0.4017438457 -0.1726476506 -0.1674766658 -0.3762735285 -0.1318350631
5.669165834 3.161694038 1.048243929 -0.5232697117 -0.8257110284 -0.6976025116 -0.6141761173 0.0887805574 -0.2884533806 -0.3187787815 -0.3395630527 -0.1442119078 -0.07562384789 -0.2693531664 -0.2221027241
1.287077521 0.5171089832 0.2306674532 -0.980453378 -0.294404439 -0.6927280928 -1.09179743 -0.3166307249 -0.8811345661 -0.3073415041 -0.2174839089 -0.1548129381 -0.1493349084 -0.4045136809 -0.2539796973
8.844239072 -2.074831042 -0.5188965169 -1.868063986 -2.580948316 -0.6283184407 0.2300053999 -0.01932476652 -0.3389981199 0.194250462 -0.528687586 -0.4493555159 -0.5175278555 -0.2990038431 0.4170697574
1.41124399 0.4234186656 0.2404174392 -0.3106132256 0.1476192778 -0.2841523798 -0.6585654221 0.06565167268 -0.7043173836 -0.5569467032 -0.4231208166 -0.2934683805 -0.1905799446 -0.4024686337 -0.2962643546
7.446543146 3.572358191 2.986748899 1.984982092 -0.01635872119 -0.0389758126 0.6911913268 -0.09557230132 -1.609012588 -0.7417396044 -0.3912325825 -1.475997184 -0.9268488177 0.9081987572 0.9403865253
2.252301359 1.046468178 0.3480684804 0.09106095058 -0.02338214006 -0.5693211705 -1.034298556 -0.3819743933 -0.780183511 -0.5202541578 -0.2854053875 -0.1806478046 -0.1006249742 -0.230525277 -0.1090965637
11.73712245 0.9617961622 0.8235098494 -0.1339541532 -2.576439208 -2.106945657 -0.7184963204 -0.03737682875 0.00974969059 0.1524600693 -0.7644167562 -1.314560152 -0.2264107241 0.3368905139 -0.001782030547
-0.4552625358 0.1939348314 0.7049993294 -1.702507927 0.230743524 -0.4310231044 -0.8140056485 -0.05041519531 -0.6942280624 -0.4945596981 -0.3964500904 -0.1710914166 -0.3370416811 -0.4457417968 -0.1814361582
7.999072514 4.516680709 1.147844465 -0.9510946002 -1.340928146 -0.9967607975 -0.5072391084 0.2797325473 -0.06433395673 -0.4054748408 -0.6550841796 -0.425493194 -0.1186544157 -0.2494358284 -0.2502109019
2.804533111 0.6478978087 -0.7226648819 0.1144840977 0.1026673274 -0.6593620602 -1.01906822 -0.2339729347 -0.7066984019 -0.5719790032 -0.09675268661 -0.02210746439 -0.2674960835 -0.4004822895 -0.1800762162
10.18225304 -0.8441993425 -0.1033588898 -2.072169153 -1.358963727 -0.4499189895 -1.901413861 0.27758316 0.10094155 -1.588373833 -0.2359926084 0.5279469706 -0.8071360015 -0.2109669449 0.4347776367
1.358253284 0.5248279545 0.7537413836 -0.2590081059 0.2547161871 -0.9530437733 -1.222062503 -0.5859769735 -1.338450431 -0.8416270535 -0.5436270887 -0.1473982806 -0.1480328209 -0.2206090859 -0.0984776632
3.658487677 2.759293012 1.797563436 0.8765416885 0.6789130569 0.08595856731 -0.4864045806 -0.1962803189 -0.5496662069 -0.4238621293 -0.4353567304 -0.2579225549 -0.1626079527 -0.3036331523 -0.2495958326
2.203994602 1.067835908 -0.301764846 -0.6370040052 -0.3665378929 -0.5868285117 -0.7610757399 -0.07872499304 -0.6937999078 -0.4540551185 -0.1857437805 -0.1174719147 -0.2026366566 -0.4007223515 -0.3061802732
8.575843326 1.891979834 0.07398869138 -1.05030957 -1.930207469 -1.573331167 -1.174659751 -0.08393293297 -0.01341688368 -0.7168600885 -0.9467722032 -0.3977135732 -0.2266779939 -0.03548873704 0.2791710507
-4.509247484 -4.772765594 3.700391101 -2.415033027 0.4162038892 -2.054471157 1.285845515 0.5817575605 -1.543504139 0.5038744801 -1.070358746 -0.5905485818 0.1505930141 -0.328053275 -0.2768931182
7.915050187 -0.1979241657 2.280645184 -1.955252006 -1.645492676 -1.187895094 -1.498403231 0.5705261879 -0.6195386628 -0.6181995005 -0.3037655425 -0.8416746636 -0.3606845043 -0.05774365507 0.08606418804
2.033290418 0.6971663871 -0.3671573768 -0.6715503058 -0.4661960369 -0.9060155194 -1.214939707 -0.6035483124 -1.124126455 -0.7713405445 -0.3558124085 -0.1167219405 -0.03407480616 -0.2519247124 -0.1749567091
7.344648384 -0.4949282098 -0.798583344 -1.870952995 -2.414944263 -0.5030125759 -0.1024856531 0.01902425915 -0.08001364428 -0.2321688655 -0.2017081594 -0.2617294062 -0.6977654207 -0.1383618084 0.2395701587
1.029562953 -0.2982122762 -0.06435570723 -0.5511364064 -0.1586526779 -0.9501086444 -0.9375362527 0.1360214609 -0.7691514815 -0.6423657835 -0.4115205199 -0.06572353458 -0.1429845272 -0.5250569253 -0.3091309905
