9.098520126 -1.351692649 -3.104937134 -0.5472142543 -0.2451766446 0.1478245983 0.3577883689 0.7950155785 1.012161714 -0.1069109154 -0.5411606955 -0.6284216305 -0.4387695757 -0.7146270469 -2.464058305
2.847244797 -3.078359805 3.085398322 -0.8329752656 -1.126464884 -0.08762809776 -0.7787608459 -1.122671644 -1.339958286 -0.2061726806 -0.03757901419 -0.4842782796 -0.1466367981 0.2874608069 -0.6525623542
5.536979927 1.416769514 0.4598735647 -0.2895670172 -0.6781585825 -0.5125485652 -0.9058217663 -1.314828001 -0.318090638 -0.1516971938 -0.1128346177 -0.1423477327 -0.3894921805 -0.3347101185 -0.6296504387
-2.101456198 -3.252357794 2.627820284 -0.6771505205 -1.647215113 -1.199400829 -1.647881809 -1.202166871 -0.2078443857 0.4793246658 0.1227148808 -0.5106842995 -0.219854517 0.9694117486 0.369755766
8.395354274 -3.521104527 -5.258259588 -1.453225655 -1.385347348 0.1339537647 0.4984634093 -1.091395804 -0.1447910042 0.563698193 -0.4612291308 -1.460942657 -0.045205224 0.4463488167 -1.518482166
3.280146048 -4.805731622 0.6373938908 0.2994086359 -0.6770417828 0.4310227684 -0.6193362441 -1.840514039 0.04793183986 0.8836415531 0.3852801364 -1.048975547 -1.687612771 -0.3237125334 -0.8153834853
5.034411788 -1.821278492 -0.9350963004 -0.2131939071 0.1965859097 -0.883167844 -0.06061878505 -1.572608376 0.5311511302 -0.09048109236 0.07654520889 0.04430932788 -0.1662942103 -0.004030887377 -0.9866952714
-5.352427785 -2.477393215 4.833732867 -1.168452696 -2.231142328 -0.6801296952 0.02297411769 -1.074683317 -0.5948102048 -0.5165873654 0.2156642628 -0.1592957795 -0.6255695592 0.07100060332 -0.1481888222
6.706458019 1.594450239 -4.070817396 -2.361257544 -0.3828693479 0.6776591406 1.443595207 0.09277990446 -0.5485201782 -0.975571793 -0.3414462217 -0.006068404735 -0.7732443838 -1.132933307 -2.075198746
2.049483412 -0.7986172193 1.854934414 -0.5061529062 -1.374250216 -0.56307009 -0.9652889184 -0.8671979061 0.1435996224 0.2423537936 -0.08379292913 -0.9417860012 -1.336473312 -0.4695370396 -0.5475593732
6.974551415 0.3774915181 -1.003981149 -0.2080937482 0.3612325767 0.4490601136 -0.3556216721 -1.320416969 -1.329288237 -0.2980653484 -0.3531773234 -0.7658694254 -0.7462409205 -0.7039185617 -0.6340241265
-3.786731077 -4.656360991 4.701458294 -0.2715159846 -2.320471562 -0.5510626819 0.2194096736 -1.629293093 -0.8340220703 -0.3053852137 0.4833971028 -0.6803041934 -0.790314038 -0.1479811629 -0.3802001337
9.326686537 -0.9388458738 -5.519289574 -1.132713664 0.7648774473 -0.4755127476 0.8289129687 0.0067434699 -0.03547556075 -1.420677475 -0.5248303537 -0.4329100471 -0.9270162065 -0.3712775889 -2.24638454
2.595699937 -3.819677181 -0.3916421925 -1.022314848 -0.9137058904 -1.71864699 -1.251595859 -1.050265982 -1.126107534 0.3027478979 0.1940003875 0.1870554502 -0.5651783794 -0.5308464833 -1.174431416
5.959053123 0.1094017755 -1.045770734 -0.9705169573 -2.483772035 -2.496933767 -2.042902577 -1.093648244 0.3068353474 1.357875411 0.6079257511 0.1236674953 0.2415926082 0.1979806798 -0.5127664325
-3.724070446 -5.716998686 2.93293065 0.9577369866 -1.13460191 0.0583283533 -0.6153849942 -1.667307665 -0.4643387944 0.2330316186 0.3831680122 -0.7182042651 -1.347361269 -0.4588023392 -0.06879939606
7.823657108 -1.126634013 -2.497052334 -1.836478396 -0.3434718334 0.7063039242 0.1830421758 0.1956608208 1.328343209 -1.348161804 -0.7327665165 -0.3310172912 -1.102624147 -0.2525764487 -2.201051392
1.089736704 -1.745263361 6.74754527 -2.292919095 -2.307749784 -0.5602350594 -0.8906372549 -2.250679829 -2.070930675 -0.334610168 -0.1049791334 -1.505904208 -1.045752016 0.1505945117 -0.7848982129
4.045522354 0.7619701203 -1.179385937 -0.882401611 -0.6051798382 -0.58423048 -0.7161264276 -0.5057360355 -0.2093549546 0.1522471529 0.0597571901 -0.2869450047 -0.4815879251 -0.6902324307 -0.5997090527
-2.062664753 -2.961344705 3.507904196 -2.690435194 -3.758709332 -2.072549402 -0.7974643539 -0.9118357618 0.1358300478 0.8767439634 1.043787741 0.2304405593 -0.3045572128 0.1011242926 -1.130438691
6.216760234 -2.821568855 -5.306475629 -2.291048758 -0.8860372018 -0.4254022395 0.2514179662 -0.07149601946 -0.2588602761 -0.07487039506 -0.1669285925 -1.06966038 0.1486640051 0.1805352417 -1.63417974
0.04702249183 -5.359774937 0.4860302349 0.6037510675 0.01243361305 0.2322373116 -1.77970036 -1.69084926 0.306208029 0.48765772 -0.5008079449 0.4021669642 -1.77607679 -0.2887909461 -0.9220909179
3.253800366 -1.949909896 -1.963266401 -0.2626801515 -0.1512613558 -0.07863189103 -0.2428636416 -1.669808827 0.2498046478 -0.1845152881 0.0727261281 -0.03699073918 0.1596082029 -0.08422281904 -0.8560452113
-6.742848902 -4.592111296 3.965016304 0.4919547638 -2.299570237 -1.261507955 -0.514513312 -0.886924468 -0.4315360748 -0.4312765068 0.1235618212 -0.201369137 -0.4906940808 -0.2912494205 -0.4304218472
7.21686005 -0.4244059846 -4.423570996 -1.402757062 0.4513760497 0.3739925569 0.8267099423 0.982761179 0.2969548785 -0.7477144941 -0.8993680697 -0.09138768641 -0.477600612 -1.194863812 -2.691312265
0.5301826714 -0.921541451 1.189076521 -1.49873381 -2.136909101 -1.825898699 -1.802877941 -1.182556511 -0.3483931233 -0.674373187 -0.3880011811 -0.04062281185 0.144713856 0.3248082018 -0.6305505354
7.068914336 -0.2265937193 -2.503930122 -0.7890557924 -0.7305968669 -1.145733926 -0.6098843018 -1.69118247 0.151460356 0.3531037697 -0.3081102884 -1.007032491 -2.316949123 -0.3207346003 -1.577066951
-2.259249403 -5.213879273 4.37857084 -0.03126100328 -2.112859344 -0.8383148057 -0.7851813039 -0.2212801081 0.1583719277 -1.187224985 -0.1379066369 -0.1336545856 -0.5558146387 -0.3603138731 -0.9997601541
8.077553895 -1.020912949 -4.805568062 -1.982538483 -0.250962813 -0.1614750039 -0.1720828052 -1.243852946 0.2907000465 -0.6281669134 -1.109964254 0.2258723387 -1.196502812 -0.2910702661 -2.007120151
2.606850141 -6.2182249 -0.6501976758 -0.4734768432 -1.62433805 -2.336520398 -2.294364685 -1.679216622 0.4475312398 1.895933121 0.8950051208 0.5256246573 -0.6983138627 -0.3815104037 -0.7519258375
3.952698964 -1.737351026 -1.354360478 -1.020990416 -2.731759579 -2.047976468 -0.7689836166 -0.6444145593 1.022646802 0.935181408 0.1401089095 -0.1388159205 -0.1591221267 -0.3653002398 -0.8654691346
-5.036205716 -4.61246337 2.66418334 0.6720681865 -1.245010134 -0.5689506881 -1.44583436 -1.024024339 0.06757813089 -0.1335302423 -0.5767588403 -0.759408918 -1.306724401 -0.0585561141 -0.2679747521
