8.802611771 -0.972799319 0.9315296748 2.15645212 -0.00833492724 0.5436449268 -0.1551107544 0.5205738895 0.1729224608 -1.357401908 -0.04055448065 0.4523201016 -0.6578372391 -0.2796336611 -0.02822537558
8.791836717 -1.86922583 3.020420104 0.00519476532 -0.6776200697 1.476430769 -1.459639884 0.82265649 0.5580003445 -1.181862523 0.7760870176 0.03593450097 -0.2621068322 0.5082311889 -0.3283644964
9.740920386 -0.2315829158 -0.2123078256 0.0996384267 -1.174489551 -0.6001083472 -1.262379534 -0.0441984335 0.2364328185 -1.13543263 -0.5169243568 0.2375958459 -0.09058168656 0.1683596821 0.02576096198
8.386483088 -10.86719783 4.531038601 0.8015961158 -1.091126972 2.912874241 -1.874043795 1.40049791 0.6406955878 -2.306368429 0.134564498 0.06960835412 0.5669707977 0.1316483319 -1.088666226
7.52536387 -2.357293042 -0.1096412385 1.142170873 -0.2628821271 0.866719574 -0.3691751124 0.1511061991 0.2719802766 -1.098776314 -0.0041008382 0.667678046 -0.2791187512 -0.1290273903 -0.03309789382
7.025984222 -2.616983194 0.9531253025 0.6588474194 -0.5707762776 1.099091565 -0.8158517088 0.12268631 0.5233534929 -0.9568583269 0.1153576751 0.3306093479 -0.3413322968 0.08130785534 -0.2083159145
14.50600529 -2.749064138 0.1810849995 -0.438933834 -2.375977244 -0.21645262 -1.074439546 0.400064995 1.216755113 -1.060688252 -0.6596951545 0.437541181 -0.1316416047 -0.352532393 -0.3621857417
7.364055004 -5.358992203 0.9992944838 2.133936607 -0.2646191724 0.967833366 -1.413568906 -0.578583875 1.179367704 -0.3955509599 -0.3662330523 0.09862802554 -0.06308666959 0.4124063997 0.006448335487
6.630981482 -0.4475257433 0.1605042379 1.541469715 0.3634333707 0.3061708229 0.1868715692 0.8399046824 0.4045137088 -0.6117776206 -0.04665480106 0.2166785513 -0.6018409842 -0.3664893523 -0.0583736036
10.35208278 -3.525363333 0.1868198566 0.2421900352 -1.247207034 0.7683453438 -1.142187921 -0.2541799943 0.4866015442 -0.9686489494 -0.005037422751 0.2706433041 -0.5876175838 -0.170609359 -0.3730038041
7.788379228 2.294931278 -0.00314634188 0.5571887676 -0.6034469375 -1.740914415 -1.224695284 0.02149409961 -0.5627346501 -1.579070172 -1.027495233 0.3635807695 0.6087349103 0.2425477542 0.2872933158
6.796156337 -8.332791738 4.284602865 1.657632303 -0.5248650924 2.83661233 -1.180251755 0.8084981588 0.4096430179 -2.408214946 -0.3500408031 -0.1015760922 -0.1601589696 -0.4152479558 -1.032556687
7.779911073 -1.805304449 -0.2694897768 0.1267536934 -0.8508679211 0.4450321059 -1.084521583 -0.3265772156 0.2996493274 -1.049534431 -0.4075239427 0.05323403953 -0.3654885574 0.04419364501 -0.2241539392
5.762561325 -4.465318409 3.445016778 -1.322664597 -0.8559754629 1.59811838 -2.278717852 1.365580784 0.5036521973 -2.029938833 0.7087724674 -0.3682003487 -0.486779373 -0.154512057 -1.084481221
11.69361633 0.03468749429 -1.017971431 1.431991599 -0.8971950546 -3.225603222 -1.434356377 1.15461178 -0.3496121025 -2.45152305 -1.269084465 0.75310406 0.9056417897 0.555527909 0.3967904856
6.27016375 -6.513891757 0.8040775471 1.539061499 -1.567373678 0.02277348259 -1.484997031 -0.7933507711 0.9537749734 -0.8832032758 -1.014966679 0.4192243086 0.08780083268 -0.1611393902 -0.1356094143
8.128954161 -1.803699349 0.1806738782 1.535978705 -0.05722371546 0.7758678222 -0.2586210671 0.5223480991 0.4790529475 -0.9267015675 0.1609614086 0.6297397998 -0.4873805202 -0.2226036874 0.02903729713
8.513195094 -3.229489887 2.121858702 1.270718343 -0.4359446611 1.787404201 -0.2604081596 0.7156839565 0.7123443961 -1.037466522 0.2231530136 0.1995775194 -0.4042523406 -0.03318409527 -0.4204532937
8.909569267 -0.00118640322 -0.9080380631 0.3850359521 -0.8617699449 -1.295082764 -0.728421351 0.7069726855 0.2902642115 -1.229324067 -0.8004485818 0.2917800629 -0.09432191985 -0.4481242961 -0.2525994968
8.168901169 -2.044957918 0.170777488 0.5724708078 -0.4710150402 1.182377745 -0.7450030379 -0.07469464169 0.5888043946 -0.8056416953 -0.1023012427 0.1438382152 -0.5074260187 0.06327275186 -0.1859107752
7.766429134 -2.438578693 -0.4358489028 1.010536628 -0.5439396841 0.3376837366 -0.6396957649 0.1920143597 0.2101630604 -1.190361568 -0.1124164108 0.3877805603 -0.5326037544 -0.106667948 0.05705875003
7.823814121 -3.540076699 0.09075000409 0.1980212256 -0.9870445432 1.235496733 -1.092094722 -0.4652193736 0.6067353137 -1.056596895 -0.1834881138 0.299711657 -0.5825299908 -0.04594866113 -0.2090663869
13.11508567 -2.133570784 -0.9229574497 -0.670790681 -1.651909743 -0.9650306197 -0.845255144 0.5845808583 0.6695280154 -1.237276282 -0.7013784986 0.1698966072 -0.2508493075 -0.3667511635 -0.2701172866
8.785270767 -5.630170476 0.8691810674 1.208606946 -1.229874835 0.1795970945 -1.61651622 -0.8777363273 0.8549718309 -0.4320358147 -0.1116969019 0.7955835862 0.03706943729 -0.256561128 -0.221851285
7.122150357 -1.537084584 -0.05023451767 1.052993571 -0.07048051009 0.6205331444 -0.1778607184 0.4571455119 0.3640791699 -0.8675645479 -0.02773318845 0.5349259192 -0.3037932771 -0.04907393853 0.06929662225
8.222878067 -4.617456263 1.487194891 1.094450945 -0.9627805556 1.338411976 -0.8473606031 0.3783673843 0.8393115414 -1.028574375 0.1668055239 0.3580356892 -0.2232974948 0.1370749539 -0.2992212221
6.89334017 0.2763077471 -0.2967225546 1.599517547 -1.243396121 -3.661491873 -1.516724274 1.105390108 -0.4945778995 -2.454351984 -1.208978023 0.8304013493 0.7344477527 0.05057852228 0.06143716314
8.391220334 -1.57462999 0.09305862453 0.7324107954 0.2692522979 1.73372544 -0.3558853941 -0.2468711855 0.2905412205 -0.7505939925 0.0404430118 0.1691574893 -0.5128927389 0.06017798578 -0.1511616553
7.297574475 -2.06504609 -0.5686267495 0.5746382963 -0.7925889045 -0.2301259851 -1.13198164 -0.2552034744 0.3329719821 -0.7837311057 -0.3551114735 0.2689680418 -0.3377338436 -0.2490119906 -0.1289279797
6.500885392 -3.795289473 1.717707777 -0.02976802768 -1.051426937 1.395315049 -1.550644488 0.338516861 0.5393730167 -1.466192625 0.1648595916 0.01842988827 -0.6041932305 0.04899374718 -0.4757837775
10.48051566 -0.4247139193 -2.31768178 0.09896949963 -1.5306688 -2.738199005 -0.5642917078 1.745144358 0.4484263726 -1.440788878 -0.7507982562 0.5763656102 0.03061607194 -0.5110622315 0.01849895002
7.334747816 -8.493808523 1.350367115 1.246571155 -1.634886673 0.5500722191 -1.740574066 -0.6349281476 1.006987963 -1.074099298 -0.9725714089 -0.06539184074 -0.1464894881 -0.147661147 -0.256393523
