6.448311828 -0.8899186176 -2.994680288 -0.9260347815 -2.301027587 -3.794917667 -1.938682118 0.4175218866 -0.1036934546 -1.043724358 -0.7642907941 -0.2241347299 0.106844282 0.600438016 0.8018657032
-1.202853007 -0.1474437049 -0.914921585 -0.552756117 -0.6086974222 -0.5934515859 -0.4471233435 -0.4276836633 -0.4981581808 -0.4444043774 -0.3026781913 -0.1149747575 -0.006773158505 -0.04571480803 0.01510455519
2.724798185 -2.42217825 -1.888304018 1.970444084 0.494275709 -2.947392494 -3.22704907 -1.846677894 -1.547995854 -1.224774269 -0.5641552159 -0.5888860064 -0.5193456147 0.08700896382 0.5129284779
-0.4400648936 -5.862466312 -0.6113155081 1.561909131 -0.8012690987 -1.310987203 -1.091792459 -1.584992303 -1.6300236 -0.933052265 -0.376148626 0.2111062999 -0.1211104525 -0.4920296635 -0.07860874441
5.521483102 0.1143109442 -3.471006368 -2.040171427 -0.5041216232 -0.9312349341 -1.733126913 -1.845895728 -1.744081268 -1.352818394 -0.6158719371 0.1606533052 0.3733795352 0.1426282097 -0.05700692133
-2.166767396 -0.9713233819 -1.645691805 -1.269949247 -1.14546174 -0.9218802836 -0.7858715614 -0.655950203 -0.623489767 -0.5302090331 -0.3334114849 -0.1959903018 -0.1347575645 -0.144717243 -0.07763861104
1.382608007 -2.673832869 -1.807402209 0.5293192781 -0.7599553548 -1.663281935 -1.466367089 -1.395041193 -1.500333438 -1.088780481 -0.2692552434 0.2465126028 0.01765100502 -0.1459344191 0.04552778951
-3.021705078 -8.75215339 -0.285229783 1.143356182 -0.7760737561 -1.005590209 -1.2562537 -1.457013175 -0.7380828403 -0.4435456333 -0.1786367609 0.4635645998 0.03850008686 -0.6832689656 0.005556728809
3.358673067 1.055321319 -0.8557818339 -0.9335845619 -2.626811443 -3.541579027 -1.965956807 -0.4629505494 -0.6112533314 -0.7542512236 -0.1102367899 0.0127556138 -0.4051099016 -0.5950305064 0.08665732891
-1.723743869 -0.6465511333 -1.526399658 -1.269237168 -1.375299782 -1.336574702 -1.273754331 -1.162876624 -1.075084128 -0.8773595749 -0.5063374174 -0.30398222 -0.1336532076 -0.09310666895 -0.005109826681
1.715152349 -0.8876944294 -1.142341176 1.088848689 0.0008513690839 -2.505202807 -3.091672295 -2.036207644 -1.280863732 -1.087924518 -0.8230719221 -0.7738764486 -0.4617435032 0.06792124312 0.5299160617
-1.565385824 -7.032948146 -0.9584482186 1.182053204 -1.10451811 -0.9631163056 -1.049267147 -1.479487956 -0.8949832852 -0.7347467567 -0.2421688688 0.7012358241 0.05632240924 -0.5878043722 -0.04948929184
6.360454717 -2.537978081 -3.951526212 -0.4125653225 -1.204730852 -3.026847831 -1.775368259 -0.6873541602 -1.690333996 -1.598757456 -0.2228845671 0.3358115681 0.2023204416 0.2234403602 0.134876662
-2.185615535 -1.084615014 -1.903197488 -1.544884467 -1.460798351 -1.292372516 -1.11990145 -0.9892269727 -0.9166371382 -0.6616608535 -0.3042449869 -0.08466541585 0.04387293333 0.0874293921 0.1216672784
2.223211281 -4.340797181 -2.613969277 2.138941112 0.4063294157 -2.69497674 -2.46321612 -1.41641658 -1.791606667 -1.291979198 -0.3770219057 -0.3212560059 -0.4559277262 -0.2099159 0.3693459539
-3.623842433 -8.952694008 -0.5344182839 0.7517512456 -1.034373099 -1.636181001 -1.256458515 -1.456993674 -0.8970719008 -0.4766854245 -0.5458196917 0.2241070286 0.2201366077 -0.5175241498 0.0489757791
5.492491077 -0.5419810298 -2.844195846 -1.53518803 -2.630150795 -3.531276483 -1.597263267 0.1370873244 -0.7489506753 -1.590078174 -0.950688594 -0.127927395 0.1592245259 0.3745698918 0.5857775743
-1.645236393 -0.4583027338 -1.286056923 -0.9755122953 -0.8737820584 -0.6769801503 -0.6369661289 -0.5826282562 -0.6112107853 -0.531149332 -0.2537057638 -0.1132262621 -0.02447783751 0.01199503483 0.02912576565
1.483672995 -1.747405107 -1.323103935 1.922999002 0.5927850579 -2.727241291 -3.482702661 -1.702697521 -0.917873056 -1.331373621 -1.453135071 -1.01263419 -0.3383420047 0.2106298723 0.5145290456
-0.9600771716 -5.280305362 -2.469541917 0.4056583528 -0.9800001757 -1.573565248 -1.221541606 -1.017661337 -0.8826398365 -0.9946388223 -0.6001297718 -0.0002614919258 -0.1098658842 -0.4931468061 0.01015260531
6.038480962 -1.432193151 -4.135581281 -1.37801539 -0.7194725861 -1.81577811 -1.936126206 -1.448584904 -1.733104376 -1.642314286 -0.7605846006 0.01635306673 0.1564917973 -0.03285784013 -0.1965432268
-2.585632033 -1.559663695 -2.148369449 -1.433103525 -1.216083209 -0.9696873291 -0.7001679223 -0.5399873887 -0.5251049315 -0.5396313161 -0.4526666514 -0.2815654236 -0.1470536187 -0.09512518546 0.005788412007
1.19335395 -0.1029233644 -2.064951852 -1.528324054 -1.055924311 -0.8153110603 -1.019373177 -1.526445441 -1.804867637 -1.311023125 -0.5245674373 0.1143721247 0.2271399509 -0.02505829583 -0.1169848758
-2.818759296 -8.483462161 -0.9605868872 0.8050998995 -1.074130906 -0.947928142 -1.332740098 -1.655856484 -0.9733555736 -0.733437995 -0.4232415653 0.7664126008 0.07516592649 -0.7870808986 0.1252766806
5.082881592 0.4044445403 -1.659736873 -1.091586471 -2.988539494 -4.138172672 -2.169833778 0.1525019583 -0.07362459733 -0.7869332935 -0.5082263503 -0.3983732432 -0.6542340562 -0.1097306904 0.8262659886
-2.244865255 -0.9964087321 -1.657080055 -1.204663369 -1.155060235 -1.060368427 -1.004304295 -0.9730796997 -1.016560818 -0.9055652806 -0.6832396713 -0.4343246108 -0.196064941 0.005056953547 0.09639176222
-0.1039604675 -0.7318441969 -1.176457532 0.2782173743 -0.3231722693 -1.991146761 -2.256371061 -1.438644834 -1.088168481 -1.334944553 -1.457176841 -1.043592945 -0.4022987482 -0.01669693083 0.2076909283
-1.947296719 -7.456296562 -1.486092022 0.7344053617 -1.305957392 -0.904852009 -0.9893362066 -1.624349893 -0.9652374703 -0.6281424377 -0.4652378447 0.2308568751 -0.209499793 -0.7551711584 -0.1949715507
4.801728657 -2.181620612 -3.01960406 -0.1670859545 -1.056392616 -2.519212881 -1.773092961 -1.437123798 -2.17314888 -1.479333396 -0.06875885533 0.2177878454 -0.1659306949 -0.2048018095 -0.05359975818
-2.36654666 -1.259602332 -2.062906339 -1.643637775 -1.442008421 -1.259899554 -1.162357883 -1.040926345 -1.000985228 -0.8401053624 -0.5876411521 -0.4325327788 -0.2917975407 -0.1973256991 -0.126532449
1.068308629 -4.691191093 -2.530811754 0.8646462556 -0.9879302087 -2.684220014 -2.010735295 -1.14721972 -0.9098545417 -1.155425183 -0.4957392204 0.0701529538 -0.3687983077 -0.7011479738 0.1196294333
-3.62486297 -9.402636483 -0.6151554412 0.8102345 -0.8910000279 -1.277390885 -1.598676376 -1.330451525 -0.7276567167 -0.4934467703 -0.5462739174 0.1049360273 -0.2050757328 -0.8239191411 -0.0271792394
