10.45522929 0.8020787834 -0.5809189168 4.127300976 2.753929909 -0.4139465042 -1.431705131 -0.0772993894 0.2507199238 -1.666430296 -1.240887529 -0.428425168 0.3240582881 -0.6710015503 -0.1728087373
9.050916279 -3.097039542 0.7799824387 1.050620626 -2.421934398 0.8744133997 0.07635052276 -0.8269477109 0.9847447908 -0.3338293733 -0.401085914 0.1425760877 -0.639910887 -0.4493912169 0.3268574292
12.00268635 -1.098231887 -0.6058552056 2.123057948 -0.3194458182 0.661331392 -0.3489307198 -0.8131708311 0.7557315693 -1.0182981 -0.5907449607 -0.1287177709 0.3530362434 -0.3472178171 0.6500638396
0.7164020142 -2.270501775 2.999533963 1.745316561 0.1916364335 0.1770563046 -1.096979763 -0.7849928445 -0.03244665767 -1.265576485 -1.247976454 0.05864217037 -0.2606811115 -0.06823101553 -0.4100068049
9.187225021 0.006541385888 -1.304067997 -0.07326844886 1.228186933 -0.8870855489 -3.303182132 0.07422764986 0.933377643 -1.796543091 -2.668102961 -1.569519396 0.1804693738 0.8046019589 0.7416553221
1.063022554 -9.12599833 1.806025919 6.385584357 0.8903385573 0.5460329283 -0.1170438142 -1.400062257 0.3570858687 -0.03111904672 -0.9294883708 0.1685301142 -0.7305115656 -0.717036885 0.1840880945
8.030161501 1.92643159 1.596305486 0.4266716503 -1.450506171 0.5464908895 0.1041997573 -0.8987118804 0.2677411166 0.1143236996 -0.4159139959 -0.4624186194 -0.4394085627 -0.3546517367 0.07224699989
-3.756608157 -6.977365235 2.777122094 1.837739565 -0.3639993006 -1.875205171 -1.327457954 -0.2190046194 0.5429414595 -0.08496666841 -1.344439949 -0.2175411254 -0.4461572844 -0.24242854 -0.5687158248
7.251389024 -1.136156411 -0.2143065369 4.290814231 3.469558551 -1.529042335 -3.123190759 -0.07662030492 0.2438395468 -0.938281317 -1.717352581 -1.172076419 -0.4986948461 -0.3727415949 0.1989076101
5.474367103 -5.176295061 0.4764446478 3.691720545 -0.1822704068 0.2466486724 0.8405876618 0.3417801546 0.09173948697 -0.8533344627 -0.6942960353 0.2320197958 -0.1864217893 -0.06761568648 -0.06838249964
9.923494562 -2.674732102 -0.735355976 -0.2511227995 -2.109921855 -0.3816745692 -0.6885999933 -1.587490625 -0.8196483432 0.1440291736 -0.2910944939 -0.5362487307 -0.2861574038 -0.09121943928 -0.6405545881
-0.7444965329 -6.515642543 3.520395738 1.105312325 -1.318553652 -1.484193383 -1.0125701 -0.1343367174 0.3636431481 -0.9178618134 -1.271470113 -0.01434377521 -0.203589901 -0.2275953189 -0.8919473937
7.156718683 0.6500278878 -0.6550496752 1.902646803 2.357763244 0.2207018493 -1.15835574 -0.179146596 -0.08160168018 -1.372308547 -2.098804367 -1.214607236 0.1880755794 0.5422128866 0.1189929951
2.681130282 -9.02248531 -0.6242784604 2.983274401 -0.9160138778 0.2983476594 0.2058604256 -0.2417446153 0.7029386853 -0.6851101064 -0.8746018376 0.4904674143 -0.5637642103 -0.4122254534 0.07887884743
3.298642777 -0.1034635057 -0.09905930115 0.3375907725 -0.5316354854 -0.3232047607 -0.335984213 -0.1155191887 0.002954948747 -0.2059283579 -0.4089917147 0.01510617013 -0.03064641968 -0.1980001702 -0.1128136794
-3.566735343 -4.786357655 2.425733493 1.575091144 -1.844742086 -1.280344007 -0.7302943409 -0.506366644 -0.05593139287 -0.833262885 -1.432101388 0.32459438 -0.5368575681 -0.09468635698 -0.7013680804
7.792034213 0.4664798382 0.2283197872 3.192015329 2.142144035 -0.733980475 -0.8727084029 0.935108872 -0.5234404446 -2.433956476 -1.893028354 0.1721287986 0.4677560574 -1.118202092 -0.9087118514
7.198700695 -3.424258667 0.4665572014 2.452131174 -0.9604647727 -0.2048983792 -0.1642536309 -0.04879607876 0.7405983108 -0.7532555022 -0.8978252052 0.4108630373 -0.02470391587 -0.2736382765 -0.1298854887
9.526644747 0.3209832051 -0.723541936 0.7329938952 -0.1352667789 0.2313702238 -0.3144452278 -0.01003618864 0.3094298463 -0.7185553403 -0.3480089157 0.05424973373 -0.1899754034 -0.2230081824 0.05240174276
2.865924077 -4.463298554 1.575889818 1.084204499 -1.391149435 -0.1844964955 -1.239841119 -0.9920324913 0.1226069402 -0.4348115874 -1.316966368 -0.353176289 -0.1099740065 -0.3792487155 -0.2778768874
9.485533739 -1.854112088 -0.6625916208 0.754965772 1.952911167 0.6310498302 -3.349040414 -0.4422485095 0.8109707031 -2.770475436 -2.793446518 -0.4852671428 0.1173088681 0.5696606218 0.6138554187
-0.3210654181 -11.94559186 0.2391817393 5.306917842 0.2593787621 1.205128977 0.3701203182 -1.478055959 0.4614207961 -0.1546463496 -0.8735626574 0.7299742289 -0.9993190039 -0.879208133 -0.06240413685
6.718787929 1.715884139 0.8445391298 2.810344714 2.295689225 0.143243232 -1.23907061 -0.7500093298 -0.6164381844 -0.8702093514 -1.044009491 -0.8184168326 -0.5598862733 -0.6724940124 -0.1980509363
-3.944927057 -7.409273484 1.437825431 1.816833602 0.8050510533 -1.056101488 -1.808288669 -1.481400261 0.2786881265 0.4112727091 -0.9862762285 -0.5372528368 -0.9919592589 -0.4352160741 -0.3680191465
5.635940956 -2.957627117 -1.630244063 3.073877726 2.424469482 -1.552911715 -3.196200317 -0.3041720092 0.5225192133 -0.4668931748 -1.391642222 -1.03619387 -0.5298743249 -0.5656814344 -0.1351301972
4.325649351 -7.666559973 1.146110288 5.33710083 -0.3367029268 -0.7516648057 0.2289802527 -0.03601471727 0.3944442968 -0.09352921801 -0.005081377716 0.9241663129 -0.2922403904 0.006827024097 -0.2868341415
7.154264334 -2.334053819 -1.646670509 -1.24265233 -2.679756184 -1.260207007 -1.193622977 -1.729044345 -0.9906766594 0.3115732902 -0.1183279455 -0.3691793672 0.02260491455 0.1044050728 -0.358327246
-0.4794218849 -7.880817571 2.739016027 1.648499433 -0.4481455145 -1.067751579 -1.828773735 -0.7501217633 0.8256500168 -0.5650998108 -1.055202021 -0.6460951905 -0.4820031689 -0.2701713144 -0.3788588636
6.512302206 -0.2999081105 -0.3831941846 -0.0656581516 0.8027661087 -0.4640671716 -2.399579651 -0.2665524923 -0.03827277846 -2.721223301 -2.803320125 -0.6362290517 0.9724561271 1.00165849 0.3869731658
2.959900169 -10.84250735 -0.872853631 3.520320408 -1.605986972 -0.2977558984 -0.5085182112 -1.619108169 0.5499404529 -0.4739473826 -0.8683136387 0.7603655503 -0.8490829158 -0.4447706489 -0.09976327806
5.223815548 0.1535648651 -1.425647988 -0.2638852012 -0.3836135359 -0.5680476957 -1.057624707 -0.7921369923 -0.8091877072 -0.2753365258 -0.5664612215 -0.240455573 -0.2566142089 -0.391579953 0.06098787513
-6.598246065 -4.399566664 2.911907744 0.4436954021 -1.300289295 -0.8633665707 -1.909792686 0.07880180914 0.2773199914 -0.9961629896 -1.106937565 0.3779230078 -0.1930203542 -0.04119172107 -0.8571763673
