3.078838272 1.497320613 2.340088514 0.7117758242 1.750382475 0.4720065929 -0.1734976102 0.4679376045 -0.7451395625 0.2787217648 -0.1908339697 -1.351906206 -0.2649819431 -0.03096375894 -0.9821742568
4.379819386 2.32937437 1.443427207 1.508757762 1.183338286 0.9676739605 0.4848469361 0.5725330374 -0.03688534531 -0.01736591848 -0.1749181926 -0.6773670578 -0.3455594517 -0.3022683415 -0.4080905167
1.716083967 -0.5775642882 0.7872513752 0.9938704827 0.1994583989 0.2826234445 0.4672188782 0.4785359361 -0.2203060696 0.2538659855 0.4295094338 -0.1646848045 0.1390735013 0.2622635627 0.1235185068
8.086124741 1.120342654 2.387068479 -2.624259002 1.300111122 -1.079816976 -0.4132983773 1.109370019 -2.315027208 -0.1954215556 0.2155949937 -1.0697539 0.2803948285 1.183532834 -0.6501230849
2.085021209 0.5567784193 -0.4883968019 0.7927544598 0.3725213447 0.6321118094 0.4368416962 0.5354760832 0.3426818709 0.3799253727 0.395849412 0.04867951065 0.2285533031 0.1420828092 0.211846111
3.521090993 2.336137476 4.104072667 0.3229548582 3.46802766 -0.3306937281 -1.49966878 0.5823158673 -1.181227847 -0.1772099832 -0.5769809341 -1.690364655 -0.4583417719 0.3898569684 -1.005631989
0.3676417051 -2.689282392 3.00476089 -0.0814737488 0.5703142338 0.1545359929 0.5293409622 0.4804676722 -0.4027658392 0.1442299455 0.3204874895 -0.4078183634 0.08006010824 0.3165809007 -0.03040165455
9.478053873 -1.910403586 0.7932151957 -1.300631829 0.4620026386 -0.02215450462 -0.5584259681 0.6923705479 -0.6865359186 -0.1259504984 -0.1079268767 -0.4558717613 -0.07271703396 -0.1143270055 -0.2631227221
2.796578488 1.633717564 -0.1484062995 1.039850786 0.6483747061 0.69279598 0.3982942465 0.5661554278 0.2524280146 0.209622026 0.243449489 -0.05372013291 0.1760358084 0.06617733856 0.1885055398
6.133883304 2.876258127 1.844361345 -0.9999814481 -0.2386675882 -0.5383331973 -1.014704263 0.04393080268 -1.478077415 -1.029516614 -0.4856277186 -1.216231456 -0.4311258202 -0.01202795162 -0.8301890541
4.354644422 -2.18234184 -1.112750462 1.190453227 -0.02580367924 -0.2794636147 0.2300656789 0.1316354606 -0.2735413276 0.1459432875 0.3015832213 -0.2139053916 0.02743808577 0.386943908 -0.07470960316
8.252928888 1.503250554 0.7022066487 -2.909843366 0.07076801219 -0.8996596347 -1.65364522 0.398601234 -1.943348831 -1.396644338 -0.6377266048 -1.077408734 -0.08584994516 -0.5403758642 -1.356633089
2.64786903 0.8502749528 -0.6043198539 0.5234916226 0.05178217345 0.2356881485 -0.02080816522 0.153374338 0.009251998466 0.1314964322 0.302945742 0.0217242212 0.2065485281 0.09568062384 0.1793422791
5.120287479 0.6017132386 2.996321526 0.2628651676 2.532806406 -1.077377805 -2.011627988 -0.4780069875 -1.357686866 0.433699226 0.2762989111 -1.613020746 -0.83561051 0.9307235932 -0.3144047074
1.063401635 -2.69954268 -0.2125990652 -3.091923492 2.310061371 1.119062595 0.4682386042 -0.927754331 -1.369928159 0.3668143943 0.4013821828 0.1557577365 -0.7018374566 0.1290764683 -0.8618087039
7.265055782 -5.307382091 -0.9147353819 -0.1647708517 -1.013105815 -1.262866538 -1.334776288 -1.008906498 0.1032672579 0.5646033143 0.2821156284 -1.243691426 -1.033904407 0.6038396929 -1.535263605
2.527843655 -0.135574606 1.675286382 0.191932557 1.272420661 0.6033971247 0.411406337 0.4887142468 -0.7314783378 0.4593389489 -0.08256290095 -0.9728521681 0.1021818454 0.06936559985 -0.6197344281
5.9637399 2.703878919 1.974154792 1.013193497 0.8207334852 0.6338962184 0.5856488389 0.8182403764 -0.5086115181 -0.3408271327 -0.4783086304 -1.288421839 -0.694870997 -0.5832696127 -0.8195716384
2.2710119 -2.349083889 0.1102874719 1.633560025 -0.681867753 0.00116308129 0.07952592904 0.04432326179 0.07547799205 0.4589136526 0.4033982357 -0.3379006556 0.2382650921 0.4492388589 -0.03107020363
7.777897945 2.309928653 3.635975754 -2.938619313 -0.4708182153 -1.770259085 -0.5011972696 2.011518564 -1.561054306 -0.5644183921 -0.1062928159 -1.53749802 -0.2134615977 1.215503214 -0.3412563138
1.776291996 0.1017022866 -0.6304445868 0.8204925327 0.3475479332 0.5652724494 0.2615282084 0.187925099 -0.02296794514 0.0618991748 0.1512603948 -0.11429065 0.1304500149 0.04960431265 0.130469045
3.891535414 1.241449513 4.487405817 0.007554655601 3.605929377 -2.157572431 -1.777982121 -0.4477441981 -1.19210752 0.9329727643 -0.4619316738 -1.536332902 -0.7090495861 1.201280423 -0.5388047722
-0.9298487457 -2.873763711 3.16665724 -1.555776374 0.7694746552 -0.6025209239 0.6716791634 0.1878916615 -0.586481118 0.1308112602 0.4328117141 0.04360547481 -0.3031702754 0.1952764162 -0.08893850777
6.836450492 -5.011901634 2.307235295 -1.559191739 1.582488339 0.1953095955 -0.1336267609 0.6755259479 -0.381046516 -0.1974527004 -0.3326128088 -0.3183260763 -0.1413802706 -0.4268998754 -0.1179611237
2.376142136 0.7828242496 -0.1023229128 0.9401991545 0.4676524109 0.5444319434 0.1923537118 0.2565871037 -0.02833136117 0.05611822797 0.1046517092 -0.1190974346 0.1271167964 0.1419357072 0.156206375
5.921989931 1.413405092 0.2701434133 -2.508240487 -1.422414252 -1.532087083 -0.8554631093 0.1816560883 -1.710512116 -0.8900389773 -0.6738874438 -1.010193614 -0.1417554055 -0.4474723605 -1.278170962
5.137930095 -0.6389824629 0.1300252623 -0.7131275297 0.484904469 -0.5184847948 -0.3398817507 -0.5482688969 -0.5764290046 0.4480891812 -0.2364654712 -0.6149719891 -0.8743564111 -0.1727371921 -0.8968913142
8.039748363 0.8177015226 2.394936979 -4.504420296 -1.902107261 -2.267038625 -0.4905091611 1.61670785 -2.640166117 -1.203462937 -0.4083266006 -1.85266901 0.0929989928 -0.03097363214 -1.409265394
2.120827238 0.3817274998 -0.6770752853 0.3832121841 -0.01043141133 0.2188371248 0.00582733647 0.1062259962 -0.1213946171 -0.03028837333 0.05797871131 -0.1928206994 0.07986772186 0.09670639345 0.1534808889
7.145429663 -0.3076259557 3.321124453 -1.708969604 2.644872525 -1.249348939 -1.057691538 -0.2686174396 -2.236336427 0.490054139 0.4938231471 -1.059675989 -0.659448067 0.6742974848 -0.3707605292
-0.8330985702 -3.701786044 -0.5768082604 -4.082931468 1.671635387 0.5626443863 1.349444735 -1.004932053 -0.9695246521 -0.7428349124 0.4071528954 -0.5550968786 -0.5419828114 0.05479674062 -0.6960316211
7.101875475 -2.547752939 -0.1974097242 -3.068851462 -0.8021535154 -0.7562041085 -0.9560944387 -0.5529065704 -1.177243857 0.09362569256 -0.120644353 -1.028973463 -0.9083099966 0.01809841813 -1.902738502
