12.2717313 -1.226383773 -0.2315172727 0.06805586206 -1.053619365 0.9738385372 -0.9478452371 -0.8635526261 0.6366221647 -1.072987816 -0.3818912532 -0.02173216914 -0.4293005528 -0.02673951314 1.082166226
7.371875898 -4.024811372 1.316968206 1.03274249 -1.296420718 1.503412838 -0.2696237963 -0.3114775741 0.5464118967 -0.7132534516 -0.1361674703 0.1600744971 -0.5126575952 -0.06538200251 -0.2830501333
9.561076526 1.486276323 0.2600182477 -0.03995169972 -1.078413402 0.1713122382 -0.103029102 -0.3366938755 0.06585942689 -0.3726034303 -0.18860795 0.257911198 -0.332201827 -0.3721476996 0.1295821899
6.229788181 -1.673926075 1.477675233 1.766861481 -0.6273130539 1.256083086 0.07417985832 -0.4104133605 0.3769937827 -0.3980056809 -0.2676526351 0.1950822142 -0.4406078219 -0.1379359882 -0.09053928346
10.40245988 -4.262001305 -0.06319758454 0.3605413613 -2.691888739 0.8172992784 0.01349451995 -1.573364038 0.4218706969 0.0446876826 0.02693526776 0.8342372158 -0.4092237746 -0.6492443176 0.4391563271
7.74062222 -5.077594129 1.235632534 0.965072201 -1.562260632 1.594011059 -0.5354846825 -0.4119873164 0.5846917301 -0.715980929 0.1573086765 0.2541222133 -0.5001542942 -0.003207688309 -0.231085987
9.853802919 0.3580686766 1.91351447 0.2551654983 -2.231701001 -0.05517200513 -0.8604131751 -0.1274218588 1.06791954 -0.7171464871 -0.2698103795 0.4389573145 -0.6589408299 -0.3149188014 0.5942558383
5.880409449 -2.872417562 0.9601685682 1.209912833 -1.100455273 1.270660809 -0.04945479498 -0.4602782022 0.4337144656 -0.5719477174 -0.3223917776 0.1008244812 -0.4978273955 -0.06467795196 -0.04730266279
11.19227906 -2.548656661 0.6227282427 1.255983074 -0.5305946911 1.907640507 -0.2533397308 -1.58956422 -0.5630241596 -0.7994836651 0.4962959182 0.1887746809 -0.5300712975 -0.1012374485 0.307826812
7.833046292 -4.627652546 1.152779605 0.4499919596 -1.861338341 1.428186792 -0.5487879461 -0.4379337278 0.393549528 -0.9689547878 -0.08117951357 0.08386327695 -0.5469366602 0.0345115925 -0.2260417481
7.639787899 0.02194735573 -0.8656629738 0.216697604 0.3551621158 1.365644049 0.3714741145 -0.9885471721 -0.9618977411 -0.3200416094 0.2518680098 0.3966642993 -0.1629699873 -0.2112033733 -0.02390306963
6.829197061 -2.145478001 -0.6066034949 0.0108700447 -1.748916429 0.1906271391 0.001580543307 -1.195462945 -0.1292403136 0.2067934933 0.06399105757 0.691257394 -0.1754438696 -0.6441816563 0.1878947692
8.449897043 -3.140273699 -0.7225551487 -0.3592237793 -2.386159619 0.5678047277 0.1915839791 -1.290894001 0.1724671348 0.06846738215 -0.1556950648 0.7099018023 -0.2822728769 -0.6058590767 0.3585072407
7.09104031 -5.171106843 0.8284818717 0.4461364244 -1.867463663 1.306880667 -0.5249314396 -0.3498254119 0.5110673025 -0.8322807759 -0.1185596137 -0.008037015045 -0.6119517904 -0.03077903489 -0.2741369811
7.33748886 2.146259431 1.173701798 0.2468404659 -0.9925995832 0.1604197666 0.0554250161 -0.1861119744 0.1316916027 -0.2117591197 -0.3072120651 0.09686583525 -0.2540956792 -0.3317046973 -0.05178783346
6.478917111 -4.05029861 1.045087653 0.7330318611 -1.468186718 1.365628033 -0.3047393664 -0.3496331006 0.4603981748 -0.8032960499 -0.2518799539 0.002776216341 -0.6507634614 -0.04078275665 -0.1669072776
13.20307543 -1.192364349 1.362635026 0.8042158617 -2.812807951 -0.0198406169 -0.9982461397 -0.3079572277 1.065697641 -1.578038011 -0.0116413513 -0.09081728909 -0.4263423814 -0.5494841997 0.9140541855
8.066565604 -4.251624872 1.677060111 1.124100866 -1.539160458 1.490261006 -0.4721505826 -0.3955298513 0.4378143362 -0.973091193 -0.173435419 -0.02188075634 -0.7522229702 -0.1730366673 -0.2316738652
9.075653793 0.4191079439 -0.5012600296 0.09910959817 -0.9662814657 -0.399060123 -0.5936302447 -0.2960800838 0.2237374614 -0.5885726032 -0.6987473277 -0.04183243814 -0.3959282435 0.07248374524 0.9500756902
7.369061383 -2.027868437 1.626351999 1.424196637 -1.040444705 1.358337167 -0.1556819308 -0.4969082399 0.4142843665 -0.716226749 -0.3803047583 0.03401900605 -0.5725461693 -0.1010707693 -0.04534063895
12.35258773 -5.188084188 0.6635518323 1.159227319 -2.621756209 1.192326365 -0.4125913056 -1.897238331 0.421061687 -0.4122595988 0.6920247136 0.4163624878 -0.3284013009 -0.5784965406 0.5119333526
7.558875066 -4.958731747 1.254668475 0.7705660817 -1.706530895 1.66216939 -0.341728939 -0.285496265 0.4257322813 -1.118368158 -0.3045198757 -0.1997267498 -0.8341324516 -0.203616138 -0.3084237133
10.08290732 0.6709629053 1.139436647 0.9217135357 -2.212766985 -1.748805189 -0.783147737 0.4426018101 0.2964961192 -1.101681444 -0.007099354341 0.4231428627 -1.068094554 -0.7144838507 0.6924746842
5.752954589 -3.239406328 0.5179142779 0.712195508 -1.587673503 0.9192158853 -0.3866227024 -0.6606932753 0.245230395 -0.8230182232 -0.4929402153 -0.004553202903 -0.6193066664 -0.157460509 -0.1075974051
10.72614656 -3.576534435 0.2334985555 0.8132848642 -1.124666762 1.312583992 -0.8968224932 -1.835275833 -0.2257087192 -0.7117309575 0.5829258538 0.7198535149 -0.8701131642 -0.1580848297 0.7866236386
7.626572352 -4.936097475 1.241007469 0.7304236022 -1.888476557 1.198019474 -0.8286387627 -0.6407597064 0.204919451 -1.179093768 -0.2848223152 -0.08506111147 -0.6203467793 0.0796866891 -0.1837857303
9.595793879 -0.9089766497 -0.8249874588 -0.03517462682 -0.5305561074 0.7501361352 -0.6978878408 -1.110097802 -0.06136077279 -0.6515538841 -0.452496768 0.1679810261 -0.4473664517 0.1303095267 0.8234967414
7.00245958 -0.6800324468 1.506182999 1.50648415 -1.11057717 0.386419817 -0.4444837924 -0.9464990259 -0.09117744724 -0.5385829965 -0.2550681607 0.1274195396 -0.483908877 -0.2253687031 -0.13657613
8.541053286 -2.803595231 0.2234181012 1.033136012 -1.11712233 0.6449462343 -0.4901135459 -1.618821998 -0.4694849579 -0.2779465574 0.2508351951 0.4923311797 -0.7071150548 -0.2573273981 0.565809295
7.114043194 -5.362155819 0.8462901499 0.2436939948 -2.167258863 0.9826907929 -1.049402616 -0.7378222013 0.1859085596 -1.147193386 -0.3059695708 -0.1271669457 -0.6677701781 -0.06889774393 -0.3103167778
7.957333902 2.092893182 1.092805165 0.1926248502 -1.785956336 -1.27528206 -0.5867912946 0.3617969599 0.3846792677 -0.7119138585 -0.3786262389 0.2520683151 -0.6678413226 -0.3502834007 0.7607115035
6.506418962 -4.258188741 0.7437383155 0.6594550954 -1.699018451 0.8799321122 -0.7196593491 -0.7318615717 0.2754643164 -0.9001867731 -0.3843486643 0.04333667608 -0.6172419032 -0.1113137914 -0.1604385333
