6.175500444 2.566595529 0.8610520101 1.618675488 1.060514036 1.108909511 0.9515243912 0.5620917511 0.0137249954 0.01603390587 0.1036063396 0.1321861674 0.01585661126 -0.05787256964 -0.02210292455
7.989835927 0.3559149878 -0.3604082866 1.727329544 1.472195185 -0.03778816014 -1.193296281 -0.3078208065 -0.4597152651 -0.06187205654 0.2866548169 -0.4086931552 0.08410940565 0.05237597647 -0.3398411073
3.740732912 1.84009642 0.5556869093 0.8746518347 0.6524291357 0.6277922017 0.3811756307 0.30047561 0.05457835906 0.02065736421 0.05435016334 0.01336791143 0.09950419024 0.142193891 0.05193549579
5.914897513 -0.2148831193 1.347194428 2.021389881 1.046742367 0.08689779764 -0.4169826216 0.4598935661 -0.1731106328 -0.3995064725 -0.07099498545 -0.1725389097 0.2940248099 -0.1293458434 -0.4331766795
5.687154276 1.416955908 -0.09773457567 1.220938991 0.7385737844 0.7684311121 0.7816367369 0.5013805327 0.1414082346 0.2848948432 0.3322801102 0.2709924737 0.0824879633 0.02644289994 0.05598028451
9.246588902 1.207676794 -1.137549446 0.8294185103 1.15769245 0.08416095798 -0.8931563044 -0.5691644092 -0.5718650826 -0.07116235791 0.1013161262 0.01403472477 0.4391086533 0.2307997013 -0.4236493458
5.214313303 1.788094066 0.7795677823 0.819934101 0.9829793762 0.8472964822 -0.130874621 0.9355110849 0.006419648671 -0.1783118038 0.7843303883 -0.3752034924 0.1114002516 0.2891726448 -0.3186845961
7.160533132 1.800057981 0.5054953231 1.830148506 0.6365929842 -0.0552337692 -0.1907067816 -0.06218249568 -0.2730527644 -0.2244661889 -0.2862076905 -0.3570190464 -0.2015234523 -0.02715610631 -0.2611848891
6.210238085 1.72436372 -0.002977935628 1.057659396 0.4654926058 0.4591509952 0.5171532312 0.2089825968 -0.1091109423 0.007617759561 -0.03635028841 0.01876411993 -0.1056259812 0.03265332928 0.09734022549
7.689427782 1.212179899 -0.1274744046 1.596550187 0.5418182121 -0.4009236978 -0.923373228 -0.8361925333 -0.6297191097 -0.2369410901 -0.1755837619 -0.164064734 -0.2101186277 -0.09908443089 -0.1258445994
3.102628327 1.27469574 0.07760678873 0.3036659698 0.4299174461 0.5903457979 0.2599648882 0.2818860228 -0.02767653806 -0.05799602759 0.08979960478 -0.1328678763 -0.06476979831 0.04940781622 -0.08129376843
6.130721021 -0.5348347713 1.340631501 2.008834103 0.05902050488 -0.2162620666 -0.5301841679 -0.09962096704 -0.2826126591 -0.7669012487 -0.2273667842 0.08557971998 -0.2027675326 -0.3406121385 -0.3766749704
5.040357197 1.29141541 -0.2293925397 0.7972867011 0.265048613 0.432394186 0.4743291219 0.2154766792 -0.1296251531 -0.06022318172 0.1088524105 0.2316802895 0.1416071517 0.1646384405 0.1768117238
9.570860478 -0.2533731437 -1.493809846 1.46510849 0.5991306447 -0.7862773479 -0.9325983307 -0.7998540945 -0.833184269 -0.3662200392 -0.01350097712 -0.1532100227 -0.157584048 -0.1549712106 -0.610489653
4.770351208 1.257940276 0.1016185478 0.1677842596 0.558346955 0.6132456733 -0.3637487502 0.8133647574 0.00521090686 -0.03844955605 0.8042135289 -0.3214844041 0.2087545032 0.3735285802 -0.326626913
7.153702324 0.8622849987 0.4031903483 2.426308962 0.5444513212 -0.7516901585 -0.666875645 -0.3716959175 -0.5871546264 -0.3952039903 -0.2180320928 -0.5857852505 -0.3398050517 0.2517177096 0.1115808568
6.09984205 1.792831773 0.3870045031 1.586112137 0.8884093861 0.8039947289 0.7602617879 0.3767607569 -0.1002700536 -0.02176258001 0.03576885941 0.02329993583 -0.1373129158 -0.1458479603 0.001166135125
7.416368079 0.2470985252 -0.1297682594 1.850465279 0.9460351855 -0.4440306031 -0.9936129152 -0.367743725 -0.6558817524 -0.2454442498 0.1952471699 -0.3702544437 -0.1652675529 -0.2653527997 -0.554555725
2.455950278 1.51085589 0.6034709877 0.7711507652 0.4648753562 0.466682604 0.2552362952 0.1800499549 0.08562093415 0.1672642288 0.1062507019 0.06251427131 -0.08096032936 -0.1000540863 -0.08389079568
4.550578381 -0.7096478625 0.9721052956 1.250926704 0.8136069078 0.1830724011 0.4391893243 0.8178731945 -0.1771758794 0.09911915286 0.5946276421 -0.004351019145 0.09955102487 -0.0329823311 -0.1608523812
5.322807315 0.8109638059 -0.6669431139 0.8253061256 0.5028337744 0.6767013037 0.6839360042 0.3906251121 0.1933185373 0.3282919646 0.3182785266 0.1797850369 -0.03344432026 -0.01396351013 0.1169112542
9.227002036 0.78928117 -1.431713887 0.8900502145 1.008267359 -0.1784604208 -1.163182718 -0.8690431264 -0.3160140012 -0.08531839699 -0.368110901 0.01700286137 0.3200895768 0.04853134913 -0.5775936863
5.023864745 1.227782115 0.2350983687 0.6734876684 1.043257889 0.894994507 -0.2050407667 0.7541765485 -0.2084266015 -0.2862997959 0.6893456161 -0.434269461 0.1020090879 0.1397242112 -0.4758761502
6.216758189 1.434259859 0.7730071071 1.673879945 0.6983645323 -0.2017006655 -0.7062095414 -0.09993769181 -0.6625039207 -0.6647131516 -0.2042531947 -0.6712329912 -0.174530249 0.1503028953 -0.1393374906
5.738047015 1.346032815 -0.2260151826 1.084984157 0.51011652 0.3441252854 0.2504052753 -0.06660065964 -0.3750311441 -0.2655055345 -0.2469007147 -0.09424390382 -0.1719810589 -0.107375091 -0.1243898087
7.420335755 1.088051601 -0.6532750326 0.9610519947 0.5273783616 0.0516905279 -0.5363119618 -0.5772670716 -0.6836988711 -0.6397280135 -0.3751875254 0.0150940767 0.1426385701 0.03592291787 -0.3919656873
3.147566121 0.5972670445 -0.1342390273 0.3288774202 0.03569378471 -0.09444797929 0.003440498035 0.07228268608 -0.2975287613 -0.2552994437 -0.07179371558 -0.06815939783 -0.05591846695 -0.1404307421 -0.1691197585
4.777586303 -1.775492956 1.336008834 1.684147983 -0.01046523689 0.03334090794 -0.1817219687 0.1819803942 0.1488958381 -0.7730492272 -0.09084038442 0.1398221398 -0.1672681137 -0.3325475457 -0.2679577884
4.80819796 0.6732612729 -0.728068754 0.5172109169 0.131692172 0.2790591693 0.3642237133 0.1006806455 -0.2455981009 -0.1225145284 0.00550098313 0.02656235838 -0.1378984382 -0.05193648587 -0.03215155691
8.179247803 0.1148799692 -1.22460578 1.235184646 0.5824260123 -0.7207955055 -1.231321763 -0.8482175198 -0.6771125302 -0.3611339157 0.0418578843 -0.06605748812 -0.3920593515 -0.3137981808 -0.5823293163
4.276249105 1.010513789 0.07519305029 0.2824855446 0.5842879761 0.5324423659 -0.390690944 0.6053693046 -0.2110230199 -0.3031857661 0.6355255405 -0.3579028762 0.2392087761 0.3360637604 -0.3576945464
6.460318915 0.5084648659 0.007424555137 2.089297967 0.6324685743 -0.3624187415 -0.220610148 -0.1023234736 -0.4431320283 -0.3623503097 -0.4737333185 -0.4602314217 -0.1356522424 0.148438356 -0.1534846316
