4.690654153 0.7845764931 0.1639697987 1.488017676 0.7932152007 1.117185438 0.4851752061 0.461642866 0.554436743 0.1926199015 0.1627534486 0.2144703261 -0.06665374152 0.02369718533 -0.1506255751
1.138627368 -5.192149891 5.891049169 0.7251030689 -2.600368383 1.517974139 -0.7012057118 0.2936794153 -0.05573742675 -1.276621975 0.7126948456 -0.2589201396 -1.143847984 -0.132672056 -0.1950554851
6.901654419 -1.542402739 1.159679766 3.543039403 -0.5683499147 -2.539028323 -1.713951669 -0.4295995355 -0.5428717778 -0.8653172598 -0.9706504919 -0.8198259136 0.02656213452 0.4867639901 -0.5634627707
3.464307336 -3.621592919 2.758412635 1.8215979 -2.365995372 2.191060248 1.222833468 -1.444077031 0.2610148407 0.6992464329 0.2035168006 0.5224791412 -0.09602846881 -0.3678984069 0.1125351688
7.13230415 -0.5656152672 -2.395790857 -0.345777526 0.03447506525 0.3854366869 -0.7130408761 -0.9923863602 0.07074040264 0.4365928884 -0.2576520423 -1.009859787 -1.399654606 -0.9008270353 -0.250176966
0.6685660594 -7.835756256 5.679125422 2.267102116 -1.920786639 1.581967111 -0.4115974855 0.7741354562 0.7913349391 -0.6939812999 0.5869060207 -0.4507885491 -0.863230744 0.3639203684 0.2306701583
4.377683524 -4.559057656 -2.011402071 1.289419199 -1.057422692 -0.9246303566 -0.0781703587 0.0418022934 0.6536544847 0.8160481802 -0.3228252708 -1.223342169 -1.401474317 -0.4169821141 0.4041842797
1.592062179 -3.678305373 1.925417441 0.8467507124 -1.391698999 1.014596111 -0.4684875254 0.08970036336 0.3719135783 -0.5699757407 0.5100134805 0.138562898 -0.745915328 0.1185600179 0.02468939914
3.967345547 -0.7694805262 -0.7063329656 0.7836494533 -0.2930347147 0.4667505557 -0.07848240345 -0.1240901489 0.2967147218 -0.03326219724 0.01770347922 0.1597513948 -0.2801585095 -0.1150902285 -0.1830657233
-0.7138411795 -6.309981013 5.473315387 -0.3027681335 -3.527805896 1.709035484 0.1322604058 0.2169698508 -0.9103256363 -1.007265221 1.554977866 -0.5020359183 -1.182302833 0.5011129211 0.0360853612
9.03998711 -4.521924314 -1.910210944 2.853431749 -0.5927921073 -3.280767415 -2.706647543 -1.067870111 -0.2872946088 0.1490460224 -0.1476121695 -1.059576049 -1.036892763 0.003880953282 0.1660169563
3.962463821 -6.171615253 4.355744669 1.207642106 -1.387807725 0.781706725 -3.051641314 -0.9302529294 0.260100003 -0.7860904639 0.862049772 -0.5761320833 -1.775655431 -0.4400135246 0.3179412781
9.264526708 -1.831703925 -5.429988201 -2.648205411 -0.7652405196 0.1375133832 -0.1405168618 -0.6877683876 -0.7618654883 -0.1332617272 -0.1750326016 -0.8906830569 -1.176066483 -0.7550843987 -0.5516745458
-0.6159820909 -10.69075434 4.293596845 2.602865095 -0.09478235826 2.715210194 -1.115453046 -0.7377175526 0.4067115939 0.1984197409 1.881070514 0.2036352452 -1.53041662 -0.4628314443 0.4038093909
9.548507751 -7.126707236 -4.755858819 -0.05992215473 -1.271599859 -0.1513620404 1.410418939 -0.3746867269 -1.186436932 0.1677204732 -0.0214382159 -1.316578602 -1.646804679 -1.010883403 -0.3959292392
6.658375003 -4.235422868 1.901483676 5.937250088 -1.106985261 -3.530731684 -1.113843843 -0.8899836876 -1.013119512 -0.09956270758 -0.9485862981 -1.245700617 0.2172652153 0.3560927697 -0.6026018955
4.083636298 0.01309443216 -1.3795386 0.4369876551 -0.0082138283 0.1706374771 -0.2064402539 -0.03286640481 0.09111593914 -0.07745781068 0.01046703882 0.04130748607 -0.2799995577 -0.1820025431 -0.2735215305
0.5013865944 -6.914665853 5.741784897 0.546881695 -3.302616788 1.189810328 -0.7201649352 0.5445887102 -0.4950103231 -1.731545081 1.098766446 0.0994735389 -1.127231769 -0.05912703351 0.2285008685
8.806780587 -4.572680775 0.394352988 4.694886414 -1.417809881 -3.636541771 -1.488125835 -0.8392011194 -0.4511562665 0.4124521618 -0.8419735355 -1.562357668 -0.2710983364 0.2287152959 -0.5902064527
3.826170405 -2.310581729 5.602988987 1.621676777 -1.927488456 1.231961513 -0.7615082017 -0.7135575556 -0.5302009983 -1.399419977 -0.3202326153 -0.7341313552 -0.737850779 0.1650812447 -0.6115514923
7.617100716 -0.8914398269 -1.868098901 -1.282688937 -1.841269085 -0.4799164389 -0.5616280111 -1.288553433 -1.07240296 -0.2308284783 0.2065680421 -0.4022138558 -1.50094549 -1.440834455 -0.6981031889
-0.873858557 -8.354832244 5.809515289 1.526023452 -2.51324375 0.9508165751 -1.20015034 0.3154830916 0.3958061029 -0.8917830778 0.5444600829 -0.6957382277 -0.8996464303 0.4435589258 0.06523219329
6.656003784 -7.388024632 -2.756487302 0.4346253343 -2.959793036 -0.9168831596 0.2847001276 -0.6207683004 0.8506832956 0.93900639 -0.9318278935 -1.173016462 -1.362128994 -0.9228424734 0.3979455543
1.102236989 -6.925036788 2.805591208 1.490520654 -1.391083106 0.8141076357 -1.653699119 0.1915140318 0.786895477 -0.7564032182 0.683603176 -0.2018015917 -1.261118024 0.04724562225 0.3430887519
3.683406373 -1.067480602 -1.267746233 0.2570090546 -0.6374192164 0.123896172 -0.3546316728 -0.3018019177 0.07704292722 -0.254064676 -0.1356443568 0.08426310488 -0.3253825609 -0.1547918825 -0.2015857932
-2.586649084 -6.509697064 6.064169476 0.2322668103 -3.180157031 1.409536723 -0.2317446777 0.06345138182 -0.5283990246 -1.110236788 0.8857210151 -0.3798620836 -0.8749269018 0.4087111258 0.05709759673
6.033002919 -3.26629372 -2.361499691 1.829144445 0.3273097257 -2.632533907 -3.264657933 -1.169419491 0.02661768182 -0.121448755 -0.2389657732 -0.5954369895 -0.9444853227 -0.1654629719 0.5266402945
4.76804588 -4.899384035 1.383746166 1.462216516 -0.7413638784 -0.4201102934 -3.287525187 -1.54046714 0.4346715634 -0.3647099039 0.49091537 -0.0994448301 -1.650006795 -0.5310141652 0.5566916129
5.744606937 -2.956450662 -4.379135346 -1.286718089 -0.332309317 -0.1964153918 -0.5170267613 -0.7072701865 -0.2128814922 0.5865861283 0.01777023169 -1.295701638 -1.82742736 -1.029375853 -0.07627796085
-1.469721187 -10.65312317 4.317787906 1.956260465 -0.5635332061 1.156520623 -2.674383248 -0.1567582169 0.8124378028 -0.3774015062 1.053623939 -0.6308299049 -1.392528551 0.01251442454 0.3492271265
5.563323171 -6.218317237 -5.339601698 -0.1970000592 -0.592666962 -0.407847808 1.165195493 0.2862493831 -1.134112563 0.06326513513 0.492397579 -1.155396296 -1.904956737 -0.8301724077 -0.172048952
3.246174917 -6.13781744 0.1404729643 5.117788918 -1.165234994 -4.206538732 -1.016221382 0.1639439076 -1.068977582 -0.5588552543 -0.4195015683 -0.8160151723 0.3971118309 1.15427565 -0.425491307
