2.647072281 3.116194992 -0.7896492505 0.6943412174 0.6649589998 1.226826652 0.1762138665 0.3909206717 0.491542302 0.914224677 0.6358829177 0.5834653114 0.1985486247 0.2016323498 0.1363707306
4.640153229 4.419343779 0.1854573217 0.9364858746 0.2224787454 0.5602813245 -0.3888508059 -0.3532704488 -0.2851515256 0.262282585 -0.04784776971 0.08103526376 0.01786773894 0.09270567482 -0.1589090612
1.900048625 1.992757526 0.1648932618 0.9123659596 0.2898586783 0.7438716044 0.3207587818 0.594600476 0.4883802747 0.6978955293 0.5003839395 0.4650494454 0.1611780007 0.2082008989 0.08961502339
4.644042082 2.707736062 0.1693148235 1.923833325 0.2925140352 -0.7777157038 -1.418811703 -0.4133339593 -0.4055625932 0.1721173047 -0.4497430069 0.09671126891 0.6935034605 0.1789426986 -0.3334515704
2.874010704 3.554101953 -0.3610256922 0.9895229973 0.9585423367 1.535879087 0.4928669169 0.5951051369 0.4665232403 0.7001431962 0.2465094834 0.1868901986 -0.08275404614 0.1193059149 0.1091235169
3.621713612 4.088413017 0.1889209734 1.250991771 0.7543288424 1.13804722 0.1541439437 0.2609909742 0.03421163513 0.1994175692 -0.1589344774 -0.1211121049 -0.3761986721 -0.3277204612 -0.3916823266
2.4602077 2.570816069 0.2007215516 1.105086293 0.4106789749 0.6925485432 0.06322895535 0.2420362475 0.02891397984 0.2681877701 -0.03866348597 0.01945616706 -0.0005496478726 0.1133775119 0.04085179685
5.179522519 2.307867268 -0.7257398579 1.501921608 0.5170529885 -0.7000397453 -1.541141041 -0.2895918056 0.1006877943 0.5061558894 -0.0938185132 0.341469119 0.3571043014 -0.211340374 -0.3796846129
2.848920762 3.407431837 -0.6071017436 0.8768682796 0.7767376317 1.071970149 0.08063318859 0.2874140738 0.3570208886 0.7073193098 0.2347230172 0.1871206795 0.08593172454 0.3484297474 0.246323392
4.447325982 4.080976935 -0.3751733376 0.2730370315 -0.2194064551 0.391214903 -0.4260908515 -0.3218739446 -0.3507471901 0.3622831739 0.04279363556 0.2205245394 0.4232116017 0.6047705791 0.243654772
2.187490467 2.747580517 -0.327686862 0.9536895727 0.6001083948 1.01295131 -0.007519350255 0.2165443228 0.2848625203 0.754640455 0.3805581306 0.2655196189 -0.02188862162 0.1353953203 -0.007656755766
4.029717124 1.950163433 0.963408829 1.962085587 -0.3636126523 -0.8806681764 -0.747266584 -0.1561095643 -0.5751991874 0.3124103982 -0.4697781783 -0.06468408467 0.8763123323 0.1960899537 -0.4756954844
2.458027836 2.916988034 -0.6211106766 0.9997453489 0.9839439808 1.461361256 0.3068490904 0.295104705 0.1631619793 0.4742598261 0.1228292742 0.2033339611 -0.05993702911 0.03182963068 0.03213025472
3.845180059 3.69290215 0.3576149382 1.595089675 0.6911473201 0.7153170548 -0.3753740414 -0.2446595501 -0.1330400837 0.2489917787 -0.3504514912 -0.2203319682 -0.2654470354 -0.1842604578 -0.3850922365
2.010409877 1.822031879 0.5667719329 0.9119857894 0.1767851867 0.3552652601 -0.06818109192 0.259388129 0.186390877 0.3824847722 0.1902189547 0.2411601805 0.06853661918 0.05090076571 -0.07434562497
5.678404657 1.935967385 -1.32678157 0.7215701665 0.1606537379 -0.07874321541 -1.169647513 -0.5664438533 0.1206208193 1.044346464 0.2528568733 0.2415980357 -0.1402072875 -0.7764601328 -0.767325311
2.40226612 2.994185719 -0.8144078008 0.6002463493 0.5482418953 1.24560225 0.4163105742 0.6044252765 0.4782448148 0.6925524416 0.2789847077 0.3194190835 0.06386318251 0.2162711812 0.1122541228
4.880116698 3.925005246 -0.487998282 0.5291222336 0.1858411757 0.8768361112 -0.09572226873 -0.1812457464 -0.2449298246 0.4052349118 0.1107843973 0.1605513981 -0.1666095548 -0.2524353684 -0.464069332
1.73086413 2.142377972 0.1589919487 0.9667440773 0.5847469041 1.109933483 0.5867375028 0.6370942736 0.2128834616 0.3224939436 0.05920959417 0.1106876354 0.01383367355 0.04871267666 -0.05550271974
3.738247211 2.362945209 -0.1186896173 1.670935716 0.4474898721 0.1228867393 -0.6352496633 -0.07111877098 -0.2337172 0.039586268 -0.3470476 0.05279936344 0.1699192461 -0.1310020094 -0.3971801341
2.646074303 3.536515295 -0.1159185146 1.145530987 0.8434827259 1.224985295 0.1657339028 0.2877336761 0.2606378813 0.5937298374 0.2000022513 0.173815152 -0.1235044005 -0.02180478317 -0.09732169817
3.040847302 3.569048879 0.08782819637 1.336997048 0.9523866459 1.293188694 0.1501509118 0.1164567848 -0.1129067462 0.1025052723 -0.2536459658 -0.273477143 -0.5155015191 -0.45573362 -0.5229097083
2.082169365 2.253896935 0.5268414018 1.11723466 0.5366578595 0.7609384243 0.1453177244 0.2425561746 0.0538066165 0.3328896531 0.1049828171 0.03928736013 -0.2785143658 -0.2069964389 -0.1804094968
5.348092783 1.906742649 -1.207721923 0.8663622285 0.08056122969 -0.8028309942 -1.858546893 -0.6825729303 -0.1640425815 0.7457739153 0.263428232 0.2067865186 0.2953067765 -0.1295897457 -0.4762563517
2.97507573 3.286041303 -0.6856168341 0.5775004629 0.4482258816 0.994185489 0.01255551157 0.142796338 0.001900638977 0.457625545 0.1525502371 0.1778492342 -0.03840216089 0.1555970718 0.09993155957
3.922236292 3.738204641 -0.2014994914 0.7793762303 0.2378269048 0.705908669 -0.4628022076 -0.5372893469 -0.5051454852 0.1588592917 0.1117288518 0.2811653151 0.2363553744 0.314310623 -0.007386601589
2.333325691 2.586490562 -0.4038835002 0.6480695674 0.2726726119 0.9025013539 0.2331632959 0.3438020834 0.1093806489 0.4241526158 0.1441142644 0.1348324287 -0.1280870345 -0.07818373869 -0.06991299459
3.688361862 1.388305371 0.6485321237 1.891096766 -0.3782303178 -0.8005711734 -1.164538362 -0.3393581387 -0.509304838 -0.06077236989 -0.4700305834 -0.2368508695 0.5496022389 0.1034146529 -0.8146010514
3.018420047 3.20328352 -0.8200927912 0.7811612834 0.8458079191 1.265190975 0.2462266783 0.469559647 0.3359738023 0.5410308561 0.07068872139 0.01902206643 -0.3753413658 -0.3460014713 -0.4169220391
4.554481382 3.815808737 -0.03331983182 1.181163658 0.7502302338 1.044790672 -0.4183067303 -0.3283646093 0.03022425596 0.261381064 -0.342628432 -0.204276708 -0.5805638081 -0.7049162399 -0.6214417598
1.816047444 1.632870513 0.2043436124 0.6741373549 0.326080029 0.6389489187 0.2012499103 0.3216556233 0.04981309547 0.1933729394 0.005824198073 0.03147569889 -0.07798852731 -0.0164245473 -0.08758616535
5.576765554 2.509555634 -1.319148074 0.5249623726 0.431961404 0.3698565366 -1.285247762 -1.046843875 -0.2089921588 0.7240772706 0.5986984909 0.3895818938 -0.6256809829 -1.006636016 -0.8245107955
