5.142770051 2.943375871 0.5978060811 1.277362861 0.7577440716 0.5817660991 0.1736690312 0.368524076 0.3088889688 0.5085229347 0.4222889888 0.2140815623 0.01141147164 0.05614622072 0.09181208612
3.088736403 -3.920243207 3.634587453 1.535008593 1.050769709 0.5194143141 -0.2218685073 -0.3264886343 0.2340082252 0.2209821926 0.04307259217 0.2778050841 -0.5266199981 0.04575807216 0.2237400665
7.95830207 1.727782657 0.3646176801 -0.9238366332 -0.4076406404 0.3027136917 -0.2316578457 -0.8214831307 -0.7178623359 -0.3460140645 0.1804704325 0.326882955 -0.243067293 0.4391569179 0.5104757809
6.866610572 -1.073696588 2.032556505 2.296385514 1.235078216 -0.1897590775 -1.355127874 -1.591227818 -0.1324809158 0.1783771158 -0.3767141508 -0.1278271635 -0.9222703706 0.0756492533 0.6525438023
3.258019316 0.7982916581 0.9888786856 1.507930312 0.6713722527 0.6564969914 0.3595518868 0.6362744687 0.3114340339 0.5121514137 0.5728947837 0.4199792781 0.1063704146 -0.002274820792 0.07958734107
-0.5541644471 -5.121747527 4.036997301 0.4863349926 1.176733298 0.4165928778 0.01649874655 -0.04644922959 0.6459828816 0.3751428336 0.3031138751 0.1998445676 -0.3344249319 0.03524812199 0.163024397
7.608862646 0.5616945314 0.9210177671 1.198134656 1.361191443 -0.112172629 -1.376860778 -1.685379156 -0.8749890575 0.5565778839 -0.002602053236 -0.6056505755 -0.7300173997 -0.06625663318 0.6325229483
5.021896024 -3.797785242 1.005954091 0.6439701601 0.9627252696 0.1340755755 0.2560107685 -0.4274569292 0.1270476044 0.5731665453 0.1063062188 0.8400271792 -0.3265511182 -0.1625835842 0.4050219736
3.35621444 1.291684671 0.9530174999 1.130040584 0.5046482083 0.4557004518 -0.01191146749 0.2521553868 0.2493417938 0.5625124307 0.5230481982 0.3607392467 0.1797007818 0.1787289145 0.09866861325
2.571412761 -1.44676356 1.655007124 1.127578387 0.487809682 0.8448838431 0.06871779889 0.3348089772 -0.1689894511 0.2875112992 0.9833887625 0.4720505642 -0.28406363 -0.0233417849 0.0890717504
9.772863021 1.719715873 -0.7853566613 -0.9261744704 0.3394792619 0.1743528975 -0.5090094295 -0.896621303 -0.8007588431 -0.1683961313 -0.009790583427 0.3876438269 0.02188650667 0.2697682681 0.5275298894
4.449027266 -1.31818389 0.6102277612 1.638264246 0.7585994164 0.7095312634 0.03518837115 0.0007592754055 0.06033626812 0.4564135682 0.550994437 0.2927304197 -0.2339914973 -0.0229391721 0.1903678641
2.416794289 0.9299801931 0.6755391399 0.9804442859 0.4894333117 0.4920071897 0.3001539724 0.5501771498 0.4648036443 0.6253228324 0.5152996451 0.3515867194 0.1163924641 0.06614617133 0.06506218822
0.8479657917 -5.19755561 2.864938337 0.1412450917 1.866537425 0.6577007867 -0.306796271 -0.9797158645 0.0626906062 0.09949085166 0.4167583349 0.487074026 -0.6267352046 -0.1577360715 0.07972419985
6.415232577 -0.8888924451 1.149247985 -0.8691377954 0.2653628556 0.4770625467 -0.8023243548 -1.486111612 0.8405154795 1.148113519 0.1913970624 0.6430866002 -0.3089281058 -0.9692611646 0.1808333716
2.679851472 -3.171071897 1.907226674 0.4746304956 1.119107443 0.3621261105 0.2177172776 -0.3087947542 -0.02064343248 0.4664552439 0.253838443 0.5314208237 -0.4344914962 -0.1352774606 0.1904487701
5.393001862 1.318563438 1.355963763 0.7170739356 0.05964706991 0.235330016 -0.1680651899 -0.3420301394 -0.2490354162 0.1572395014 0.3636865327 0.2573362006 0.01319164936 0.1567391407 0.04371723431
1.170743982 -4.900860799 4.136954339 1.047755879 1.019706078 0.3211151397 -0.1402173311 -0.2592536625 0.4914924741 0.2515224884 0.1921463202 0.0757146873 -0.5343410161 0.07535692328 0.1838709314
9.167721293 -0.3110539893 0.9824405936 -0.6455510153 -0.8778956058 0.1621062882 0.0131879427 -1.08014752 -0.4874316594 -0.7550301101 -0.06452344046 0.7410750811 -0.3260543482 0.5034381595 0.754931088
4.650334137 -2.312084326 2.861301075 1.806643145 0.9263014258 0.4135728834 -0.7360011882 -0.8221223853 0.1011380692 0.2411300075 -0.04428205948 0.09298227273 -0.6094808511 0.05179795915 0.4516499097
3.427041277 0.4918763471 0.366463226 0.9103393108 0.6548737962 0.6648023377 0.1447565623 0.3814431642 0.262578243 0.4992958174 0.5991547572 0.2508228544 -0.1273923012 0.006220951777 0.08022094905
-0.03496741123 -6.187713563 3.79180465 0.789240608 1.064437876 -0.07002748492 -0.03100041594 -0.5520029042 0.6489252115 0.2512943145 -0.02073671002 0.2532551213 -0.5227537356 0.1259171973 0.2172479316
8.000822747 0.330760472 0.4911050586 2.036490156 2.062725674 -0.6078499663 -2.110018363 -1.569478864 -0.2510237552 0.465961589 -0.5690660737 -0.6593846395 -0.4959826046 0.1087233262 0.3959183715
3.167971402 -5.656420302 1.750875999 1.328361318 1.005376672 -0.1996062187 -0.1184816464 -0.5540195231 0.3593727921 0.8065159857 -0.2321212141 0.3744550558 -0.2776236154 -0.01638046508 0.3933915034
3.008145844 0.9894561246 0.8893708237 1.29740299 0.4824881959 0.4199715421 0.08295546343 0.354925089 0.06609825687 0.1692079821 0.2083136784 0.1245031659 -0.05382802809 -0.003605842238 0.04879261239
0.8094786826 -1.095116853 2.428326463 -0.2645752237 1.050381922 0.4666007403 0.2744524217 -0.03485168061 0.2928349082 0.3930595941 0.5872754907 0.3853432181 -0.1633116028 0.08008961714 -0.04784764746
9.764400954 0.4029309171 -1.041043439 -0.1830275018 1.08027317 -0.6819554512 -1.001776219 -0.770356591 -0.6439674555 -0.1175638185 -0.3136003706 0.5480631111 0.1191783364 0.06120849178 0.4099604131
4.454066989 -1.384586326 -1.200173509 -0.117120373 0.8975636958 0.4342468966 0.5406785638 0.5673102981 0.1228165497 0.03395070821 0.04564895097 0.2361455924 -0.1553995975 0.118485318 0.2405705177
2.143363418 1.421637863 0.7682047203 0.9004044325 0.4613765433 0.412986507 0.1919127962 0.2082085806 0.07348769216 0.1452049568 0.1631902663 0.1456349639 0.06707412628 0.0987131379 0.08988987387
1.425854732 -6.601255208 2.358303092 0.1866274216 1.527914541 0.4024401793 -0.2238192927 -1.102845088 0.2144229941 0.2062930588 0.176711475 0.9762231306 -0.5156104628 -0.1223190836 0.2174598284
7.597834666 -1.65628444 -0.2197388426 0.09526230611 0.5212590985 -0.2986665886 -0.6377441947 -1.285168828 -0.2889913387 0.6940239829 1.096181192 0.505509192 -0.9329479768 -0.2105404935 0.3765434656
2.326938235 -4.490597864 1.977602179 -0.3535399508 0.9957129807 0.3027287196 0.4364208217 -0.2916970083 0.1585150792 0.2242441224 0.4363991989 0.4795438259 -0.1666516604 0.14457563 0.1048706778
