4.65246692 2.129272046 0.07725549263 0.4778452107 -0.3508315297 -0.2626127628 0.1817934023 0.5205457113 -0.08213796245 -0.3305206671 0.002711997255 -0.1861267875 -0.3037521157 0.08885775284 -0.009605833884
2.994454492 -1.198190953 5.186846374 -0.05185932526 -0.02672876518 -0.4677100824 -0.3503630242 0.2867801854 0.1794672611 -0.3434935552 -0.06616434087 -0.1748910079 0.2548275095 0.7969967609 -0.3136253288
3.42983629 -0.1653247453 -0.2779384238 0.6799384345 0.2977966006 0.6751069026 0.6602179699 0.06421373097 -0.1773995565 0.315449615 0.1382930598 0.003231872563 -0.207017157 -0.358541417 0.07069956578
6.497293079 -1.565302992 2.526016552 -0.5053550825 0.3805523516 -0.4429137987 -0.3298071231 -0.4076925859 -0.5002593235 -0.2728615203 0.01690534784 0.1758306827 -0.3290462709 -0.1309075442 -0.1139001359
2.599373678 2.664188764 0.7052291447 0.9827021065 0.5453088661 0.5699833565 0.3512134812 0.2361218979 -0.0137170038 -0.1550212644 -0.1134575425 -0.002008931739 0.0718440891 0.1081200321 0.07573617318
0.5533221898 -3.921355473 4.555216017 -0.3457417271 1.265614697 -0.0245356388 -0.3169150041 -0.0305670363 0.2472217435 -0.3802374385 0.2685101883 -0.1328798689 -0.1478430719 0.2740887172 0.05763946706
3.034337501 0.6565043648 1.054395983 1.398076277 -0.1280858742 0.2795281639 0.4620695788 -0.09608388473 0.1411890897 0.4590026721 -0.4807634509 -0.4680757182 0.1825942939 0.1182157575 -0.008351809109
7.040962143 -0.6234287144 0.1390824695 -2.085648498 -2.0418655 -2.661613374 1.510259381 0.07697417627 -2.31140071 -0.104873247 -1.25081962 -0.6136210794 0.7708193404 0.2455369218 -0.4660503159
3.831626644 2.152766425 0.464046108 1.174291504 0.3693525025 -0.269466601 -0.5780674724 -0.4637459512 -0.6305425784 -0.4891654091 -0.11314747 -0.03128810451 -0.1367947804 0.1202152384 0.2694179653
1.627608707 -1.426695912 2.423095659 1.134601314 -0.2918469973 0.06273123754 -0.105820998 0.1430397506 -0.2860886181 -0.06670236276 0.2463297744 -0.3260035234 0.06394323832 0.5474320218 0.2076708136
3.382536502 0.9726147358 -0.6619852245 0.9727887866 0.9649582848 0.3536164108 -0.2370115355 0.2205936403 0.06887038022 -0.2703408122 -0.03581786525 -0.03774302154 -0.2154794506 -0.1584979752 0.1183432854
6.584888179 -0.08346804261 -0.4949044055 -0.8772398426 0.1441739215 -1.51765134 0.2988352478 -0.8236051785 -1.650124914 -0.2705248615 -0.4282261586 0.2894209199 0.1920743432 -0.430189165 -0.6577396787
3.480413865 2.845993057 0.3973734622 0.883146707 0.566606923 0.4431149411 0.09363787107 0.01244383822 -0.145100726 -0.1702571506 -0.02008214443 0.1120387614 0.1185460716 0.09151569887 0.05051935888
-0.2151175864 -2.099915263 6.107590515 -0.6264907385 0.4957661343 -0.2024454456 0.120777509 0.7848209711 0.003005368987 -0.3691599124 0.3763717723 -0.3410463536 0.1602417699 0.5221828077 -0.1318558098
3.616310098 0.3436416084 1.974534941 1.810879128 0.3154137804 -0.9797297408 -0.1727413918 -0.3166161938 -0.01954037044 -0.03807359054 -1.261935394 -0.365522711 0.2200774079 -0.2046050889 -0.6399907891
5.706126432 0.9995416122 0.8212542472 -1.214488777 -0.9015543146 -1.688905345 1.12403254 -0.02455803508 -2.111876788 -0.6635232043 -1.124888618 -0.8507756987 -0.1784484329 -0.4947200891 -0.4415263039
3.354031063 2.700720767 -0.0332115019 0.1385804009 -0.02086317817 0.1430315015 0.1259596757 0.3152086811 0.04508988096 -0.2263093522 -0.1514570503 -0.03441553898 0.001325306115 0.0212734144 0.05598249241
2.940112584 -2.542620143 3.781587024 -0.05796858552 1.05708632 0.5063042228 -0.5115960987 -0.3197691511 0.1366063318 -0.2067017909 0.2598468735 0.1637676876 -0.6141243982 -0.1551354304 0.04078318152
2.501605886 -0.7719160091 0.5066402799 0.7875195333 0.3062392977 0.5422967043 0.09588025742 -0.06727313232 -0.08105276629 0.1203172341 0.2087373673 0.03727728645 -0.4835565172 -0.2931819449 0.304709391
4.846857036 0.04557398794 1.790838536 -0.326872168 0.02590322366 -0.09273713289 -0.4179085166 -0.6678206437 -0.6317563257 -0.6211315434 -0.3146826322 -0.0515611516 -0.8935767569 -0.5262969196 -0.2426329446
2.291591567 2.146985437 0.2818247204 0.5103458749 0.3134626299 0.3403251985 0.1311144072 0.08734132597 -0.1167940972 -0.2021966147 -0.08437655628 0.1203221433 0.204174133 0.1568981079 0.1254893172
-1.674824047 -5.593245409 4.748585665 0.1667052808 1.952302822 0.1413725394 -0.4570608876 -0.2373426811 0.6100992685 -0.02436150145 0.3312999334 0.06498787109 -0.499609827 0.1429608998 0.2584703886
2.253453021 0.8023695207 1.012014164 0.9421471869 0.4584108607 0.4786689555 -0.01739020627 -0.2109726546 -0.2868875342 -0.2085291828 -0.02533999264 0.02988608233 -0.05222083622 0.09658517441 0.2066483328
5.41178142 -1.212400298 -0.02716319872 -1.653462849 -2.259289033 -2.103915942 0.9293716272 -0.1939953553 -2.297118454 -0.286950633 -0.7847126176 -0.2642048176 0.5286011298 0.03397587248 -0.6665637734
4.59297932 0.9125457737 -0.3633263108 1.069335106 0.2986938226 -0.5625579581 -0.8028186348 -0.4933226211 -0.8437071317 -0.6317058895 -0.00176693804 -0.03649018231 -0.329443478 -0.08099797428 0.3865030116
-0.7875044938 -0.6912174676 3.830016092 -0.05438654155 0.02703649227 0.4009382651 0.618943668 -0.09467335452 -0.2608918199 0.1225228901 -0.325616956 0.06835086192 0.255932542 0.02578430082 0.04434737948
2.884225045 1.877185275 0.3187308694 1.484979769 0.8453846877 -0.2751588468 -0.4269716388 0.2646087943 -0.1211280358 -0.495352645 -0.2382547385 0.2188354512 0.2834996007 0.10836115 0.08800926102
6.011246733 -1.486559334 0.01324889712 -0.5588623396 -0.857889693 -1.839778054 0.6598247307 -0.7502125736 -2.279078725 -0.2276670467 -0.1850504061 0.19009475 0.2785604394 -0.4370539287 -1.277859051
3.07159284 2.941330121 0.5361899012 0.5973200045 0.2305350287 0.0776685294 -0.2393314827 -0.2629801435 -0.4765960047 -0.4827459409 -0.1936364569 -0.02145757039 0.06978077803 0.0745816225 0.07553970237
-3.602684159 -4.086796352 6.09797443 -0.5486438471 0.3110783644 -0.7033410631 0.1649318407 0.5512230197 -0.1082544144 -0.6919568473 0.3298636148 0.04228490226 -0.2987790447 0.1990906153 0.3742361262
3.378812632 -0.2951829158 3.078003312 1.308958472 0.1311933623 -2.274883721 -0.3751980433 -0.7632484307 -0.2877988577 -0.5291011113 -1.293257078 -0.00241717823 0.2236907512 0.340238533 -0.7250085235
5.747067237 0.3341704638 0.1422575554 -2.10726555 -1.987459568 -2.638873865 1.177191899 0.5381318007 -2.098943122 -0.5727356363 -1.359342068 -1.093484199 -0.03029286287 0.1142172534 -0.4377090179
