2.303679298 3.275525731 2.285478371 2.088238846 1.933652106 1.205245293 1.108926243 1.390572704 0.62121755 0.3376210772 0.9144517739 0.04539623908 -0.1137753584 0.6894053761 0.04910011952
4.890813442 4.965183145 3.208022046 2.225815653 1.380293706 0.5177759155 0.2544568279 0.5558014138 0.08121654238 0.08071449779 0.694670959 -0.04194917242 -0.1994350401 0.4958209085 -0.09216988138
2.594312139 2.245903835 1.484340895 1.547590799 1.261796645 1.289637114 1.123480173 1.185579702 1.095449742 1.097510017 1.049081601 1.02426684 0.9669420355 0.9684678442 0.8815036421
8.414555958 2.137326642 0.9385520424 -1.071557812 -0.4019475682 -1.941532592 -0.8071043043 1.293154003 -0.4766445008 0.02193227136 0.1461712424 -0.6740356819 -0.3018785736 0.2848134403 0.6911071327
4.283696119 1.985332572 2.939989028 3.042314506 1.727253111 -0.5233475325 -0.3379229372 1.120072733 0.5925057295 -0.2235783751 -0.2262757132 0.09980977575 0.03682455873 0.2567916078 0.2318015723
7.164845412 3.529411228 0.3553573665 -0.02233978905 1.622409663 0.8712677571 -0.04519198729 0.01730490256 -0.3775531186 -0.5632652832 -0.5110208264 -0.6543120511 0.1340206533 1.495957319 0.3998158284
0.7383183094 2.257545015 1.227413191 1.468227865 1.702758132 1.33288609 1.328394151 1.639185424 0.9282931734 0.7425277394 1.421795978 0.4148615327 0.2314164185 1.073077052 0.3712227615
5.512780878 0.2356475943 1.2810371 0.583487297 0.374718972 0.4103017456 0.124317107 0.1948283393 0.0692085224 -0.1097069729 -0.03666654063 -0.1537703645 0.04067693283 -0.1215034973 0.0288228588
3.762435142 4.197909598 2.806353532 2.2206361 1.786720835 1.036527202 0.7526262876 0.9385975077 0.2677443251 0.115455746 0.7852032068 -0.01118132625 -0.1622830964 0.5692522066 -0.00738796352
7.334612368 6.276603183 3.079225045 1.278718004 0.3334287884 -0.2218553898 0.15478952 0.9541644895 0.3633321171 0.06162006689 0.6792708726 -0.1575141058 -0.2439094524 0.5037527494 -0.01082473955
0.3394810067 1.805214061 0.7249687527 1.02878149 1.352786388 1.04410311 1.20318752 1.566249095 0.7612917259 0.576751074 1.308285905 0.3224959155 0.03751569215 0.8999342695 0.2244517439
7.995314311 1.589473522 0.4550586378 -0.3564350675 -0.1194967992 -0.1773463542 -0.2687136675 -0.06368888294 -0.1918262006 -0.1959742585 -0.2384886978 -0.12083743 0.1316129755 0.1781182256 0.1292109868
6.03383456 -0.339551305 2.318313887 3.47675746 1.766273513 -1.340589237 -1.143348503 0.2617485159 0.2001076693 -0.4664833201 -0.6383125317 -0.2944503062 -0.4067731704 0.1421597833 0.6910684559
4.983624435 2.522420806 0.6253242277 1.013199095 2.583621803 1.100474645 -0.1341164584 -0.1332700126 -0.1778962277 -0.6748337525 -0.4000895933 -0.6147644614 -0.01428732618 1.314896471 0.2472036701
1.689554096 2.053667281 1.177122512 1.034686924 0.9416194658 0.638198635 0.6547905866 0.9377086271 0.3409977931 0.2363038124 0.834879421 0.2227579813 0.06918493923 0.6174674994 0.1316894978
7.330212621 0.003505022783 0.09538621731 -0.1979710323 0.1620341493 0.1182268579 0.5415804927 0.3054870565 0.09297102002 0.1021240678 0.2712701012 0.1683345207 0.1870908223 0.1054762174 0.197726176
2.722985129 2.757659868 2.011669981 1.775237619 1.424068223 0.9343811958 0.7263266634 0.9311645057 0.4008163636 0.116801042 0.4743592848 0.01559861119 -0.1032925159 0.3600726012 -0.03903705378
5.45265167 4.257671393 2.323549444 1.312819081 0.7117020687 0.3344739194 0.1606298398 0.4034428561 0.1406244244 0.108955122 0.4078642769 -0.04119452185 -0.1033409546 0.3438573839 -0.008785801902
1.662661774 2.461720357 1.4817831 1.448664772 1.47585062 1.139966839 1.074539961 1.326828526 0.6375771461 0.5245903977 1.178881183 0.3555040655 0.1592389853 0.8492728212 0.2300587634
8.42208503 1.188338682 0.9468715087 0.3655784074 0.08300087741 -0.5960489762 -0.1518831885 -0.0399323556 -0.7862358071 -0.6016651064 -0.2240126948 -0.0338807227 0.06277493546 0.2948246163 0.5555432171
5.196563419 0.3198764007 2.750083424 4.359715918 2.218001898 -1.649969079 -0.7566789013 1.127040355 0.1278180499 -0.4539085389 -0.3800532959 -0.06158584515 -0.3602534746 -0.05018672698 0.4932754162
7.829282414 2.928936482 -0.2642308327 -0.1210622116 1.673602492 0.3826115115 -0.5004578637 0.05208589747 0.01457183437 -0.3129888495 -0.7247119664 -0.9801798091 -0.1120684185 1.444278857 0.7279738393
0.6382325719 2.085277483 1.222490954 1.391319515 1.576380885 1.05280232 1.05305683 1.355731577 0.5700001877 0.303571965 1.017345022 0.1233931836 0.005281840383 0.936445307 0.2734782808
4.705320483 -0.7389410792 0.4129552488 0.1668515042 0.1015562608 0.03848471627 0.1577841995 -0.01546185925 0.03680803784 0.2096943553 0.1457894676 -0.0080056888 0.3300495726 0.1968522417 0.1415711348
3.796785701 3.736737387 2.367166626 1.753295373 1.275645516 0.7187873603 0.4520828052 0.6489974125 0.1405371013 0.03444863961 0.4695130194 -0.1519583466 -0.2849467583 0.2790838618 -0.1286969895
7.888720792 4.432318994 1.686491516 0.1914705945 0.1059473182 0.0687940907 0.1053556338 0.3577010451 -0.06974451917 -0.1583076315 0.01390895396 -0.2328557682 -0.2182252915 0.09424805385 -0.1428504041
0.7296079323 1.733484993 0.7645853925 0.9980567957 1.135760382 0.7385854177 0.8644559502 1.261997654 0.4728404898 0.3163561954 1.105648454 0.2637297828 0.104190248 0.9244551094 0.2460654434
7.576497186 0.3259878303 0.09672533227 -0.3680521335 -0.03408679747 -0.5160291984 -0.527467664 -0.3003218636 -0.1958182489 -0.1013306594 -0.06754389146 -0.145045745 -0.03297498865 0.06067552769 0.1543666818
7.747280258 -0.4196345442 1.073192388 2.502382751 1.732645273 -1.235009445 -1.343575528 -0.1538911768 -0.4365589508 -0.4580714607 -0.3608035882 -0.142576945 -0.1551796998 0.008734994769 0.4698216701
6.417254223 2.335809354 -0.2015007591 0.7115029252 2.443565984 0.5951977975 -0.8062710773 -0.1861631469 -0.08446040217 -0.3309521998 -0.3385362445 -0.8747322289 -0.1345173119 1.318968311 0.5742477663
2.014799897 1.726458327 0.924694079 0.7955704862 0.6136403423 0.5102631784 0.3543549577 0.479411715 0.1699403448 0.1508956407 0.3678938702 0.1444232868 0.067905659 0.2716038379 0.001282271226
6.683153802 -0.3235578186 0.201853658 0.1137221932 0.01943155836 -0.3597395417 -0.2395615757 -0.4911922759 -0.4969925697 -0.5149272093 -0.3385289707 -0.1914604719 0.08651824641 0.2159164286 0.2654982134
