7.684292923 -1.392151668 -0.4010526775 2.934531864 0.8167174169 -2.064747107 -0.8220332053 0.5669513527 -1.95011928 -3.118744183 -1.592252316 0.6359931033 0.7890504288 0.07766359507 -0.4893135142
3.87354635 -2.426017273 2.335953209 0.7125576661 -2.635946272 -1.398011896 -0.7238765997 0.1324923193 -0.423369521 -0.6182704324 -0.1537880983 0.1270262853 -0.8883187373 -1.09337443 -0.5358799004
5.794577354 0.6979416239 -0.1561294666 0.5438507856 -0.2302148884 -0.4270045592 -0.915080715 -0.6811372312 -0.842627998 -0.3003787976 -0.5800776199 -0.4281198434 -0.514621933 -0.5726844229 -0.2471407927
-2.048004014 -2.184428539 3.604258649 -1.758393299 -1.409423396 -0.5984663186 -0.3994396402 -1.085300293 -0.8650278242 -0.1913400355 -0.5057591088 -0.009621260304 -0.1713882938 -0.4253982947 -0.5068849781
10.64644518 -1.848603106 -2.15421379 2.103009863 0.3137249163 -2.657143536 -1.25943889 0.3735592523 -2.020859049 -1.930223347 -0.7116417819 0.4123806232 0.2603804725 0.04324172771 -0.01050833279
4.142942973 -3.917585731 0.3102525506 -0.735066443 -1.426774025 -1.637792607 -1.578205522 -0.8960161534 0.3295262488 1.367429697 0.2462229129 0.07892784352 -0.06450508657 -0.3397771515 -0.7481805
5.932570397 -1.570281344 -1.281480975 1.388318105 -0.04577653378 -1.624667339 -2.274315712 -1.702495739 -1.453555728 -0.3349625024 0.05331636765 -0.3922389649 -1.014802161 0.08029881844 0.6175826667
-2.365830924 -6.357462517 3.746845754 1.865010743 -2.061580985 -1.695239597 -1.505273226 0.8246887277 -0.2568002455 -1.276240559 -0.6841724622 -0.09230776471 0.3322516991 -0.7925987501 0.04148635003
7.031662778 -2.967741782 0.08251113209 4.542414764 2.931335103 -2.430833025 -2.370391648 -0.5087123837 -2.181454887 -1.283374362 -0.2448362805 -0.2069704906 -0.557255292 -0.6979651178 0.2265081055
0.6413459753 -4.895275839 1.284069464 -1.175191022 -2.922746006 -1.887439625 -0.6300472046 0.5288440938 -0.4812800766 -1.156264115 0.1607257663 0.7611367607 0.7925258008 -0.2651928926 -0.7162020378
3.543162841 0.2999729441 -0.4288317026 0.1346613402 -0.7365827601 -0.8826389939 -1.146771294 -0.8745477896 -0.6039153784 -0.1181292452 -0.1314538981 -0.08671926233 -0.2528492124 -0.2484739055 -0.127570699
-4.010556704 -3.596689138 4.012589795 2.099519039 -1.699801113 -1.547412553 -0.3836396577 0.4410593886 -0.8265977922 -1.461948197 -0.5516256827 -0.2733121922 -0.8488633378 -1.289384933 -0.6591124271
9.505159623 -2.588564748 -3.051179626 0.3317381851 -0.8663399748 -2.463159601 -1.09117909 0.4616044475 -1.091571942 -2.194529157 -0.7135484664 0.7102942571 0.7914428574 0.5951242258 0.05142038931
2.339784069 -5.682870438 -1.743653166 -2.42194819 -1.123973276 -0.3833937591 -0.6706504591 -0.1867021576 0.9115797553 -0.1575356492 0.1591984526 -0.4679139413 -1.339466339 -0.5133480038 -0.6571301164
5.52087944 0.1008818606 -1.431500099 -1.380970922 -1.868574379 -1.695805005 -1.530644933 -0.9792938372 -0.04772933268 0.8516859958 0.5582302676 0.4022609308 -0.3062422782 -0.5701418796 -0.3826355252
0.4440743475 -6.580486044 3.037676528 1.515112993 -1.792483473 -1.695632257 -1.594276411 0.4171736811 -0.5143995671 -1.22988105 -0.5857603892 0.1497094102 -0.3162533904 -0.8618322713 -0.5855747669
5.364029101 -1.625966716 0.2524915969 4.001740695 1.646846039 -2.040179859 -1.402306187 0.179643885 -1.54816082 -2.138026001 -1.261038116 -0.06599165366 0.1975138921 -0.1834103922 -0.5993913491
1.238736452 -3.518985566 0.03868964207 1.235949854 -1.360362202 -0.9929038216 -0.3037039686 -1.204434952 -0.6141202422 0.4070477878 -0.5975648295 -0.5764728412 -0.2410824857 -0.2615117471 -0.2252370581
5.269869286 0.6137455741 -0.01901454327 0.7318066047 -0.4615465117 -2.007423261 -2.826414702 -2.143187124 -1.360496074 -0.5876052443 -0.8437534236 -0.5064363829 0.005431284017 0.3192832246 0.307095336
-0.485357057 -2.937464988 4.887273915 2.637921083 -1.936579475 -0.9843207457 -0.866860892 1.051495355 -0.6610287909 -1.158949287 -0.2267766449 -0.7486056608 -0.9723227473 -1.523053806 -0.8716860017
8.106316684 -1.829933111 -2.742429792 2.242107138 1.124188877 -1.757666654 -2.579276585 -1.670749665 -2.446415124 -2.152566216 0.3284480008 0.9560588175 0.62342584 0.1286394272 -0.3584394623
5.764677234 -3.397727634 -1.731030753 -1.967676086 0.02047129472 0.6525042534 -1.543167506 -0.9535636857 0.9815171279 0.3382760915 -1.125943184 -1.216960372 -0.8700366446 -0.3819832651 -0.9211238545
3.970036218 -1.956619648 -1.249722397 0.8247204574 0.1031387867 -1.000167217 -2.464082852 -1.7979106 -2.102525441 -1.711025927 -0.3390643496 0.8348729605 0.672372181 0.2487560038 -0.08950544658
-2.759276584 -5.932390079 3.547918811 1.756777708 -1.686112805 -1.806888152 -2.206647131 -0.04980853909 -1.165112518 -1.297491658 -0.5820600476 -0.2510544792 -0.152692726 -0.6637545089 0.09339920045
6.778534744 -2.561258258 -0.5039604345 3.595455201 1.635994958 -3.474479167 -2.985095296 -0.8052176675 -1.841266218 -0.7348467398 0.1043519037 -0.3141310651 -1.033346219 -0.9075612811 0.5955177231
-1.16295821 -5.898652901 0.3390086674 -1.329313051 -3.049297589 -1.82324089 -0.4517061153 0.6175750712 0.4230761425 -0.3771690302 -0.1153983655 0.3621756749 -0.2820565417 -0.711245874 -0.9315196789
0.2698623887 0.1676549317 -0.2266102872 -0.208360373 -0.3706968215 -1.396094973 -2.388760579 -1.395971625 0.07391256605 -0.1012151611 -0.5234140224 0.5312722472 0.3568675922 0.2837026274 -0.2114545859
-5.943840257 -4.934846416 3.488052701 1.700517859 -2.027551551 -1.496364019 -1.027137227 0.6916249257 -0.881525561 -1.458866337 -0.2498225773 -0.334974736 0.06486492129 -0.6723824646 -0.5423857523
6.90556288 -2.471161213 -3.333641573 -0.1186228746 -1.011312111 -2.125397327 -1.365557195 -0.1751236993 -1.167739661 -1.972858345 -0.6959196939 0.7964346528 1.020926504 0.5850239267 0.005226372349
0.7006650484 -3.655020964 -2.882800237 -2.821630851 -1.371309806 -0.8040186219 -1.749370607 -1.036242452 0.6356322482 -0.3362010463 -1.030106249 -0.3194220878 -0.2965685911 -0.6997354237 -0.4700822967
6.076527328 -0.9608685715 -1.678328483 -0.3290998339 -1.479595608 -2.621570307 -3.172012487 -2.065936571 -0.5599759535 0.8599255415 1.013520742 0.8911347322 0.2361806789 -0.1746068345 -0.2408681145
-0.9717902256 -7.486105693 2.467583634 1.352927344 -0.1887928722 -1.522521374 -2.409764256 -0.6138270155 -0.7832476698 -0.3467628255 -0.3978612966 -0.5641642037 -0.7227553254 -0.6757351755 -0.02483254473
