3.181922865 2.715258451 0.4106415687 0.6544502928 0.3825142836 0.3943807334 0.2258466397 0.3235722463 0.1323354942 -0.1056645578 0.08752937763 0.2729567214 0.1967069875 0.1186866244 0.09434491662
3.594871937 2.844628428 1.243046404 1.36678637 0.8849450033 0.8190717658 0.2822234023 0.2358974341 0.09462076519 -0.06753359806 -0.1037800791 -0.0606041494 0.0120371502 0.03547584295 0.01058324726
4.465118304 -1.235862113 2.809656035 -0.5069092416 -0.02361328371 -0.2271043292 -0.5758107308 -0.1592261587 -0.1803612538 0.3818235174 0.2187245254 0.1670758352 -0.5770841314 -0.261430298 -0.1273638795
3.359821364 0.2249283826 1.388692175 0.4526269692 0.1643225593 0.3886269762 -0.2673948809 -0.06271012274 -0.1096633208 -0.04447794705 0.1844288763 0.0201238643 -0.2895034325 0.009667738374 0.04429494061
2.554595338 1.844884173 1.574171358 1.342816657 0.5160491119 0.6978917815 0.3183805802 0.1654607061 -0.02925250353 -0.1770862366 -0.004951559401 0.1828042527 0.1190216855 0.07611749157 0.1141488244
4.549085798 2.29909152 -0.08687954533 0.4715611966 0.1307573404 0.2425087481 0.1543938767 0.1895018205 0.04610548896 0.06679272687 0.2094918984 0.2116578385 0.09030801078 0.08327908266 0.06738642122
-1.351171338 -3.746879871 4.581328681 0.0393785304 0.4871763943 -0.7073036242 0.09491280886 0.1941372406 -0.07711209564 -0.09424857099 0.389330543 0.05724847412 -0.6065056199 0.09523806328 0.2066253644
7.041722266 -0.7743988652 -0.4542501479 -1.447086892 -0.1361709504 -1.657422312 -0.07196374034 -0.3795698936 -0.7510430319 0.6553121168 -0.4889807191 -0.07167205022 -0.2358683801 -0.9544843362 -0.8318626349
2.146084353 1.850162242 0.2270045456 0.5066594172 0.2747043372 0.4510267464 0.2288063024 0.2965071008 0.2261483409 0.04446613419 0.171631314 0.2662939066 0.1817584524 0.154742031 0.1378899255
3.708403138 1.906799883 0.3403463992 0.03289116213 -0.4130777815 0.2580080684 0.1743676885 0.1719635233 0.1181760616 0.03684835526 -0.01409740279 -0.1171932644 -0.1992378002 -0.01531137683 0.0207203041
0.7296095312 -2.357897363 3.15048133 -0.2014743396 0.4646993556 0.000390215424 -0.1352005611 0.02575688117 -0.3483330753 -0.01448785958 0.3284698878 0.2564918876 -0.3328053557 0.178952341 0.1451150568
6.261050242 0.9991535749 0.452902555 -2.060448319 -0.1573875012 -0.3746873589 -0.5174767355 -0.4688480044 -0.7138184995 -0.275133199 0.2258911597 0.5496464106 -0.01801164853 -0.4383594512 -1.071120872
1.588843033 0.9600666463 1.162485698 0.5156063661 0.2660114042 0.5784339778 0.09783281207 0.1697209738 0.07913515107 -0.1465361364 -0.1104494067 0.06127653927 0.01942134221 0.08794068789 0.1287085628
4.003625147 1.638496032 -0.09460189619 0.6346065635 0.306897671 0.119733595 -0.3713219706 -0.3976331365 -0.2912232472 0.1038668299 0.4120313953 0.2251722368 -0.02508893869 0.03681530665 0.01094864002
-2.472938765 -3.798675027 5.215400649 -0.141980161 0.3398133044 -0.8605179139 0.2666027297 0.1087813724 -0.1548711591 -0.2600481131 0.4620039198 0.2206948996 -0.5024959658 0.05221749615 0.1605726739
6.982708062 -0.312155237 -1.027714885 -2.917379329 -0.7153275599 -0.9659457234 0.2523322011 -0.08930021512 -0.9167126242 0.148609469 -0.2202864653 -0.4798742682 -0.296156619 -0.8108383398 -1.617487886
2.59505983 2.272221642 0.374604692 0.9285711172 0.7006232478 0.566957309 0.2471215397 0.255940626 -0.01731519457 -0.2534675662 -0.1049922399 0.06035057591 0.003998553936 -0.09385827041 -0.03055890669
3.492691095 2.307012316 0.9883717484 1.124047541 0.3479837806 0.2120259244 -0.1576120373 -0.1264437543 -0.3430431982 -0.5031062153 -0.1583580883 0.1357094038 0.1197536256 0.1649329615 0.1595331279
2.50278587 -1.753890515 3.089945565 0.1761872065 0.1882710507 0.1341957287 -0.2957627872 0.2256457448 -0.02528400694 0.1601443305 0.2217021258 -0.04693676051 -0.5979716016 -0.04901569397 0.2193935509
2.611945873 -0.5752639955 0.9486637432 0.2493982864 0.06465247997 0.003957328997 -0.4535680098 -0.1420995489 -0.1284119807 0.05738382319 0.2088462904 0.1178157788 -0.1366731374 0.01065037473 0.0412022888
2.774234519 1.615730523 0.7902010597 0.6890953532 0.2227291789 0.2443001648 -0.266672441 -0.1927165826 -0.1472918087 -0.2171790126 -0.02267859782 0.06840654346 0.001751489683 0.01318610547 0.05879574545
4.578185639 1.630080018 -0.7345496773 -0.1059349852 -0.1525788814 -0.1003775152 -0.3269818668 -0.1372503283 -0.199435925 -0.1577314773 0.2401269628 0.455247094 0.2200694029 0.04653260295 -0.03754091977
-1.838143898 -4.430726395 5.241635663 -0.2499873959 -0.05997466257 -0.513380756 0.04873092971 -0.06279311739 -0.2488193387 0.01134405456 0.09997780357 -0.06264185391 -0.6805498778 0.03056051531 0.116014433
6.787346661 -1.365145167 -0.746884043 -2.328907439 -0.2337956104 -1.266204054 -0.1959229043 -0.3682727268 -0.7511238426 0.2591018986 -0.3796153788 0.008260440588 -0.3675670643 -1.058840201 -1.135189478
2.181750573 1.697630012 0.1197745663 0.2674684826 0.08203400401 0.18733973 0.007481976856 0.09952180428 -0.09033489244 -0.2748894601 -0.1823071981 -0.05258345042 -0.1248789583 -0.07612792441 0.02305361893
3.283702901 2.382906699 0.06810024476 0.1896325257 -0.01570941927 -0.08333370532 -0.2567664177 -0.1116790636 -0.2567862284 -0.3243969207 0.0051443994 0.3337322995 0.2200591091 0.1156626892 0.08981909017
0.167135329 -3.377088283 4.177121745 0.2768232034 0.3953325343 -0.2996391869 -0.0738188645 0.01440570489 -0.2998776528 -0.0623553134 0.2400351733 0.1009580781 -0.6469377294 -0.06484303505 0.1352077124
6.090190098 0.2465118821 0.5703029439 -0.1702192857 -0.3828587166 -1.104416958 -0.3022529968 -0.8787597385 -0.5367142491 0.518290457 -0.2654426956 0.1121521932 -0.4624185771 -1.115695113 -0.6000340133
0.2572262971 0.2252978098 1.776633518 -0.3200605896 0.9011321057 0.6078452005 0.1325818758 -0.2023356483 0.0835354025 -0.279184595 0.03426129547 0.2692672746 -0.2400762399 0.1022608966 0.0336561659
3.410162452 0.8093474831 0.0623863965 0.3884314591 -0.1490451515 0.09230207121 -0.1852712348 -0.03910483863 -0.009422164902 0.1724082545 0.420022445 0.2067248792 -0.04713349096 0.03798327649 0.09689423089
-3.062345792 -4.669024374 4.816949174 0.04704794256 0.6230249308 -0.3902625815 0.1733405046 0.007143258071 0.06614523508 0.1020930139 0.4358907117 -0.0264994797 -0.6123068774 0.2335528598 0.2498429538
7.240946535 -1.697399071 -2.067103572 -2.620068036 -0.4459999918 -0.923342374 0.06377960848 0.1548090847 -0.7876999775 0.1928024055 -0.4459275452 -0.8644640963 -0.2808114833 -0.744215931 -1.636110775
