1.82730528 1.565777066 0.8685094399 1.795733355 0.9161764373 0.2966105784 -0.6207794621 -1.091841091 -0.8984782015 0.1204348419 0.8790826361 0.6389224596 0.1438354492 0.2933967034 0.845543584
7.008326641 -2.283419858 1.675463098 2.024592707 -1.037494413 -0.3728259715 -0.6982747483 -0.776668187 -0.0259047098 -0.02712176455 -0.217281011 -0.359286385 -0.791830472 -0.0984932321 -0.1844247634
4.008870966 -3.559401499 2.187598766 2.513741041 -0.4755885203 0.1691089371 0.2079445938 -0.4715136686 -0.1280372379 0.8200738384 0.09485512544 -0.1671451275 -0.1973366797 0.0787014092 0.340029231
0.4207657846 -6.393130865 4.401480489 1.305991399 -0.4178624966 -0.5029187925 -0.5665967107 -0.03605153096 -0.1526497885 0.6379792942 -0.3736031782 0.3340500233 -0.6982248019 -0.2693552852 0.8608683802
-0.3550938119 1.950295967 1.29164429 1.491616845 0.9158385012 0.8210139909 0.7478635708 0.7077326302 0.4538492924 0.5394121519 0.6157239447 0.4547126237 0.3735447934 0.3998760065 0.420067113
9.070542699 -3.798307353 1.404621935 1.744141774 -1.350522253 -0.3752195892 -0.5631087653 -0.9064487389 -0.3206298509 -0.2290679956 -0.2043652883 -0.1640518512 -0.9190927723 -0.1948765201 -0.2207450999
1.37650357 -1.569574471 0.8488056394 2.63605058 -0.1369404625 -0.2523493616 0.4742247721 0.05545952517 -0.211133683 0.1930951536 0.04747845858 -0.1520154484 -0.1837482334 0.03575147738 -0.03602423018
5.424846567 -5.574639235 3.417960677 0.5753025991 -0.7020488398 -0.1790607477 0.04966621721 -0.02520302204 -0.5674617286 0.3555468223 -0.252716423 0.1182975699 -0.5573885265 -0.2099369096 0.5936154797
1.655148101 1.279153421 2.410064554 3.08602575 0.5516177745 -0.3635139441 -0.3787687758 -0.1517914935 -0.3343735778 -0.5448345617 -0.5047019058 -0.3621850235 -0.2759344349 -0.04244912832 -0.2552999084
7.000133767 -0.589092551 -0.5625277047 1.45242343 0.4518957676 -0.1521497864 -0.8268107881 -1.433854941 -1.268810009 -0.2434371453 0.02947186784 -0.3764236203 -0.5748192546 -0.3436779156 -0.2376426937
3.376868163 -1.189428787 3.422367621 4.454465561 -0.300802857 -1.311836822 -0.3478509168 -0.112478526 -0.4269882932 -0.7605437546 -1.105310809 -0.7361971771 -0.1153461605 0.2619228865 -0.4595913699
0.03867819287 -6.161802895 2.764714068 3.278736811 -0.6241772298 0.07004401589 0.3126145602 -0.06833726782 0.1678282781 0.7917606394 0.3178486523 0.1427782613 0.02656383149 0.07954600358 0.4773148252
-0.825365214 1.520765099 0.8209241934 1.16895067 0.6466650924 0.6023087381 0.5890793838 0.5598965325 0.3383199134 0.4768811292 0.566142521 0.4332394684 0.3369262341 0.3408574522 0.3973264104
10.06805847 -3.656575938 0.07881300892 1.860658027 -0.7747260708 -0.953395881 -1.00689495 -1.752141631 -1.582549562 -0.3949210336 -0.2466143051 -0.2178476998 -0.4918732899 -0.12698278 -0.3318529097
-0.9216600079 0.3031520972 0.9878780965 1.697613104 0.06956420153 0.1404857216 0.634687343 0.5389015047 0.1220891145 0.3151921669 0.4690332242 0.2889552922 0.1290377582 0.1974771323 0.2395875075
4.466245105 -6.503109653 2.528122841 2.557473686 -0.6642555471 -0.7329443867 -0.2852173369 0.1858114581 -0.1919913654 0.3276412551 0.05199203138 -0.01938870959 -0.6427573645 -0.1422975945 0.5111684518
4.329258124 1.007601759 0.3623768741 2.143175015 1.546792021 0.6205304351 -0.4722377271 -0.8191551995 -0.8492825345 -0.2997395157 0.1532197999 -0.02377328645 -0.3964754576 -0.3756079417 -0.1308435447
7.081067002 -2.41589783 0.2408451592 0.9607128025 -1.814302992 -1.188547921 -0.9643152993 -0.7401288806 0.02196865028 0.1179513442 -0.05607941081 -0.5849776646 -1.101277298 -0.2325174116 -0.5480839238
6.006230635 -3.43683522 2.965414626 2.067919851 -1.015466058 -0.2587351121 -0.6861502631 -0.735781895 -0.2837389188 -0.02216295282 -0.3796948239 -0.295737915 -0.8639286316 -0.1804512414 0.2607560887
2.776895402 -6.18462512 3.920405645 0.7748113059 -0.6343108736 -0.4995258354 -0.162684031 0.03928722025 -0.4208572382 0.4402056612 -0.3456317013 0.1392650684 -0.5691083652 -0.2335134114 0.7030759953
0.6077137096 1.688490911 0.9755262068 1.202483292 0.4963952636 0.4492680643 0.4095089223 0.373920711 0.1394391923 0.2367713562 0.2551569653 0.187164495 0.1229301891 0.1898418529 0.1936687471
8.161503321 -5.24774401 0.3292486121 1.246008485 -2.008468573 -1.184779587 -0.7396669847 -0.5154934427 0.1985296918 0.4976292024 -0.04666791843 -0.7973845771 -1.018694651 -0.008812404611 -0.6766516225
1.002870099 -2.627029845 1.488302221 1.730544111 -0.1604750625 1.377396426 0.1117527658 -0.4368611518 0.2257144437 -0.02185386854 0.2633193492 -0.03939586645 -0.77247932 0.09815086335 0.2095526165
7.266174466 -5.701692959 2.239801336 0.3630708044 -0.9471245051 -0.156477573 0.009708177752 -0.276497995 -0.750147822 0.1318444203 -0.244718407 0.04725226725 -0.4365454241 -0.108345779 0.3161735029
2.178280816 2.572344173 1.740278565 1.783742741 0.3162012167 -0.03289475364 -0.0351192004 -0.1512441871 -0.3067949227 -0.2160787925 -0.02634862084 -0.02005861717 -0.07602698976 -0.03288528966 -0.03615910166
7.83827282 -2.021616937 -0.6154026437 1.887662034 -0.5022631742 -1.387784949 -1.027146815 -1.535350729 -1.723058131 -0.6583871415 -0.2178379032 -0.3827761118 -0.4785126248 -0.159736717 -0.3457041082
5.286158292 -3.093249575 4.031257071 4.606558135 -0.6577398384 -1.552384803 -0.6893808823 -0.1267136425 -0.5394801339 -0.9906665347 -1.26326914 -0.6451269202 -0.3438169041 0.2480920765 -0.1548242808
2.032951083 -5.42210574 2.019236754 2.675200674 -0.6443860763 0.08743925548 0.3513131802 -0.2726343002 -0.1385828117 0.9124317115 0.2575640723 -0.2584467181 -0.1353441932 0.03492656903 0.3262175574
-0.9935514205 1.397756185 0.5986671332 0.9929549308 0.3612789412 0.2388919961 0.3026550454 0.3507013514 0.1065875435 0.1983571331 0.2796867689 0.1969480935 0.1393510214 0.1307263719 0.20608361
9.686796742 -4.033200728 -0.3546965522 0.4580892368 -2.389533496 -0.9858680912 -0.6036814861 -0.7978102015 -0.2764749907 -0.3566782344 0.153607255 -0.04460801497 -1.251138671 -0.3555282575 -0.7503746344
0.4043550299 -0.4121980634 -0.06933529755 1.64594486 0.5941664129 0.08767902525 0.4214519971 0.6589042788 0.2540227892 0.3530631896 0.524208388 0.1133314387 -0.1039879879 0.2042952412 0.244701706
4.36020636 -6.424986583 2.524422203 -0.02429968593 -0.8330871799 -0.3682477155 -0.07277111628 0.05111161419 -0.6959580819 0.3003082181 -0.2618765439 0.1053144928 -0.5086434321 -0.1022807343 0.5217487647
