5.803740206 2.161960759 1.647007119 2.599706138 0.8307282021 -0.08169320821 0.6336354808 1.133589993 -0.1470471085 -0.7110976389 0.1024866285 0.4255211245 0.1208534202 0.2343763935 0.4474854114
4.717805447 -0.1102265551 0.9646278803 1.240826421 -0.2535291543 1.450534072 0.4937740384 0.05719958548 0.5400258565 -0.1440772495 0.08528416645 0.4855983397 -0.08054163059 0.1654064908 0.07783048651
4.814068525 1.705191631 0.361393042 0.9468935702 0.00325230938 -0.1334560386 0.05547882468 0.1088613373 -0.2441425995 -0.06425294557 0.07842031766 -0.109953865 -0.04119386237 -0.1082785336 -0.234882426
9.644850035 1.107092063 1.877689228 2.130072972 -1.603686448 -1.419100883 0.08433130845 1.036400208 0.312031027 -0.8493104028 -0.4648597 -0.2443223945 -0.5006893136 0.05855144878 0.178528439
7.328116552 1.624263392 1.333378646 0.6428708484 -1.335444949 -1.113507561 0.8599738269 1.284645918 -0.1180888266 0.3220082819 0.03932845831 -0.6474572651 -0.06614018497 -0.2674289343 -0.5275999172
4.449966935 -5.562159295 1.000847766 2.343122158 -0.8013902331 0.6487061017 -0.2682720649 -0.3724843177 0.163426652 -0.4865511237 0.1591830736 0.3964942265 -0.3209951904 0.1629218052 0.0949467465
3.27360652 -0.7032260845 3.85920439 -0.3166925717 0.08410422136 -0.2635291683 -0.05845256672 1.323970649 -0.3146884832 0.002878640658 0.240026317 0.1086411895 0.2245269923 -0.05454997013 0.2461259368
8.583686944 -2.155344863 0.8013233418 1.510784077 -0.9472187438 -2.444153369 -0.9046789619 1.273204551 -0.8269258423 -1.574289969 -0.2973251775 -0.2909777543 0.02551605848 0.8451998374 0.3729976797
7.657823156 2.685952557 2.752377642 2.203357873 0.1884064857 0.7682348842 -0.2949125659 -0.4282070598 -0.07561809006 -0.6285495316 -0.1723055378 0.4088846673 -0.03879787237 0.0102184214 -0.1132069776
4.269930763 -0.5908092039 0.485299706 0.8266807336 -0.5614758602 1.196414621 0.294038257 -0.04196543767 0.5569693724 -0.1186949806 0.1238414096 0.5438380766 -0.01454895593 0.2328698706 0.1283707053
3.385507513 1.696123251 0.4775734415 0.9638242821 0.3569763464 0.5118038626 0.310157836 0.2148021894 0.09161482741 -0.03098509388 -0.03226798095 0.2088796853 0.1548652006 -0.02702697439 0.02763803866
8.233503055 0.4971962742 0.2875097507 1.213184977 -1.550392775 -2.744438354 -0.08057017133 1.12959844 -0.6954506762 -0.6817764791 -0.2945107024 -0.3883799041 0.1426242732 0.5376200697 0.5336801257
4.300509335 -1.324484 0.7662628401 1.755644661 -0.475682166 0.485253522 0.2339076151 0.4584945493 0.4021150479 -0.6278171292 0.02918466778 0.6812178588 -0.1508284497 -0.05315381526 0.03337321688
5.559980995 -5.401289715 3.453946154 1.466243808 -1.805275969 1.364175322 -1.127966139 -0.7988457156 0.8649810971 -0.8726609093 -0.459891001 0.2780339519 -0.381539944 0.1313715314 0.06147433064
2.731825033 0.7893303699 1.147695683 0.7799647053 -0.1094137135 0.2905379629 0.1312285001 -0.07990813265 -0.03262359242 0.09982781993 -0.1250665895 0.2375599692 0.2839265407 -0.04172983559 0.09562183896
12.62988464 -5.270911844 1.808943154 1.03626276 -2.700112764 -1.129661465 -1.743757892 0.4634439971 0.149597625 -2.005699321 -0.5529322695 -0.5327092866 -0.5072957433 0.5989252152 0.40759337
4.342867642 2.017148373 0.8897725625 1.696318705 0.5161279686 0.3167482418 0.5578707945 0.4332206482 -0.06595041289 -0.04824553308 0.1599987144 0.3001772144 0.1591473009 -0.008815059826 0.07292939363
4.378197736 -0.3527946129 0.7543589712 1.033072524 -0.5280473611 1.148389201 0.1691263857 -0.2523153252 0.287759313 -0.3656998963 -0.1666090373 0.2542440717 -0.2538219498 0.05227290242 0.06076205074
4.005374377 0.8714625696 0.07693389482 0.7419583616 -0.2637523617 -0.1610032827 0.2854873552 0.03914151875 -0.2786305626 0.1334530841 0.1142372667 0.1608358646 0.25048223 -0.03270968677 -0.1110324434
10.65657903 -0.3027265721 0.1046429278 1.719597475 -1.990496036 -3.384272714 -0.9922994477 0.8892066711 -0.2293625195 -0.9962291019 -0.3719827645 -0.4632424199 -0.4761776645 0.4552427061 0.7158723822
6.622281734 0.5648770704 1.11224527 0.328486302 -1.323725264 -0.03576318711 -0.1020312241 0.3362976302 0.5720287655 0.1154994979 0.2941363218 0.09631812844 -0.2792785315 -0.1201964818 -0.1593277609
1.138925153 -7.353605973 3.48901298 1.704668212 -2.135464396 0.6788560088 -0.8204335991 0.2532437228 1.238001281 -0.8583005816 0.1767768353 0.9709037815 -0.3242027399 -0.1044723803 0.1074814392
0.7300318638 -1.916688742 3.642879849 0.1655354747 0.5862924426 -0.6391547331 0.1556748938 1.195158838 -0.7470955777 0.1819601458 0.3048200233 0.1004175767 0.1780233633 -0.1212211974 0.3010171895
7.77669748 -2.467661831 0.1282284966 0.9903708363 -1.979842591 -1.464874864 -0.9930724456 -0.202795276 -0.2613669613 -1.540307373 -1.018658118 -0.1795845379 -0.3314370456 0.4476161021 0.5547485751
6.298830077 3.224028359 2.247802714 1.938119822 0.342287761 -0.1399424748 -0.2123676493 0.03692365096 -0.1806845511 -0.480928348 -0.3532021386 0.05755857225 0.1194629041 0.08561823705 -0.02601884292
4.054094366 -0.7721395591 0.1874334564 0.513971697 -0.8779389764 0.8578653031 0.005272987803 -0.3165914889 0.2452906301 -0.372318438 -0.1559446232 0.2639217473 -0.2185096629 0.1020911851 0.04204953717
3.679094725 1.959364554 0.2971918369 0.692867034 0.03757368977 0.1559837988 0.01149343114 -0.08487839024 -0.1001576024 -0.07243856483 -0.03557351646 0.2054849639 0.2290819375 0.0500098066 0.0263553175
7.319601178 0.7938047227 -0.1695628904 0.76493634 -1.740016434 -3.051073234 -1.196341981 0.6652203532 -0.173931096 -0.9988795469 -0.6077208187 -0.3862373287 -0.4562406435 0.2415074916 0.784198999
5.798731158 -2.441200905 0.2682546156 1.230555644 -0.6222244589 0.4892423563 0.2600091735 0.09631981562 -0.02184513369 -0.6851737858 -0.04024024226 0.4237511745 -0.187760758 0.05430689999 0.07878860117
6.369676507 -8.341737425 3.480285979 0.3065561243 -2.328182418 1.345730288 -1.705669073 -0.114806745 0.912155731 -1.133759255 0.03858148591 0.2777158022 -0.3718523535 -0.213584201 -0.2298672548
3.024626664 1.277855637 -0.03870061879 0.5495524645 0.03984537777 0.138854478 0.0004665703523 0.01641639404 -0.06076491491 -0.1679811323 -0.1254110343 0.2105005163 0.2367765528 0.01695009129 0.02003293239
9.745336838 -4.048047802 1.209485701 1.015727607 -2.628581155 -1.334674075 -1.354306037 -0.03115479921 0.02762157476 -1.674217862 -0.82175006 -0.3402426506 -0.5915540014 0.5175562657 0.4556206097
