4.762661931 4.170607699 1.470269482 1.810626578 1.953614536 1.638047617 0.4795657953 -0.1948635987 -0.1208496766 0.3966468984 0.3244579613 -0.03462240056 -0.08353067049 0.05858734788 0.1752643309
2.443745727 2.381090422 0.09544264605 1.030371478 1.850393184 1.976173429 0.9029784725 0.3417054253 0.3891996755 0.7723031742 0.6697695517 0.3505589233 0.1903302185 0.3088986284 0.4620676951
8.711458247 3.142601416 -0.5862684473 -0.1745997195 1.661815282 1.329522645 0.03259109666 -0.9656211695 -0.2381920781 -0.2821470074 -1.130850307 -1.415220848 -0.1261844683 0.893018345 0.6009506987
3.210973609 -0.6499939627 2.836745364 0.4720948772 2.455548756 1.055020843 -0.4577659921 -0.6842047871 0.9978394837 0.07510700268 0.3644339064 0.1014762939 -0.09643083628 0.5017954156 0.1597059702
6.816601991 5.168755167 1.624009648 0.8646940936 0.8709660473 0.8672439872 0.1775270827 -0.0204405196 0.1877236349 0.5875114737 0.3873008674 -0.1024010636 -0.2319548237 -0.08988203064 0.09298486294
3.129725045 2.97837264 0.7003267102 1.396629099 1.933646999 1.953697489 0.9114066986 0.2662679792 0.2817796156 0.6342494032 0.5264150245 0.1784575103 0.02990274603 0.1376477135 0.2400989064
8.079709796 3.559048977 0.3196401588 -1.390284355 -0.04241768258 0.2840204719 0.2161585931 0.3892999426 0.08350011206 0.1043847487 -0.2504316948 -0.5535543972 -0.3473833239 -0.149577529 0.05796511382
1.214089419 -1.669949671 2.479710798 0.3379929095 2.500191208 1.101403863 -0.3582676872 -0.7469291859 1.235640912 0.3477089958 0.6518225552 0.2488965861 0.2414671032 0.5245340626 0.1759566435
5.675650905 4.053456462 1.160715978 0.6444721933 0.751210622 0.8857042277 0.2912304091 0.1685504553 0.1854630008 0.4615825107 0.2960864112 0.01292044569 -0.0547962457 0.05567049529 0.1711480819
2.029399171 1.747815271 -0.6609021116 0.7460965634 1.929862714 1.979601616 0.6423581694 0.07020691675 0.3879603573 0.8798428936 0.6247084186 0.07305300244 -0.01998619662 0.2657466014 0.4868042982
6.93095152 1.165858664 0.6717063916 -0.5763921409 1.597969987 1.196679381 0.2943516985 0.008829543739 0.1810178083 0.07042512084 -0.2090632802 -0.1974750142 -0.1675246661 0.2638884504 0.1997676592
5.673768483 -1.480274722 -0.1300100159 -0.8105261208 1.825613326 1.405224117 -0.03006789629 0.1278811984 0.6644909735 0.5128873378 -0.06193703129 0.0632265778 0.1144420378 0.4439247801 0.1589931228
8.384250621 5.519355815 1.371832972 -2.771175043 0.7519764283 -0.009837729818 -0.004436114815 0.5609526792 0.3775500983 0.6336496459 -0.6397334902 -1.094834481 -0.7380982995 -0.3556238098 -0.1819506754
2.175719566 1.756520817 0.7661237603 0.9347357118 0.6887314271 0.690458626 0.3715689856 0.320163147 0.2699284022 0.3514820585 0.2486343092 0.1947354744 0.1288342641 0.1597473472 0.1624338117
9.815418794 1.926676059 -0.4899230626 -2.472530939 -0.5483873498 -0.09496630958 0.8009862037 0.1828108566 -0.5364026994 -0.04176009567 -0.3096497058 -0.2086276726 -0.2052022476 -0.4852301884 0.5873924504
-0.1802716301 -2.995105904 2.030988856 -0.08041451331 2.34405367 0.5118330417 -0.4444538663 -1.023737993 1.566253945 0.3592105792 0.4791825434 0.1301750091 0.2472799323 0.6874228552 0.1622595175
5.134437562 4.049766478 1.718223727 0.1889527712 1.53026247 1.043620832 0.6231121858 0.8160672892 0.4453936979 0.7911815072 -0.0382207402 -0.6588083028 -0.5643460376 -0.5264129021 -0.2030603649
2.074264504 2.294889528 -0.04938343236 0.8110436302 1.580161557 1.626726828 0.5167270481 -0.05401928493 0.1719502212 0.6162940256 0.4859320553 0.1299617591 0.01412850086 0.1599157134 0.3477229664
9.651408839 3.279310965 -0.7993299351 -0.478002164 2.030204577 1.528396307 -0.1534637764 -1.170853224 0.2336080544 -0.04448920978 -1.251093764 -1.58898229 -0.175013775 1.069801941 0.548672068
2.906997154 -0.8461427628 0.7154131312 0.707703983 1.503475352 1.081881051 -0.474168244 -0.114172435 0.6445442627 0.3902347078 0.3062113425 0.4057658539 0.2086608673 0.4476985261 0.1289687703
6.726702699 5.034720175 2.062379095 -0.7121870911 0.7382595344 0.05222823189 0.06300630006 0.6727081153 0.2148649555 0.5401769171 -0.3145698805 -0.9419347196 -0.7122529746 -0.6096359938 -0.3924159383
4.129256957 3.095428806 1.533632311 1.12924203 1.070079757 0.9779096351 0.45355637 0.3421539962 0.2821904095 0.4680843369 0.3607515795 0.07351746968 -0.06578380505 -0.01136783194 0.03059706405
6.549110377 2.832261956 1.852246063 -2.520701106 -0.04992465021 -0.05977442705 0.5121526414 -0.3153791494 -0.5009262588 -0.07708538427 -0.5143220479 -0.3730844602 -0.1905358724 0.3127957684 0.3833160526
1.633844795 -2.445499698 1.704601248 -0.5886209029 2.246420203 0.5478401311 -0.4847259197 -0.8187182472 1.42626904 0.4415884281 0.2080056663 -0.02153077275 0.04443850822 0.5796976503 0.182356071
5.430600621 3.175394292 -0.2401670861 0.004043812908 0.8394077524 1.071686632 0.2178073033 -0.1936314274 -0.03666157039 0.2672151748 0.2457161334 0.1876865451 0.2323584181 0.4366555812 0.4436670295
2.531574424 1.913628278 -0.7086383591 0.3418228519 1.421181514 1.678440658 0.6106380016 0.009616071585 0.1607947566 0.5655114439 0.422585413 0.07863946854 -0.009339194386 0.1797867964 0.3642244204
7.212303456 2.870075613 -0.1506634574 0.2284974043 1.342371179 1.179969606 0.02422606367 -0.5316273728 -0.318029068 -0.4324642323 -1.107011012 -1.191784357 -0.2086875153 0.7641409762 0.6813481905
3.191155344 -1.601025342 0.5822839546 -1.277043022 1.416171553 0.06178230027 0.6495208904 -0.01166143761 -0.1580444152 0.2166522853 -0.07383358615 -0.07125798597 -0.08931117771 0.6102219622 0.01929251113
9.539896848 4.479123868 0.06737096453 -3.187138633 1.20254078 0.4058599205 -0.1652818212 0.2740819147 0.3115526418 0.4927427705 -0.5035254058 -1.187910633 -0.4405624958 0.02869813453 -0.05782505887
1.827516527 1.3313512 0.08156601302 0.9737229621 1.226551468 1.086306735 0.3204141939 0.05270024616 0.1657384165 0.3471807623 0.3072642926 0.2070670869 0.1143841043 0.2420061952 0.212820774
8.573020054 2.824190444 -0.4349149334 -2.351753868 -1.11837537 -0.07212619277 0.6496496901 0.0860271201 -0.5038064736 -0.1277230801 -0.4080132241 -0.146744038 -0.07032330679 -0.1954900944 0.4133932658
0.02039401218 -3.079152587 1.593652965 -0.5028679267 2.333044347 0.2872031214 -0.9356129493 -1.433450026 1.144450742 0.02012279457 0.4027843825 0.1214166244 0.3231187191 0.7368523952 0.2537398149
