4.797484598 1.907065358 1.523941123 1.231657251 0.2428059404 0.6369388263 0.4179291989 0.172177586 0.08196050488 0.07977097512 0.1739464669 -0.06950823039 -0.426642894 -0.3281207256 -0.229325101
8.09972389 -2.368004308 1.092902663 1.87672896 -1.024394256 1.04920641 0.47068421 -0.4413283056 0.7008007599 -0.05515053344 -0.4829633845 0.1173607088 -0.6938924512 -0.6293703726 -0.08900419004
12.62633273 1.781845291 -0.6627693862 -2.060931632 -2.326710336 0.9206219329 0.4740996044 -0.1081319253 0.04141611718 -1.292341291 -0.1457840248 0.1201266457 0.2455374054 0.08341481782 0.2166656912
9.860861432 -3.696021735 1.421463915 1.869931233 -1.482123146 1.380087846 0.4200069022 -0.4490702767 0.9636404805 -0.3476680663 -0.472731931 0.1663236442 -0.8024335993 -0.6118642429 -0.1013122611
7.609173522 -0.1039272036 -1.897309981 -0.6294197255 -0.4559071577 -0.7546730049 -1.855123165 -1.42221069 0.2050678999 0.4486103288 -0.1797170255 -0.2634051948 -0.1530298327 -0.02745515829 0.2161663784
6.448571524 -7.240573631 1.455414875 0.5043309365 -0.8201570463 3.810326971 0.5053857938 -1.265834341 0.1034502616 -0.7981163143 -0.1504822004 0.211891402 -0.6674238633 -0.3987845441 -0.1783435739
8.733607612 1.662458011 0.2471398047 -1.195613715 -2.324663079 -0.3218145344 -0.05064630204 -0.07199099656 0.1334946817 -0.6776961764 -0.6951831019 -0.1490292065 -0.3450923203 -0.1082260998 0.1954289764
11.16239623 -4.954327519 1.815931302 1.855754768 -1.964145084 1.644389277 0.07171220654 -0.5796336795 1.13574457 -0.5443817203 -0.2239190332 0.06899945755 -0.7675261533 -0.6170517525 -0.1023921985
9.440978843 -0.6251605913 2.249733984 1.234071476 -1.225461423 1.002044721 -0.3922864878 -0.8595316113 0.3592118992 -0.4378677442 -0.1813799822 0.05834786027 -0.4564047467 -0.3286904506 -0.1099013959
8.005301658 -2.996492833 0.2331162185 1.166031306 -1.467986118 0.9628381697 0.4455543021 -0.520136084 0.5481667714 -0.2063259169 -0.4867817014 0.2960473278 -0.5075937125 -0.4464169796 -0.05571668757
11.96494787 -1.299120961 0.3396615941 -0.296630935 -2.153849977 1.244467716 0.007902498584 -0.4936362108 0.4373077628 -1.062878579 -0.232739484 -0.124640554 -0.1752765663 0.1156653528 0.2421107188
8.385379112 -3.480865403 0.8428602968 1.590477491 -1.521982665 0.9356474677 0.3066690889 -0.5866102808 0.6714338984 -0.2567493285 -0.5913078132 0.0872528221 -0.8154434047 -0.6488968907 -0.1227457857
8.9374338 -0.1630567161 0.1752061816 0.9168080857 -0.08558039385 0.2822354693 -1.700284694 -1.9367048 0.5017946549 0.9018309533 -0.009528800174 -0.2284344631 -0.297440862 -0.1722301549 0.2821473819
2.397607275 -9.24340679 0.2402285521 -0.6418001051 -1.191769837 3.520431418 0.1455269697 -1.180572825 0.1197898747 -1.031886085 -0.2078122421 0.3517346858 -0.7932414201 -0.4267763017 -0.1855194035
9.449683264 2.838287132 -1.38636573 -2.44544659 -1.737342558 0.2185949752 0.5478658371 0.2470837946 -0.2743667565 -0.8079973339 -0.550070068 0.08904203377 0.3639284027 0.3694761911 0.004833331572
10.06281338 -4.938976691 1.184019223 1.567977985 -1.847218588 1.325853839 -0.003275456986 -0.7726152215 0.8017163247 -0.5380798968 -0.4763684659 0.07687046735 -0.9080989354 -0.5588628599 -0.07882030473
6.44951842 -1.065097165 0.7335255112 1.164974 -0.8313182333 0.5601644957 0.3207456541 -0.2745363583 0.3701559335 -0.1340463686 -0.5594840304 -0.06859090117 -0.4512892101 -0.4028481787 -0.06445731787
6.970367384 -2.80187133 0.4345777477 1.470839018 -1.095438819 0.8245946647 0.409746992 -0.4321595385 0.5050769004 -0.1381172955 -0.5197519768 0.06191432595 -0.6749696921 -0.5796055505 -0.07154522927
10.92953462 2.695393729 -1.069335153 -2.811246274 -2.401163292 0.4925852119 0.2427215453 -0.1790078846 0.1312926768 -1.121837073 -0.9332670581 0.176496267 0.0817379544 -0.04273550102 0.3249537746
9.240610393 -4.318995786 0.7420001182 1.330825927 -1.878957877 1.010202973 0.1612136102 -0.7121737073 0.7709161821 -0.2988739405 -0.5375900788 0.1401356027 -0.7951711682 -0.5325658122 -0.07545517158
4.961026428 0.2118939577 -1.138819103 -0.1558581989 -0.3197451558 -1.237872688 -2.023568906 -1.287252187 0.1671249681 0.5457833059 0.1614370286 -0.07185239241 -0.2005931895 -0.2148162695 0.09032066239
3.830829658 -11.17486331 2.524156953 -0.03163218903 -0.955917791 3.375701569 -0.8449685859 -0.4282704286 0.4577831401 -1.43352764 0.3013238359 0.6806973945 -0.8231289606 -0.80689507 -0.273359005
6.62493655 2.569762113 -0.3228708686 -1.929943913 -2.002681254 -0.2617401192 0.2564612532 0.1965536456 0.1084042077 -0.5342788638 -0.8088085191 -0.1295602327 0.09807926147 0.007528220255 0.1150129216
11.26536071 -5.753585131 1.210797953 1.288773007 -2.475055229 1.436536027 -0.1925837298 -0.7494622496 0.9525362327 -0.7857402348 -0.3061053666 -0.06637735502 -0.8124779817 -0.5804277889 -0.1302312025
9.263232943 -1.469087449 0.09696922419 -0.0997375146 -2.431080936 0.1442266688 -0.07157972726 -0.5785474214 0.3589439429 -0.4868935937 -0.5633536346 0.1170303962 -0.4067064108 -0.1917101751 0.1828165354
7.275084787 -3.334469867 0.1620430245 1.078366022 -1.740170627 0.5049830922 0.007479728441 -0.8014887645 0.4491953775 -0.2553080634 -0.6237856311 0.08734512853 -0.7184730597 -0.6390598472 -0.158940764
12.55270827 -0.483356142 -2.839252042 -1.208562018 -1.400139448 -0.09873829563 -0.7850622859 -0.4945283341 0.8567157469 -0.5859332213 -0.9464053913 -0.3021316687 0.81649682 0.18974176 -0.146841551
8.293301737 -4.326288168 0.1929822114 0.9404554472 -2.018810356 0.7667219643 0.1061194453 -0.7832900572 0.4987507975 -0.4221052543 -0.5771397091 0.1708333883 -0.7537313159 -0.5192330994 -0.08105525955
7.960146478 -1.590794562 -0.821613627 0.8155165805 -0.5857143744 -0.691310545 -2.051511064 -2.035051786 0.7577692636 0.9297847923 -0.6319324933 -0.4294205182 -0.241629407 -0.4789701232 0.2124579517
3.073982559 -5.869194524 -0.2076922692 -1.03544657 -1.059679661 2.873966628 0.1386610777 -0.9534165852 0.1162257045 -0.9419113277 -0.1218832547 0.3930205577 -1.022652767 -0.41121233 0.170697321
8.167032946 1.803869235 -1.597074132 -2.282209838 -1.91088895 -0.0721941697 0.2290729206 -0.1590247018 -0.2396408652 -0.7037005066 -0.9708201618 -0.04648134872 0.5688032661 0.280330007 -0.04671601239
9.680996127 -5.549684722 0.5827863222 0.7859205162 -2.446802349 1.112047765 -0.1033294111 -0.8412039832 0.7048822011 -0.6347211187 -0.4412180917 0.2086753583 -0.760368419 -0.3993805039 -0.009426063286
