11.90782077 2.662962196 0.3599712415 0.855708034 -1.138207877 -0.5489405095 0.3998306251 0.5118804544 -0.3289996953 -1.398114651 -0.2126220755 0.8147430037 0.651864697 -0.07135435988 0.08027717491
5.310863225 -4.648587317 5.487392614 3.912782447 -2.047599015 -0.1981170664 -1.438290343 -1.23383134 0.7969384958 -0.2262591904 -0.1498718733 0.1917871496 -0.9859264293 -0.0418903727 0.5840293702
13.77204148 -2.735125093 -2.49082175 3.420714663 0.05651597255 -1.436099435 -0.4295348217 -0.7967662173 -0.5634224286 0.5673258284 1.225641464 -0.1776971574 -0.02727333221 -0.04505600844 -0.1733303932
3.729604693 -0.008467959321 -0.5256065937 0.7119580871 -0.7420669436 0.1984631293 0.3178298375 -0.07548456692 0.1914231938 -0.1103268912 -0.4383991346 0.02094675361 -0.2279490714 -0.4648567174 -0.2781461701
9.309985754 2.232107513 0.1068688902 1.361404328 -0.01065570034 -1.429626545 -0.9220800108 0.6226643903 0.54015903 -0.5332196796 -0.4851117223 0.502081767 0.8125893353 0.2880725647 -0.1492570586
2.347044188 -9.463832349 3.885526587 3.863128606 0.6108042066 2.738316705 -0.775665902 -0.7469007354 0.9983027941 -0.4981230754 0.2144887714 0.7029415527 -0.7938884273 -0.4305183735 -0.1566943341
9.761771798 -1.385469469 0.2511516091 4.356531174 0.4880768286 -2.441227316 -1.394810198 -0.4442155021 -0.5392020014 0.09094045069 0.3076691486 -0.6894317865 -0.4083787922 0.4575416465 0.1563064439
3.13883745 -2.260573906 -0.2281192473 1.206662592 -1.296619697 0.2038073582 0.287812683 -0.1323343781 0.5014984038 -0.27957723 -0.6394192704 0.2349999141 -0.3908969098 -0.5984421449 -0.1341775518
9.173246133 4.078123841 0.7151925505 -0.3098794874 -1.037631463 -0.356522042 0.08041585809 0.09189575086 -0.4075686956 -0.6027525111 -0.1291590756 0.3231708204 0.3918761107 0.2968259968 0.05517104517
4.676046277 -7.604471281 2.386265094 3.088470058 -0.275575744 1.941908085 -0.9700851434 -1.59850774 0.6368745556 -0.1783002658 0.3826969459 0.9774345312 -0.7812845535 -0.4762791368 0.1594806315
10.29445018 -2.15631287 1.134595266 2.284036163 -1.475811797 -0.2245324659 -0.6596351005 -1.388598073 -0.05389897651 -0.5308603972 -0.2326594636 0.9569072281 0.285989606 -0.2317520688 0.2468454207
3.400424136 -0.592090137 -1.061110205 0.2590321562 -1.033097023 0.1130714336 0.2982843637 -0.03203297539 0.278847943 -0.02362939529 -0.3931530885 0.06641860257 -0.241653735 -0.4668912975 -0.2541510807
9.110227704 -0.07328758023 0.3378728053 1.382631334 -0.8121775955 -0.6109535096 -0.3949645099 -0.3729789796 -0.424618877 -0.8435588693 -0.1050242504 0.7866003931 0.313857299 0.2138822529 0.16291583
-0.2767888421 -9.504301792 5.584273411 3.982839867 -1.081812726 1.42525465 -0.6073334812 -0.1252782465 1.381600081 -0.4488687351 -0.04918744456 0.4027872875 -1.006873176 -0.3203666611 0.1861301388
10.52473417 -0.5936169932 -1.714242149 1.840757678 1.024188854 -0.4749354086 -1.032860133 -0.6903997055 -0.1435313746 0.6222406226 0.9180989786 0.128796287 -0.4884779651 -0.2643895869 -0.1917535984
1.810355616 -5.078375776 1.45943349 2.659565522 -2.247356102 -0.5879341768 0.2482972322 0.3661727157 0.8827414414 -0.8630984097 -0.897008684 0.6959385404 -0.4962242444 -0.9215763441 -0.006164489901
12.95381564 -0.008785836348 -0.9574166651 1.706462375 -0.9043504265 -1.027113983 0.01735357439 0.1150492476 -0.1899534587 -0.7178192795 0.2625749777 0.4697280698 0.4256884096 0.2799769492 0.4163974425
2.499973839 -6.994672592 6.883552453 4.041732802 -1.41810217 0.8651146791 -1.404729406 -0.8492598086 0.8257350913 -0.5565515699 0.08995884008 0.2877276757 -1.033772246 -0.1065903041 0.3646920716
11.38256733 -1.422861076 -1.604479078 2.1675107 -0.5560328871 -1.694693866 0.1769567163 0.2564025866 -0.6366468269 0.2621304704 0.8305174877 0.08248305677 0.2424708174 0.3210504214 -0.4841042867
3.264671479 -0.6536428151 -0.6164339361 0.8036204512 -0.7058130875 0.3354163835 0.4625121038 0.1250429504 0.4202348581 -0.1187769885 -0.6197692325 -0.1247832163 -0.4049663481 -0.5792408567 -0.2778568783
7.580581927 0.5144483723 -0.8364592574 1.794671681 1.536296387 -0.2904250777 -1.487490133 -0.8170864926 0.1311327972 0.4450070666 0.2057842121 -0.02223133194 -0.1208492503 -0.002722593346 -0.1825187644
0.3434303205 -9.806001148 2.439740916 3.158917221 0.3008059704 2.569130109 -0.6716484125 -0.9275941029 1.086737626 -0.356803042 0.1281198929 0.8476281255 -0.7252806178 -0.4542224285 -0.06235089348
7.417756248 -0.7136830364 0.7974487198 3.912377456 0.4641266385 -2.275050769 -1.493544815 -0.3472066182 -0.3002704439 0.1275544943 0.1441961499 -0.625681375 -0.5377952442 0.3850053738 0.1768885616
3.469271087 -1.359730712 -0.8969811651 1.217740585 -0.7398178247 -0.3914552147 0.005678677465 0.2141931048 0.304771111 -0.5974384056 -0.7815059791 0.1948727311 -0.1531808848 -0.6182552751 -0.3454180245
6.906728781 3.235687424 1.315968644 0.8167162135 -0.4931375129 -0.7332368743 -0.4285499368 0.008252643047 -0.23601101 -0.4217268575 -0.03080590709 0.463880943 0.3219246998 0.06536853175 -0.01128582916
5.702687096 -3.923090888 0.804049084 2.258086153 -0.4679554718 0.5271528433 -1.293878444 -1.617299208 0.412586335 -0.2315376644 -0.05103902947 0.9556326588 -0.4685734946 -0.6386028135 -0.09826405207
10.76028651 -4.017929788 -1.417056761 2.72822603 -0.6007730897 -0.5540710819 0.4355580508 -1.194292822 -0.8287427224 1.492622181 1.254181082 -0.2605368678 -0.1184585718 -0.2126425063 -0.5771930952
3.109959836 -0.9008017911 -0.9805050386 0.3915977109 -1.15319377 -0.1064361999 0.03268425345 -0.3198148084 -0.005408367482 -0.368316943 -0.7246646883 -0.1535830363 -0.4052074418 -0.5839181397 -0.270361947
8.620389344 0.3212654484 -1.331863827 0.6511467281 -0.6042583712 -1.257267082 0.08524181411 0.5710921674 -0.407611892 -0.1103504266 0.6644594972 0.5014228554 0.2515673914 0.3438199056 -0.3290294424
-1.620166164 -10.16149435 4.267023834 3.139742735 -2.169217439 0.5281744909 -0.7349751709 -0.1107586083 1.373278104 -0.6737465865 -0.3606317299 0.4737802408 -0.9167684317 -0.3302844542 0.2361910782
8.499557556 -1.592179932 -1.437741196 1.956435525 0.1961072787 -0.773223104 -0.09280603561 -0.3340039149 -0.5151282482 0.8682928898 1.16020077 -0.01486281087 -0.4296955894 -0.02824402672 -0.2683444009
1.765233887 -8.026370312 0.6922602147 2.067599583 -2.362424954 0.6896544397 0.6730623603 -0.03989696597 0.4332759142 -1.361089695 -0.8867876549 0.9665374275 -0.442966869 -0.9005954384 -0.2163700866
