4.615890561 1.767462133 -0.2285514789 0.8524437084 0.3744011526 -0.1072034437 -0.4892250551 -0.4207818064 -0.2772776119 -0.03999172258 0.2574495007 0.3338284796 0.1320082807 0.07112959417 0.04845045672
3.477577248 2.89492979 0.6127385854 1.087812433 0.5545810537 0.2272791557 0.03403160178 0.2363851324 0.1594692118 0.04721384472 0.1086281787 0.2357963997 0.2051765883 0.1412989156 0.1240554688
8.971206475 1.421707812 1.537113512 0.7503666987 -0.09263349966 -1.203742264 -1.997938511 0.6906254667 1.243328902 -0.7038917762 -0.922118798 -0.2698117969 -0.7438591686 -0.6196984603 0.1638509373
4.554140725 -1.068457763 4.153141097 1.489752856 0.1709117149 -0.3365528832 -0.05031444584 0.2052752721 0.3989303715 -0.6108017666 0.1189397644 -0.07309700158 -0.3082128918 0.1090081537 -0.01056013946
5.051402348 2.270250852 1.159228613 1.889029748 0.9240856103 0.1819449627 -0.1282764407 -0.001672050154 -0.2100403316 -0.4449955744 -0.2859909051 -0.0489278199 -0.07310445801 0.07715210085 0.09046691102
2.538904255 2.335828179 0.5677007449 1.005762963 0.6057395304 0.5199183801 0.2803291929 0.2559820692 0.09329072077 -0.07209346806 0.01329261945 0.1423925091 0.1044647792 0.08471908391 0.04300564412
9.217639688 -0.4279361658 0.4656873093 0.4026707756 0.07837757785 0.18727404 0.09218666955 -0.1617109935 0.4085198705 0.1738147332 -0.397113588 0.2014482144 0.03831716277 0.1383007145 0.6566938109
0.3947246703 -2.915178536 4.206722253 1.934926922 0.6627598294 -0.1942038491 0.4270314753 0.2201789658 0.5406132554 -0.7604700887 0.4576421511 0.1520006776 -0.08212179782 0.2210432315 0.1795261719
3.65120296 2.389989129 -0.1322657598 0.1733166901 -0.2005383545 0.0004650687477 0.1445815661 0.2668795848 0.05120685276 -0.1296776285 -0.105196311 0.01425814421 0.05237278305 0.04277484064 0.004025150692
3.774546886 1.783668977 0.6108100681 0.6675675345 -0.2105291912 -0.1618418728 -0.2732137672 -0.1554172824 -0.03582489852 -0.05175051851 0.0135466847 0.07023337031 0.01156105999 0.14679109 0.1141775914
8.719190091 1.081786783 0.5812565852 0.4860473814 0.106052817 -0.2839490711 -0.6788361949 1.227180006 1.188779597 -1.075503933 -2.198799428 -1.216011894 -0.4494999783 -0.09443012935 0.3583625116
3.680353622 -2.108268837 0.9866613749 1.198001228 -0.346481409 0.07148523043 0.6103320143 -0.6756372371 0.6019646279 0.283860824 -0.06537853174 -0.3095021846 -0.1210225873 -0.004418862442 -0.002279028581
6.491950458 -0.9084925605 1.175613534 3.063572028 2.067189958 -0.6479707111 -1.258554307 -0.3477742644 -0.2448844257 -0.332112146 -0.4093404717 -0.3827094411 -1.069216257 -0.3142844024 0.7044275486
2.979538687 0.9181762506 1.03956119 1.000900218 0.1035933692 0.3398581755 -0.006418248344 -0.2019893146 -0.170312541 -0.1318293696 -0.01838056678 0.02172695619 -0.000913290316 0.1930925256 0.1052423506
8.640249695 -1.073883737 1.65793369 1.31703318 -0.3950222753 -0.7060126404 -0.5496258948 0.2343316172 -0.2504383862 -1.488608057 -0.7056842507 0.3285982173 -0.5206454416 0.1994752459 0.7863086162
0.8719989978 -3.102537877 3.046991216 1.317577173 0.1090400385 0.1031304648 0.1300135113 -0.0998305197 0.07084581149 -0.7991397036 0.6328244024 0.2296487824 -0.1354179523 0.1217731828 0.1234912114
3.728980981 1.319293389 0.003172608074 1.213599862 0.7186825854 0.1391448095 -0.4086854597 -0.373055342 -0.3634706724 -0.2166439224 0.003868536859 0.08295676868 -0.01918349135 0.02961965805 0.09566048841
3.239485524 2.550402457 0.4534494714 0.8797502281 0.3439929903 0.1634319388 -0.1505298399 -0.1625161797 -0.2405927735 -0.3254659657 -0.1574361404 0.01881448449 0.07529226221 0.1387493716 0.1381234074
7.084886217 2.529895784 2.213141842 1.062849683 -0.7750114303 -1.217624529 -1.475257557 0.1810619263 0.7685105099 -0.5444025633 -0.6972017391 0.03641435967 -0.7946040662 -0.7563817627 0.1983804136
2.25168918 -1.71929519 4.46449821 2.130075515 0.7768260781 -0.2671491045 0.07169505959 0.02063808573 0.494262172 -0.5814106826 0.377570859 0.04321536581 -0.3113793032 -0.0222516765 0.06138197709
6.000703241 0.3361310707 1.648854635 2.011117452 1.016439009 -0.2794286107 -0.5802897267 -0.3363251143 -0.1793738793 -0.3328488299 -0.3882903449 -0.3169223581 -0.5325454498 -0.0271385674 0.3696989483
2.38495966 1.634070177 0.1047563533 0.818898135 0.3179260467 0.1550971857 0.07772200306 0.2599662447 0.09230449214 -0.0883637932 0.09445832509 0.1984929805 0.1298431921 0.0977113168 0.09731673725
9.860267202 0.5437363639 0.1879196856 -0.3275783875 -0.0266021581 -0.04238388015 -1.078934559 0.8234356429 0.6888112928 -1.578611331 -1.512807429 -0.0819921963 -0.01801387063 -0.2230664415 0.1055508787
-0.650747914 -3.160827047 3.778966866 1.465604509 0.5659112151 -0.2207128879 0.4619595882 0.2003762833 0.4330120554 -0.6918119042 0.4121593814 0.07951757575 -0.07649514377 0.2039512058 0.06961015809
4.551763133 1.485563844 -0.4709459456 -0.06004058285 -0.5409731814 -0.2719851183 -0.2030853491 -0.08331367187 -0.2154116216 -0.1110795972 0.212272673 0.2344346034 0.04531166984 0.04601209742 -0.1839280633
2.874169411 1.843605973 0.2736475599 0.4117522465 -0.1223138495 -0.08327146068 -0.3476825953 -0.337066224 -0.305113163 -0.2270107988 -0.02223744227 0.1296627159 0.04476281835 0.06175499287 0.002849488933
6.937298164 1.403815815 0.5786149542 1.01425296 0.3728375659 -0.3990798774 -0.8389940583 0.7728075074 0.9258121431 -1.09992751 -2.021813837 -1.165841381 -0.5438779585 0.07457498863 0.3138010976
2.255643039 -1.895512823 1.673819863 1.689048768 0.2946717658 0.1409826807 0.1404768628 0.1668163747 -0.2279508539 -0.5649739602 0.06787461082 0.1267958133 -0.0171056678 -0.05618703074 0.07799912838
6.178534499 -2.03746161 1.751510866 2.785328526 2.329719025 -0.8769208096 -1.765772191 -0.02624943069 -0.1050622513 -0.6871540096 -0.6718985086 -0.2075329015 -1.223959804 -0.7003571593 0.9553085866
1.458707403 0.9146512669 1.655234599 0.5974929787 0.08755903426 0.4876899909 0.1852391909 -0.04274361534 0.07842045276 0.04212070374 -0.008526295644 0.08636322971 0.1284475653 0.1569239559 0.04556580699
8.514941331 -0.4620004411 0.7726784972 0.5787354201 -0.837790752 -1.244223673 -1.040896573 1.043723621 0.1018516977 -2.020731422 -0.9147595862 0.3241082339 -0.4612905767 0.3265510129 0.8573635869
-0.231395411 -3.515054608 4.060234326 0.5747673101 -0.3415343443 -0.2947804083 -0.1142396786 -0.5912047321 -0.2006593728 -0.8273534277 0.4056593465 0.041165299 -0.09246578475 0.3279480194 0.09782151274
