8.33280871 3.976801836 0.5945374485 0.1221965034 -0.2422707473 0.3105775167 0.3766106692 0.4031743536 -0.05457170438 0.0007547224094 0.09764392725 0.1707315839 -0.07226459542 -0.06809292736 0.07938890193
6.462455954 4.151905744 2.09211508 1.737067372 0.5397881699 0.2448113205 -0.07574925738 0.202955878 0.07334276824 0.2216386212 0.232179304 0.1936849281 0.02368439936 0.05604701209 0.05730161632
8.895644735 0.3313160945 1.122324458 0.1971089241 -1.019395973 -1.960888293 -1.438273277 1.886199261 0.4868063404 -1.955219793 -0.3607106615 0.5765401043 -0.09788503763 0.1127111541 0.3761653315
3.736496334 1.967689841 0.9680765683 1.533648916 0.9470299789 1.012474537 0.5655344485 0.6227076102 0.407526697 0.5027144644 0.3902439009 0.3364665527 0.1138771046 0.09429195573 0.06586595243
10.11717832 1.077789175 -1.237957136 0.8209693124 0.4929690729 0.04119796668 0.07902031876 0.2079370995 -0.185784202 -0.001742343318 0.14597757 0.1409810146 -0.0387946308 -0.04918390486 -0.005310130681
5.398437239 1.908651779 0.6859475798 0.7325909859 -0.1266376506 -0.2398558955 -0.03409654095 0.743015258 0.03494791962 -0.2972533796 0.07621558118 0.6573227265 0.24095182 -0.136477947 -0.01276062283
8.4852587 -0.7992363694 2.088762712 -0.2321119593 -0.9367072884 -1.339790369 -1.684257833 1.234424332 0.7940467397 -2.538242479 -0.868940494 0.7450606825 -0.1106017101 0.4143779002 0.2675294078
3.416982441 -0.1133631128 0.7680063228 0.9234803841 0.9073884468 0.4768323157 0.5185526207 0.6610345541 0.07620486405 0.1069943688 0.334324989 0.2218569387 0.1796543834 0.2320724664 0.2283479022
7.188579793 2.770336444 -0.1326911475 0.02757027088 0.2862257238 0.5330786285 0.3144214033 0.2051197984 -0.04086985986 -0.08157901182 -0.02514732753 0.07027759383 0.01977446125 0.06506635515 0.1380577205
5.018714992 3.349911133 1.929920812 1.848483913 0.9077358914 0.6897500557 0.2267618725 0.2934856375 0.1232322151 0.2454268937 0.1309849276 0.1744189932 0.1307579078 0.09878846623 0.0188528587
8.363062125 1.880345322 1.573273909 0.02823137533 -1.718480724 -2.837271042 -1.330122706 1.547500579 0.7064487343 -0.8014752831 -0.05380893943 0.8460748422 -0.2548996319 -0.7790211836 0.2584191916
3.01862551 1.709342531 0.8532073142 1.364909798 0.6977667326 0.634269128 0.2418548362 0.369168079 0.1912571755 0.3379319985 0.2956870361 0.2926006271 0.1274827989 0.1178372206 0.05799804365
10.01231674 3.191922209 -0.5558423579 0.1095747846 0.493797583 0.4351416714 0.05091232395 0.2896448133 -0.0334934338 0.09758878557 0.2756815486 0.3354999594 -0.0317224453 -0.117094277 0.04555878979
5.513199755 0.9021558692 1.846186423 -0.01675606471 0.6137485396 0.1718727657 -0.006631436478 0.54927604 -0.3100289332 -0.8144039185 -0.4025618446 0.2408917517 0.2368064754 0.2358749464 0.2439459818
8.436859792 -1.43162162 0.6791822447 -0.8568457426 -1.150467975 -0.7351685964 -0.8947406674 1.272570562 -0.1097222893 -1.60191154 0.2150053814 1.308538812 0.3474089175 -0.5422261817 -0.2533006136
1.214264505 -1.636367686 3.4903546 -0.5744190651 0.5133110408 0.3066143871 0.476068579 -0.04355238309 -0.1144640244 0.2152510697 0.4929293959 0.3128272821 -0.1797581275 0.08300785417 -0.3713106389
7.081247836 4.012179194 1.434679441 0.7384682015 -0.2213442655 -0.1363236323 -0.07590008282 0.3319262125 0.05380880363 0.02004845214 0.07441447009 0.1902576343 0.01395130009 -0.05498217955 -0.05337770774
5.850946988 3.42493206 1.582169547 1.266571077 0.1474134838 0.005005926491 -0.05004337186 0.261757259 0.08541941798 0.1754279181 0.1459289142 0.1454336663 -0.001292572245 0.01018669689 0.04095962598
7.784248926 0.8684870451 0.9603331126 0.1412769058 -1.206133831 -1.991261044 -1.006774442 1.78787587 0.1914282989 -1.76155885 -0.2277668108 0.5409986586 0.0003786087625 0.08705270045 0.2419153612
3.5624935 1.358846833 0.2015449152 0.947221227 0.6210323888 0.8025962446 0.4280414381 0.5865723039 0.3297013605 0.5206028242 0.4410598871 0.3253463188 0.1381987432 0.07244567083 -0.001309934112
11.80828444 -0.3135697444 -0.9818181249 0.9872223402 0.2750200666 0.1330944999 0.01867583142 0.2810322036 0.0425321365 0.1120953714 0.05289378624 -0.0716377834 -0.09905051163 -0.142046668 -0.2069791256
4.252591618 1.758691916 0.4981572086 0.9135074961 0.1645280298 0.1705322614 -0.04648238939 0.3631493475 0.2038082275 0.1783412574 0.3283083712 0.5627777389 0.2859502971 0.1466704798 0.01549818448
7.238649779 -0.6060643274 2.063827536 -0.7864528177 -1.577792315 -1.922823905 -1.656118409 0.9380602946 1.152799953 -2.224126094 -1.36093929 0.5760279923 -0.2345796666 0.1704460195 0.005483910755
3.34236611 -0.1048884432 2.19012901 0.5370064376 -0.2013426917 -0.1299395846 0.2218950023 -0.1229632695 -0.5014453929 -0.1451199249 -0.01966432315 0.01790579802 0.01313909465 0.3803474204 -0.01846772815
7.112529287 2.579174507 0.593372495 -0.1081780218 0.1235932612 0.3830743105 -0.1130989757 0.4453349042 -0.3458043052 -1.146622449 -0.6296883695 0.1163258465 0.174222622 0.3408386529 0.2090541431
4.130131484 2.570491618 1.508669985 1.670110611 0.935455767 0.7574057874 0.1371069724 0.2883880272 0.0877839765 0.1904201846 0.1540100809 0.1327174786 -0.03530045368 0.0267414437 0.02584574128
8.216369679 -0.70170692 1.280490438 -0.8440720472 -1.948456848 -2.336855923 -1.040424847 2.12824377 0.7012914576 -1.131945966 -0.3521973553 0.7794070308 0.1623072543 -0.6804604596 0.2409179391
2.355602786 1.536927721 0.7057817366 0.9290966374 0.5071647801 0.5128056603 0.2729170935 0.3394873831 0.1653079943 0.2184961991 0.1314817014 0.1441192918 0.05959333442 0.0745477229 0.04974827424
8.964104919 1.890109125 -0.8264917078 0.4188998722 0.5250980576 -0.06257393694 -0.2739411535 0.307036035 -0.05577137563 -0.3352670031 0.0366692073 0.2333619383 -0.05643737538 -0.08868771216 0.0773631814
7.227030674 0.2276031084 1.050526705 -0.7714008313 -0.1753329474 -0.7891203797 -0.6347907939 1.066762436 -0.2101480986 -1.570560429 -0.6133519252 0.892090531 0.3887937847 -0.2535708823 0.0435247775
7.553176471 -2.888108398 0.522488611 -1.871933822 -0.9315186838 -0.6911917316 -1.329519614 1.056102125 -0.1413057425 -1.807966099 -0.04300552101 1.4763314 0.5947102946 -0.9364257092 -0.6477480289
-0.4959125268 -2.263532341 4.122543875 -0.9827374256 0.2915249617 -0.09597080159 0.6475611138 -0.4974402265 -0.06609373984 0.1020421404 0.8280119347 0.2033837629 -0.08732500499 0.305128226 -0.3306292834
