3.740752868 3.047289809 1.36098605 1.185365809 0.5824277171 0.4277005509 0.3837940505 0.2154764247 -0.009732164245 -0.09241477465 -0.09086450949 -0.08910793723 -0.06819881398 -0.2065866867 -0.1418200703
3.004997189 2.321972895 0.8420843177 0.7880370653 0.4187495522 0.448601088 0.5026323704 0.4678656041 0.2257594802 0.05566284566 0.03161918285 0.03175941971 0.05702979494 -0.0225579244 0.03074757162
7.926999115 -1.400834234 -0.4342535432 1.209812723 -0.1691678633 -1.454841232 -1.474500005 -0.488644935 0.009956767232 0.02809649963 -0.3263358907 -0.4387576794 -0.02580356031 0.4604526507 0.2962786033
3.07230068 -1.7324888 2.602520478 1.135372828 0.4357464908 1.027916224 -0.1022308474 -1.244219851 -0.301678796 -0.08856187604 -0.02683365663 0.149519786 0.06151179162 -0.2755655116 0.06483541733
4.773140106 3.750158759 1.598803325 1.036908635 0.1993232949 -0.005471500976 0.03145196353 0.04511066929 -0.2302275078 -0.3428394772 -0.08578537746 0.004339615113 -0.05677644645 -0.1559347455 0.001580256828
2.269016666 1.61480003 0.3330083958 0.5114572042 0.2620334215 0.336474887 0.480636058 0.4933300935 0.3392631843 0.08200538837 0.03110074913 0.06182734933 0.02306381991 -0.08600201303 0.1006095613
7.297419195 3.732711205 1.086408202 -0.6354918213 -1.687868632 -1.332988175 -1.0262433 -0.2955754074 -0.01291086052 -0.2437464514 -0.1801798592 -0.3893727816 -0.3953730252 0.1737148861 0.3592377482
0.1582064036 -2.148914054 4.452034437 0.643683814 -0.1606756874 0.4562110013 -0.1581841842 -0.2681345536 0.3723325427 -0.3856662168 0.09003947085 0.004607837526 0.08508827784 -0.1032190837 0.03171626725
4.411734752 1.957740946 1.28071269 1.395816295 0.851811453 -0.2567481482 -0.9550907862 -0.3211329647 -0.01879580018 -0.03350695882 -0.2500415641 -0.5468267988 -0.07803697593 0.4076324042 0.3511777884
2.645925637 1.647178275 0.3026751353 0.4458436527 -0.1223314245 -0.1983531015 0.09010389327 0.2252398687 0.06109734286 -0.07930252591 0.014871226 0.02636534906 -0.001384763023 0.0240274583 0.1767277038
6.1727058 -0.1681603993 1.546002752 2.309584751 0.9746005179 -1.104618338 -2.268237407 -0.8953328972 -0.4216988135 -0.1373080455 -0.2723352788 -0.881615702 -0.4074487562 0.2575856724 0.512922937
0.7865248398 -5.135975612 1.258934484 1.017173921 0.6367482969 0.767320814 -0.1112757518 -0.9426776872 0.1881314877 0.1104584636 -0.4284383894 0.05955721641 0.3377246617 -0.2061010911 0.28167754
6.000829777 0.246122711 0.4057972987 1.089997339 -0.03163491269 -0.3891841587 -1.047617892 -1.58268271 -0.4448868884 0.7924435942 0.5816814571 -0.6802070424 -0.5213587666 0.3693354024 0.7039979038
1.855729418 0.8280348345 -0.09368693865 0.2560525604 -0.1290871084 -0.1629497203 -0.02931247273 0.1544624624 0.05224126441 -0.1146457442 -0.01779560343 0.02181018025 0.01965036027 -0.04553040613 0.1829468656
8.550184172 1.986127797 -0.2525734858 -0.857722522 -1.117812504 -1.069227337 -1.092289203 0.08675181152 0.2500079033 -0.4452687181 -0.6053443099 -0.8883950866 -0.3010835131 0.6575311353 0.7515514328
-0.3060115135 -4.601536766 2.580403477 1.449909447 1.039970997 0.3119968387 -0.6433582902 -0.8070850076 0.9400758729 0.4997636962 -0.06725591697 0.0009127368363 0.2259574538 -0.2516053107 0.190627841
3.712016372 2.858204639 1.046596207 0.7644345078 0.1701500772 0.07804530871 0.01327231631 -0.02039884612 -0.1986391153 -0.3098513121 -0.1744802418 -0.08608596207 -0.09493080706 -0.1282077367 0.008333979472
2.862430166 2.170205443 0.3620549825 0.342598046 0.3612907448 0.5686484545 0.2477075245 0.03997475634 0.04864403445 0.0606826486 0.006376337978 -0.08030984698 -0.04381547479 -0.04376033737 0.03571552763
8.304806051 -0.7085950065 -1.051473783 -0.009203374031 0.07256691252 -0.6230261888 -0.8697269086 -0.9384135593 -1.09864428 -0.5250200002 -0.04442613193 0.3712358203 0.262725308 0.09437300797 0.3314103942
2.422416015 -2.832587642 0.06617640324 0.1660672006 0.7329051785 0.9699874055 0.1613816412 -1.058806628 -0.2076143433 -0.1246030892 -0.3735024029 0.1869911289 0.3542158296 -0.3348045462 0.0451543357
6.005411677 3.919004398 1.254768001 0.4593408083 -0.2559020027 -0.2772672793 -0.06546980394 -0.07441319105 -0.3068686247 -0.3374898419 -0.2337821673 -0.1362388489 -0.1552095871 -0.1140037038 0.08539261641
2.071250296 1.469862659 -0.1785695849 -0.07546366465 0.091077381 0.3375693624 0.2032488972 0.1289755794 0.2460128413 0.2510465914 0.2557638919 0.1819249985 0.1549247401 0.07745015205 0.08397440985
7.716831857 2.722712358 0.3118251975 -1.047299325 -1.311329425 -0.3944752434 -0.5283881009 -0.5512264349 -0.4430768419 -0.4252340898 -0.3068385697 -0.4866433171 -0.1587918631 0.4694878631 0.5110384189
1.939186029 -2.045995734 3.419176556 0.7328844219 -0.7552428292 -0.1473524543 -0.4358041524 -0.3365950517 -0.2129812966 -0.9796557061 -0.1333719631 0.1682744378 0.03928032854 -0.04286416843 0.2116053298
4.717764788 2.169282804 0.7143343611 0.305123902 -0.146109631 0.007998377823 -0.1355492425 -0.306745046 -0.4579915952 -0.4090626452 -0.2826259904 -0.1840862628 0.05014453926 0.1134513633 0.1593318954
2.193395594 1.715880199 0.1583190551 0.03479174908 -0.09381161527 0.1597702715 0.03217562087 -0.1191441415 -0.1148059273 -0.1061048524 -0.2026010142 -0.1943411863 -0.06604006031 -0.06178526349 0.04743833381
5.178789831 -0.3987772789 2.655745309 1.395090444 -0.2286334123 -0.4606138243 -1.509466711 -0.9808418016 -0.06249190521 -0.5299905256 -0.6270356292 -0.2056230035 -0.07257580021 -0.08561656856 0.1682723612
0.1242655912 -4.715156372 0.352147449 -0.267434019 0.6924300013 1.253021533 0.2606490784 -1.646723541 -0.3909053497 0.1102961323 0.2032715966 0.4040378553 0.3125620106 -0.478218802 0.05552114053
6.717986926 0.9730289402 -0.03240183368 -0.01152084499 -0.1929495104 0.2373225079 -0.6646569529 -1.707456992 -0.8885164097 0.07872265402 0.2661425707 -0.1631949707 -0.08789967298 0.1035309048 0.2348695261
2.284080157 1.366678076 -0.5151975988 -0.3972086696 -0.2164765953 -0.04585728269 -0.2271136144 -0.2547020234 -0.1910313502 -0.2002253817 -0.08064000871 -0.07492666405 -0.09934187496 -0.1829692363 -0.01314519607
8.979348033 1.4162793 -1.059987903 -1.064781437 -0.686317444 -0.07244592441 -0.4208399783 -0.597912863 -0.762744473 -0.8071043622 -0.4089969235 -0.257755814 -0.05302748072 0.5037697493 0.8167645676
-0.3985775134 -4.221165501 3.654668717 1.06134886 0.06032617096 -0.1621242742 -0.9781686839 -0.7617436093 0.3953223128 -0.5279849679 -0.2137680783 -0.006177743258 0.08652786211 -0.3762240904 0.05574646882
