4.455264593 0.4335019803 0.5891567423 2.469924865 0.5411032132 0.5675138001 0.8815707482 0.5912436377 0.317140496 0.02663348015 -0.1646436898 -0.07936710173 -0.2785498725 -0.2471926037 -0.2155150238
12.48877914 -0.7550436536 0.3866824132 1.575549107 -1.784807089 -0.5154071145 -0.5091758738 -0.2733870922 0.225319635 -2.193512789 -1.026304093 0.3858267441 0.1863008646 -0.004065020014 0.7922955535
2.745129857 0.9640184606 0.2879828083 2.133836416 0.6877532812 0.3737800197 0.7514114141 0.6583446406 0.1495324632 0.04062773957 -0.06900906231 -0.1964735808 -0.5074383103 -0.4513095821 -0.3425921981
8.992655686 1.782656015 0.3653944836 0.9690118737 0.2353018534 0.6452393654 -0.01399586673 -0.8116832215 -0.6835038893 -0.6433096164 -0.59613954 -0.1741405522 -0.05385416483 0.01800211982 -0.03939185119
5.211208586 -0.9334696858 0.2363340258 2.431167518 -0.2514362732 0.2147581067 0.6653208247 0.1212116476 0.03614287828 -0.09000396524 -0.3376448387 -0.2131404858 -0.414590701 -0.3246196535 -0.1478640588
6.908984848 -3.087214254 0.7779878596 3.096294591 0.4520746867 1.282795014 0.2540410467 -0.8884563593 0.007869236622 -0.2886620623 -0.5931845293 0.1866861522 0.03438567321 0.1723943657 0.2557700717
1.604876489 1.079954503 -0.03434172655 1.652435131 0.7087973379 0.3653098469 0.4410602043 0.443002759 -0.06573444903 -0.3038715741 -0.2554580003 -0.235459689 -0.4283893375 -0.3573883294 -0.247570017
6.563018482 0.419271424 0.389819188 2.167486878 0.04617583169 0.2366055368 0.6068444143 0.172443453 -0.1047269418 -0.2379416284 -0.2682053992 -0.1266063235 -0.3555382443 -0.4033982906 -0.3597195045
3.612613681 -0.2893529478 -0.3234452007 1.946615511 0.2644722111 0.3496996049 0.8009228362 0.4661556773 0.06945182227 9.870316757e-05 -0.1274355477 -0.1614127929 -0.3877738161 -0.3400450108 -0.2131365481
10.3675084 -1.917009421 0.1871526976 2.297853139 -0.5481042044 -0.8362699685 -1.728367706 -1.354238983 0.1697025865 -0.338071775 0.02698722569 0.5622917836 -0.2479078724 -0.4478345357 0.3203296516
2.545484387 0.01152967823 -0.2683580654 1.880363492 0.2329831691 0.04490077174 0.5286064568 0.3793883107 -0.08883808524 -0.1142372786 -0.1721428744 -0.2277001915 -0.3499644729 -0.2672224237 -0.2060967715
8.318485658 2.204958008 0.06282051214 0.0545132871 -1.329751574 -1.27386845 -0.2486932178 0.3188547929 -0.6168324595 -1.582659874 -1.083448172 -0.03838990534 0.3042962056 0.5279708937 0.451212758
2.514909962 -2.217646117 0.4419769488 2.19567876 -0.3715888956 0.5362017059 0.4795717133 -0.1002111187 0.09540377049 -0.04048947828 -0.1179699688 -0.2545964475 -0.6072563343 -0.1784342775 -0.1395030991
5.869370905 -6.102636673 1.847424553 2.291235892 -1.730903712 1.160220031 -0.1990384804 -1.123611953 0.5824629948 -0.115598474 -0.4151619084 0.0458314796 -0.4320710663 0.04952898051 0.06069669699
-0.05289846998 1.227218516 -0.1294981686 1.209839902 0.5200359497 0.1102230609 0.2231032691 0.5970645848 0.1688120513 -0.1996718041 -0.2060730149 -0.1354697626 -0.3188718478 -0.3690275293 -0.2515699009
8.697486355 -0.932844548 0.9559207468 1.856329839 -0.8523013487 0.03836227141 -0.2916649632 -0.7904195139 0.04921266368 -0.439406277 -0.5616285448 0.3062061964 -0.04545684611 -0.2144900011 -0.0240970689
4.911675214 -0.05566138137 -0.1737921935 1.877466862 0.08976226761 0.3378371498 0.5785659083 0.3384596699 0.1034725004 -0.1673558516 -0.1941753854 -0.05023368912 -0.3555593952 -0.2346157762 -0.1500486549
10.9778995 -2.29732022 0.1016889573 0.901403424 -1.75721756 0.4538215995 -0.1293101453 -1.003509986 0.3783323645 -0.1272189019 -0.1233954895 0.6609464438 0.1294032468 -0.4402224993 -0.3246002933
3.258586117 0.8422033325 0.05782579617 1.795310568 0.2455470882 0.05390335895 0.2835266374 0.1796909253 -0.1841457688 -0.3498109755 -0.4053830639 -0.2272217313 -0.3800013834 -0.3610303844 -0.3266103701
7.181622016 2.13646659 0.3751695357 0.557710254 -0.2748094355 -0.457818907 -0.4603746586 -0.06025122825 -0.377871826 -1.271357036 -1.097003641 0.1060857863 0.5144013745 0.2816346022 -0.0856284625
4.705154718 -1.236824156 -0.3345643625 1.993402595 -0.4255975936 -0.04530708199 0.4858329383 0.02101388264 -0.1852097293 -0.2898019284 -0.4272546128 -0.2318295656 -0.411065236 -0.3438880815 -0.2506871862
8.174989665 -4.108086181 0.4688608624 2.164811626 -1.241405004 0.4282232651 -0.1228472154 -0.9276237129 0.1454720752 -0.4348009405 -0.5841413272 0.02779774499 -0.3630633689 0.009696186188 0.03087444886
1.611661401 0.4932198141 -0.5591321041 1.205104076 0.1281934073 -0.1008229221 0.1697063028 0.1774299255 -0.2410902615 -0.3424154194 -0.4052560519 -0.3936745393 -0.4856019391 -0.4000842523 -0.252297268
6.739624524 -0.5578619106 -0.2402527182 1.806681827 -0.4252469414 -0.1688762165 0.1123420209 -0.4162457896 -0.486820283 -0.3434110169 -0.2020318957 0.04577854203 -0.1634510383 -0.2082967349 -0.4070077859
3.588531106 -0.1888501329 -0.4210792108 1.57127515 -0.2191057935 -0.1992692691 0.1477812545 0.002136989699 -0.2453839344 -0.2905174108 -0.3569370587 -0.2916220385 -0.4615554515 -0.2969557267 -0.1951708282
12.34274644 -3.824751538 1.04877289 2.186540345 -1.86113827 0.2801466931 -0.7959410882 -1.13500167 0.4565842664 -0.7754341556 0.1887515762 0.1789241645 -0.1056027142 -0.4542587493 0.02196348518
2.480770215 -0.6483647426 -0.5704423441 1.688527531 -0.2346275457 -0.3523860403 0.2556154953 0.1174003296 -0.2836162282 -0.2740300974 -0.3936377011 -0.5061483595 -0.5819470186 -0.4640204472 -0.444760921
9.965205744 0.9089284945 -0.06722651836 0.8248471394 -1.20573588 -1.223125798 -0.315785229 0.2402355234 -0.518557167 -1.855300938 -1.150722615 0.1747886444 0.2978024829 0.3365721953 0.3856862952
4.204712854 -2.019538041 -0.3265669945 1.815779791 -0.9129384997 -0.1977713742 0.4064243046 -0.2551447327 -0.3199745947 -0.3180388686 -0.4526370554 -0.3270765085 -0.4879802432 -0.3184963287 -0.198612462
6.037635121 -7.718694223 -0.1173958708 1.665454327 -2.831202011 -0.01639022995 0.6707854678 -1.060414944 -0.1739164992 0.3365295348 -0.1595228066 -0.1147532053 -0.3583182558 -0.277772857 -0.4591228811
-0.2664336972 0.8104771622 -0.4294583691 0.9210182365 0.07239009966 -0.391100548 -0.1632038309 0.2265974429 -0.2123491781 -0.4778131466 -0.4769293967 -0.3208172498 -0.392598851 -0.3834032286 -0.2600630396
8.038330266 -0.6683619059 -0.8654307361 0.3815362937 -1.262625553 -0.5617497998 -0.269295631 -0.8481567406 -0.5551133732 -0.1998389221 -0.1283525298 0.397098468 0.3245464726 -0.2036822258 -0.5517003517
