4.495596701 3.075456308 1.425783035 1.418070152 0.6905877128 0.6107907755 0.1552658528 0.1223791177 0.147882536 0.1405752124 0.1897300125 0.1864092731 -0.0208325096 -0.02646290848 0.08906239193
6.221026294 1.802624047 -0.4539904812 0.58110905 1.46694315 0.05474455775 -1.180709506 -0.6423615944 -0.1381788991 -0.2835519392 -0.2178401621 -0.1358398085 -0.4824665906 -0.4376925739 -0.5861936081
4.296459184 1.549239089 -0.3417221274 0.1532301382 -0.2891931002 -0.002212016214 0.1986018936 0.3167720134 0.016337596 -0.1446191663 0.1582420155 0.2962613795 -0.1597944505 -0.3164972487 -0.137445501
4.871738861 0.03419651999 1.773408243 0.1940952965 1.338711268 -0.9192757034 -1.383299953 -0.8602154444 0.1187996955 0.6395238085 0.2467911742 -0.2532200911 -0.006111308787 0.4602741679 0.1760576854
4.182210993 2.759882334 0.2055904769 0.3576674075 -0.0862060136 -0.007952927813 -0.202755375 -0.1214580626 -0.1141601082 -0.05991084449 0.15124115 0.2403304978 -0.04658091369 -0.1660330751 -0.04746099971
7.008024669 3.738716153 1.349866617 -0.06493297217 -0.9340235596 -0.6915582106 -0.4653908996 0.01646471837 0.522714125 0.3000084033 -0.2178433672 -0.2024431292 -0.5098932957 -0.6562866557 -0.6124238114
3.271527149 2.268427401 0.8428818624 0.8486678269 0.3417827676 0.489029955 0.2011327228 0.3170706676 0.2792658661 0.02596874778 0.06824078525 0.1834420238 -0.06121736411 -0.1608149026 -0.03122079441
7.184926174 -4.231417791 -1.407475917 0.009680746748 -0.5974892317 -2.219252019 -1.601283883 -0.4695444096 0.7520576889 0.2502195624 0.3161512234 -0.9335058096 -0.4404316402 0.1648428028 -1.33281396
5.556459842 3.618757396 1.960317214 1.045019816 0.08199149761 0.2413999775 -0.03379465951 -0.02575381689 0.2136906397 0.2676939739 0.08057417309 0.1270018256 0.02191392425 -0.07630903296 -0.04093299732
8.809797624 1.477413497 -0.3300201554 -1.992585206 0.02850614438 -1.300218705 -1.703354519 0.4992115998 0.05750442658 -2.112860781 -0.8177993024 0.263765331 0.1461205163 0.5159869442 -0.6750637438
2.42953415 2.051608087 0.9396772417 0.1952157035 -0.05565126908 0.1668696876 -0.2742197134 -0.2027188961 -0.07939504532 -0.0588273052 -0.005877495161 0.19041208 0.01595368985 -0.007202529603 0.09625115289
7.221808822 -0.1165596105 -1.663031778 -0.9188615386 1.168156435 -2.039022695 -2.588224793 -0.7948196051 -0.06829240754 -0.7333933186 0.3990840165 0.3077645517 -1.176154499 -0.2781633814 -0.9683636915
3.705417309 2.571019355 0.6073662185 0.7650939038 -0.05610314028 -0.3974008662 -0.7301961645 -0.4384201123 -0.2122075071 -0.1604989429 0.04911930642 0.166299419 -0.01093671997 -0.05032382336 0.07757544615
6.877248644 1.989536793 2.84881573 -1.049237256 -3.039235486 -2.099848194 -0.6685673708 0.1678511725 -0.01636016051 -0.2470271389 -0.04216212013 -0.5717574235 -0.9207442816 0.1144951849 -0.712831804
-0.8224118635 1.222482728 2.813232347 -0.4547507015 -0.2455648626 0.518919517 -0.5828234764 -0.2668008994 0.3412482365 -0.1874871124 0.3003617789 0.190343002 0.2346535508 -0.2310215584 0.01252167931
5.944959128 -1.90605149 -2.014563585 -0.825649617 -0.2166724702 -1.968642242 -1.88481054 -0.6245477156 0.601985924 0.4112806338 -0.06590781808 -0.6196534494 -0.7454599187 -0.2530244992 -1.189865735
4.557648919 2.728546939 1.361399206 1.008378323 0.01889961485 0.1817240194 -0.08521468301 0.03656077551 0.2714571465 0.1752519652 -0.01104248405 0.1880824175 0.09061668467 -0.07880603185 0.04212699184
6.012384657 1.249793266 -0.5165602002 -0.6834742127 1.072422027 -0.4647981378 -1.681183659 -0.9043396669 -0.7726080526 -0.9030008085 -0.3054310626 -0.1527144868 -0.3405988104 -0.2337942756 -0.4389687208
3.747760578 1.969535558 -0.1758489448 0.005287076286 -0.3881286182 -0.2215250639 -0.462830453 -0.3644409657 -0.333312549 -0.3415490921 -0.01124292686 0.1857858373 -0.1249200104 -0.1903044623 -0.03684657492
5.899038812 -1.851005958 -0.2402724498 0.1405720902 0.7801550898 -2.541519987 -1.785269304 -0.6474500171 0.5245004472 0.5184197683 0.4519361911 -0.5638675241 -0.2034858012 0.8958107627 -1.231021016
3.283060699 2.406369757 0.1472753828 0.2221034643 -0.1171706186 0.1031635625 -0.07328133553 -0.01294494862 -0.01544877456 -0.0460720115 0.1081283299 0.2216194241 -0.02573002141 -0.1645990626 -0.06366429735
7.364558366 3.031259397 1.605324029 -0.5839445221 -2.229460301 -1.961181933 -0.8908400657 0.1774222377 0.01289799643 -0.1196436436 -0.03408559425 -0.5241267709 -0.6557143868 -0.2391959524 -0.4889920673
3.294868846 2.432805156 0.5961177305 0.9249327731 0.3359123177 0.08157440673 -0.315901811 -0.193245173 -0.1442713034 -0.2527850231 -0.1958099508 -0.07274718982 -0.2316623767 -0.233252382 -0.01472681853
6.471923631 -3.124811837 -2.099412462 -0.2512984721 -0.418919026 -2.456225458 -1.726791885 -0.4646817498 0.5690975585 0.3029867736 0.03727926414 -0.8695559931 -0.62158694 -0.1262416433 -1.313563723
5.618476905 2.960618116 0.9314729442 1.057141568 0.3423988115 0.09320465842 -0.2660673295 0.0480517097 0.1996384639 0.04982413203 -0.2655182591 -0.2073927461 -0.2816088268 -0.4926128744 -0.4476221258
7.632424033 1.82280819 -0.608125854 -1.663618364 0.07400460862 -0.4629218709 -1.615154576 -0.5764567815 -0.2240742265 -1.448765379 -0.7276191609 0.3265716444 0.02012991017 0.4770574082 -0.5259200125
2.927429162 1.382854697 0.5532109402 0.6079188404 0.004675741446 -0.06976981776 -0.4690438081 -0.2668652286 0.008061675932 -0.07893138496 -0.1218088578 0.008367011868 -0.1684580579 -0.198922399 0.02638621581
5.964885845 -0.5247985854 -1.058813561 -1.247465288 0.4404687532 -2.045655825 -1.948045395 -0.826124798 0.2952678472 0.3213368427 0.2393918906 -0.2355454661 -0.9098559582 0.1399218977 -0.9408460417
4.00443663 1.940053446 0.0174942894 0.9080245486 0.1629415255 -0.3340638887 -0.5565219836 -0.2630368537 -0.1983716849 -0.1011881159 0.114882728 0.04210259187 -0.2100803802 -0.1804727711 -0.03748079556
7.25552331 1.625476443 1.2162273 -1.356193725 -2.400157872 -1.731865122 -0.5337471119 0.5632195044 -0.2892364118 -1.204350382 -0.5681102034 -0.6392918666 -0.3750930357 0.5403745578 -0.4191204996
-0.5921284423 2.785611743 1.402720468 -0.5993375458 1.48253924 -0.7971104789 0.3791729167 -0.2118689795 -0.4866984604 -0.07887627282 -0.1637246333 0.2237844537 0.0177092813 -0.2304150239 -0.06771389866
7.071887416 -1.870514793 -2.665849934 -1.568737514 0.4414320005 -2.136104678 -1.824867889 -0.5273362107 0.5564388228 0.1123879754 -0.02047279796 -0.7991819555 -1.124665744 -0.0259371046 -1.36138833
