2.434813922 2.252635809 0.8559967062 1.133783766 0.6907747535 1.12909615 0.690689361 0.5138911015 0.438016553 0.2640492205 0.1699388346 0.3187163906 0.1701531192 0.05509115141 0.06551494678
6.9496732 4.755927363 1.466923956 0.5760276449 -0.1785608558 0.273170686 0.1510509017 0.200057361 0.2554828661 0.1365191603 0.0186753928 0.03955315269 0.02673388894 0.06018335939 0.01835310117
1.625027889 1.575172078 0.3480924665 0.9420839368 0.6216637363 1.011670521 0.5805518716 0.438441187 0.411623483 0.3041671559 0.2523830018 0.4265895354 0.3366419662 0.1865692534 0.1702001898
8.341984899 0.0420820394 0.9144239178 1.385239915 0.2058499555 0.1758878902 -0.3194465884 -0.0983987659 0.2488678992 -0.2048809637 -0.4009980892 0.3610892295 0.1901745164 -0.2379006631 -0.05060868444
3.131923291 2.884092141 1.388571781 1.599015467 0.9571143595 1.106401403 0.514122747 0.2411357581 0.1403957838 -0.01560817765 -0.09821977193 0.03588260237 -0.07541904222 -0.1233814271 -0.03575989278
4.769294537 0.7784895039 -0.05500493278 1.835315939 1.495234909 1.304948519 0.3775913586 -0.06203998608 -0.06326737595 -0.06097280878 0.06169609295 0.5369342246 0.3092743715 0.03763054679 -0.0321639898
4.812409304 -2.474285057 3.058571529 0.9956396625 -0.6395705301 0.1371829953 0.06547591869 -0.007197823198 0.5002826387 -0.5717833398 -0.2259417325 0.7220085071 0.1106772918 -0.2853582704 0.1671969871
10.20676263 -1.737156629 -1.879989098 0.4832380884 -0.6813415637 -1.644821574 0.5209043058 0.4729928615 -0.4039770075 0.07063666853 -0.04486988503 1.114154611 0.4691911935 -0.3291394415 -0.01141577385
1.966056339 1.897747408 0.3900519626 0.7063066723 0.3115600507 0.7434281651 0.2825353952 0.1946478076 0.288352768 0.2099743532 0.1304005577 0.2871129226 0.2486194088 0.1705651802 0.1302496279
5.09214034 4.161657885 1.929964663 1.443542914 0.2739668763 0.3511642759 -0.09014658366 -0.1062574293 -0.02066313001 0.08020941832 0.04915220988 0.1303258636 0.07215815221 -0.001734556384 -0.07411554202
1.468575552 1.371951776 -0.01008473846 0.5058926377 0.1892906398 0.6693195616 0.2577310863 0.2085163822 0.2839064686 0.2624916617 0.2559678496 0.4237942853 0.3747275178 0.2907280375 0.2623224402
9.702784723 1.655950251 -1.926251616 0.1654690717 0.813433072 -0.209384777 -0.6389821595 -0.4601065661 -0.3615839305 -0.007704670958 0.1949468862 0.8395336834 0.7187882643 0.2025559188 -0.3213871512
3.081324715 2.021115157 0.9364069615 1.568270545 0.5355310238 0.6081708932 0.5010238238 0.6962768624 0.2851259326 -0.1411712391 -0.006398318204 0.5007354198 0.1642704285 -0.1253605703 0.006479724573
6.756643602 0.9879470736 -0.7488925644 0.5423163185 0.3445779122 0.5418807252 -0.4378279888 -0.6301839412 -0.07734603862 0.04032064912 0.1591406132 0.2825599537 0.1571104085 0.2064330498 0.2652559473
1.208886956 -4.072004783 4.075602734 2.010333998 -0.3326907337 0.060545993 0.4956358314 0.5192156236 0.826296114 -0.3388976484 -0.2509668369 0.5421314705 0.2177058682 -0.1065090324 0.1677741104
9.985937496 -0.4082997522 -2.145465212 -0.1037201727 -0.1096142185 -1.240551312 0.2384261583 0.2068051871 -0.281191263 0.3077689777 0.04273230474 1.119232842 0.5334027395 -0.2614505525 -0.1582666627
2.193843441 2.051204499 0.7909265648 1.240700206 0.712134709 0.9866441699 0.473772225 0.1959276378 0.1144983905 0.01176510483 -0.07027370411 0.008907786892 -0.03598592005 -0.07061368767 -0.01761314525
7.76008299 3.503381558 -0.05146746438 -0.02664582089 0.06154128409 0.3391216693 -0.1428723142 -0.2194431944 -0.06486465089 0.0137923198 0.05754519987 0.3997668052 0.2977364828 0.06431071108 -0.004132773213
1.313646851 1.320412275 0.1220507684 0.646846158 0.3579118419 0.9156768132 0.5752865084 0.5162544829 0.5103357913 0.246656852 0.02338963913 0.08790334614 0.03812567901 0.0449299723 0.05161122785
9.936971752 -0.5127222422 -1.01758115 1.949447965 1.103489618 -1.330165666 -1.040522521 -0.6142981562 -0.7029152708 0.0001103985198 -0.146893746 0.6912414705 0.43417965 -0.1523234337 0.3936853631
3.327878021 2.846131801 1.208161236 1.255639775 0.4610549342 0.6113107187 0.01251490872 -0.1378246674 -0.08088682037 -0.07473193487 -0.1385000719 0.07400216921 0.06759798349 -0.01621348473 -0.02417837267
5.13717933 2.098149089 0.05786533201 0.9156170405 0.9452013107 0.9950621549 0.385150141 -0.1605761219 -0.290958817 -0.1282699136 0.2761739798 0.7582720094 0.4352595659 -0.07334041112 -0.3001230733
3.416502652 -2.841892915 0.8521386257 0.9125718344 -1.03228826 -0.3966472394 -0.0213118256 0.3585644843 0.08890474024 -0.4155236165 0.1858914185 0.2996807843 -0.1724940091 -0.1091408305 0.354605303
11.2050926 -2.47700392 -2.491049245 0.7429681459 -0.6834760411 -1.877448019 0.5785854194 0.5652868457 -0.235501899 0.006145003773 -0.1206011519 1.178066663 0.3401385956 -0.3643752894 -0.04525576784
1.567571153 1.530264946 0.3287190232 0.8387289073 0.3370741505 0.5515256084 0.1311247441 0.1097699844 0.06866687741 -0.03869843785 -0.02645272938 0.1878052571 0.07851190737 -0.05058840274 0.001427797404
4.873558125 3.573973334 1.19242463 0.5966801904 -0.1601150448 0.2062490087 0.1160252843 0.2106270653 0.2893096215 0.1051783008 -0.1119581483 0.01805633241 0.07276647438 0.08811389621 0.08366955921
1.255783377 1.004322938 -0.2554787103 0.3844096916 0.0232613631 0.4342945577 0.04871219055 0.05873082285 0.120883736 -0.08586620535 -0.1025989855 0.1177427327 0.08248923387 -0.009248980179 0.04123762302
8.784263161 -0.4347870057 -1.79801192 0.822423132 0.1942497997 -1.350557086 -0.652723184 -0.1176662118 -0.6059403067 -0.2366737097 0.2400603906 0.9907971223 0.5952598453 -0.08392191121 -0.1343835497
3.144612531 1.953092283 1.073413896 1.878095263 0.5217874469 0.06108254589 0.01383354819 0.464980844 0.08208017 -0.5766737149 -0.267502716 0.3506229877 0.07429294306 -0.3752131724 -0.2052531168
6.395210117 -0.7798478785 -1.747412353 -0.1254879058 0.5528292886 0.3249830251 -0.2885261533 -0.02987430962 0.05589517413 -0.08418759178 0.1111802213 0.7435872108 0.07579791704 -0.2898209826 -0.1457611305
-1.743040306 -4.83107568 3.595320245 1.515915996 -0.3463299992 -0.06117813947 0.3312580957 0.295564716 0.7314351872 -0.4016374618 0.06008402965 0.7982389205 0.044733339 -0.1303644803 0.3862979138
8.785190474 -1.080759655 -2.235840679 0.07165085996 -0.79337148 -1.50073987 0.2745807711 0.9447970134 -0.1509753119 -0.3027543029 0.1212680025 0.9434807708 0.3476882385 -0.3067510864 -0.1050010082
