2.647846292 1.094195324 1.291611571 1.420444941 1.299512844 1.165146001 1.358041199 0.9354661492 0.6680653102 0.7123717028 0.680685458 0.525188219 0.3222681674 0.417258104 0.4995669381
4.550108847 2.340145798 1.999080857 1.406587941 0.8224398354 0.4509150387 0.6338759 0.3890306517 0.3219640771 0.3964564629 0.2859434409 0.03716548193 0.02916383514 0.1725208316 0.2107480109
2.69874032 1.86981885 1.160753564 1.145207908 0.7937345541 0.9645728022 0.5425044546 0.2819077882 0.4545753271 0.5316434002 0.2520879945 0.1708542543 0.05422642524 0.231897577 0.02474017377
0.9877835227 -3.084854484 4.12838243 2.235175203 -0.4190483535 0.777190758 1.946043267 0.8783654196 0.2869634159 1.051589461 0.8325370655 0.3603579321 1.060300749 0.7194293744 -0.6972266473
2.679080424 1.370308031 1.753587973 1.468554483 1.069810169 0.895337187 1.011309376 0.8632408873 0.7169377226 0.6762271551 0.4257729709 0.2408633052 0.3513751784 0.4600742318 0.3759333445
7.8615039 1.092176765 1.150474022 0.9064208507 -0.02004474222 0.1234754543 0.2783129629 0.1626187329 0.09344339914 0.2663887656 0.4129424386 0.181432878 0.08884087997 0.1873434979 -0.0611346685
2.067408956 1.649032543 0.8472416121 0.8511987786 0.4922731704 0.5579594865 0.3869560478 0.3384113541 0.1748782421 0.1723082319 0.09197880592 0.1044874278 0.05791373889 0.08264720165 0.07494402698
4.894703297 -1.098238178 0.88963135 0.1347126662 -0.05717974701 -0.4676016661 -0.6132360079 -0.2622677755 -0.061617916 0.3692347019 0.403846515 0.2160194298 -0.2963005281 -0.3904528527 -0.2300944464
2.397277659 0.959056346 1.420141657 1.318881506 1.205398767 1.070267371 1.482496112 1.322390289 1.036281263 0.8279204956 0.4700653441 0.3580857192 0.1099701656 0.1850985479 0.2460373426
5.70551531 1.991572973 1.274166845 0.8814449121 0.5184269776 0.3177534431 0.4687384901 0.2943830086 0.4889978505 0.6033467613 0.6502596684 0.6066379221 0.6204957597 0.3406825951 -0.3344942374
2.130973668 1.809236398 0.9692052401 0.9146374038 0.6598528684 0.5874551727 0.3803226427 0.454798987 0.4336118341 0.3559294111 0.1864973402 0.3573430441 0.4040852822 0.2008704195 -0.030071594
3.3785708 -0.8879201985 2.943176394 1.007722349 0.3683361887 0.1761351333 0.2973542067 0.2306795943 -0.4253283507 0.06110225602 0.5210917234 -0.03208927082 -0.429668973 -0.08102070404 0.1451471961
3.561016757 1.60831193 2.164453817 1.585499272 1.163121335 0.5934702242 0.8854643387 0.786133946 0.1876128502 -0.1360538621 0.2167819374 0.2556052918 -0.1121791232 0.1675027147 0.2064009854
5.916684938 -0.7492029665 2.618317515 0.8484926561 -0.01242383364 0.1144276844 0.1801071201 0.2149369684 -0.1955756468 0.4507713949 1.091518314 0.2030831771 -0.3873830865 0.06105816213 0.2192536227
1.616792472 0.6811304275 1.478075126 1.340699797 -0.2566698923 -0.02387224284 0.6254479336 0.4152551123 -0.3193331458 0.105784559 0.5937569893 -0.0523446537 -0.4164392509 0.08953328343 0.1198523314
3.152700026 -1.00249143 0.3855743995 -0.6001995453 -0.1825123291 -0.882802715 -0.468408898 -0.6055042804 0.03092714075 0.3470091739 0.4933284072 0.1977136648 -0.1437792059 -0.3169568684 -0.3607656162
2.495833631 0.8906352649 1.268413293 1.34877406 1.319719283 1.120899045 1.254374329 0.6904776938 0.5555349531 0.5504462979 0.5764964679 0.4366396435 0.3071322851 0.2352305674 0.1925891156
5.987732548 3.378538961 2.456055331 1.674795756 0.7435021197 0.2140610542 0.7751419872 0.4992587205 -0.04007409466 -0.2715373908 -0.1783314539 -0.525306591 -0.6926607191 -0.2655609229 0.2043622277
2.191080667 1.813763844 1.230123973 1.248968731 0.7728131061 0.614341285 0.4641214917 0.5212128393 0.4866688836 0.4785227401 0.1822210777 0.2593734768 0.1955826727 0.1270440024 0.153775873
1.334489686 -1.652181243 4.171340522 1.603176183 -0.6700690766 0.8113059039 1.249413447 0.377059108 -0.4503255498 0.41519009 0.2747919888 -0.1587404312 0.5011533851 0.4305555695 0.08846737961
2.902567424 1.307197881 1.309182083 1.224197245 1.1116018 1.005685966 1.167571553 0.7106611055 0.5848529285 0.543099884 0.2967589479 0.1892583012 0.3629651425 0.3769246419 0.2927638019
7.442002343 0.6463804574 0.7131372397 0.6400312729 0.2881364953 0.300800027 0.2386655277 -0.06161021996 -0.05499602681 0.05667777579 0.03055060592 -0.03653177443 -0.1624454905 -0.08887635103 -0.05999867324
2.02785685 1.557681972 0.7305424573 0.7508719422 0.3940223403 0.4197891898 0.2530578775 0.2411816007 0.1446824722 0.1724596877 0.08685600263 0.07855005784 0.01787017753 0.02276698663 -0.01281703207
4.2163133 -1.267306081 0.5092845008 -0.3799865459 -0.2527521478 -0.7323940478 -0.7284983718 -0.598561351 -0.5100768583 0.1489872747 0.1954518281 0.3510344525 -0.04598608375 -0.1343503653 -0.2878604735
2.479176582 1.12269399 1.284162177 1.121353921 1.019908084 1.001291697 1.412543743 1.115045633 0.7226628286 0.5661144844 0.6007636561 0.4756361714 0.3230874977 0.2226265996 0.2206762157
6.154612607 2.237938032 1.151371143 0.8385970808 0.0546865965 -0.0425058632 0.2551162303 -0.08345206844 -0.1457404809 0.2342463124 0.4129791178 0.1367388367 0.09208546085 0.2319072249 -0.05918773881
2.244590535 1.756410582 0.9533779524 0.8697455388 0.6569843973 0.5737380264 0.2343986728 0.2158705445 0.3502809176 0.3927016799 0.0659536775 0.07186555462 0.1257400584 0.08753793051 0.03223188363
2.100394409 -1.868832298 2.672024393 1.382445479 0.5459703286 0.07684652757 0.3396804564 0.1471531512 -0.5240277105 -0.2921890536 0.429027338 -0.08830476434 -0.1407661154 0.1169960755 0.5117435974
4.514953463 0.3130534517 1.424092673 1.121189605 0.9614796387 0.08316332668 0.6212665741 -0.0005044340035 -0.3263258284 -0.02236761535 0.5531866086 0.1091272838 -0.3154738026 0.08052901434 0.3237453567
6.200965272 -0.4146919675 0.7952163211 0.2443705145 0.09021191346 -0.3394105299 -0.4537441356 -0.4544520642 -0.4329244772 -0.123370012 0.006609379679 -0.09674599484 -0.1164340022 -0.08194899377 -0.08872263856
2.719722579 1.129383163 1.517100181 1.565898029 1.157357697 0.9821022674 0.9927659691 0.5459451422 0.527966671 0.7812860696 0.8624198029 0.5164217537 0.2969391695 0.3072647776 0.2568984297
2.546184877 -1.025565147 -0.1388441344 -1.134965239 -0.7377628462 -0.9307909404 -0.6691917326 -0.3269115779 0.1912484535 0.2516222613 0.2132795032 0.06774193066 -0.0209788243 -0.1016124021 0.004948651428
