6.008017368 -0.8671282818 1.6616979 1.648635135 -0.4558332556 1.27570331 -1.745445626 -2.065860753 1.429901409 -0.1248270615 -1.676527377 0.3131413885 0.2319419188 0.1117017301 0.6838967466
7.862640233 1.850105832 0.2566827881 0.9020390722 0.1969054415 0.6860079591 -0.07421310505 -0.4567774374 -0.6781731497 -1.460216391 -1.15081251 -0.07187745708 0.2399215561 0.730072614 0.7805850027
8.655791024 -2.178658679 -0.2498682262 2.314086322 1.484546068 0.5348136726 -2.108504759 -1.248718819 -0.04064519645 -0.894994027 0.1771318927 1.00195159 -0.3679597711 -0.3901452647 0.1889694303
3.575504529 -0.4422649195 0.1143757726 1.649657249 0.6071897737 1.316386889 0.3617887736 0.1488862237 0.5387099639 -0.1882475021 -0.273524092 0.1667519322 -0.3015301142 -0.2096775707 -0.06307811298
8.590159599 -0.4831159886 -0.2732232161 -1.44129583 -1.659538983 0.9631436256 -1.497218861 -0.3159688833 2.191687357 -0.8155236906 -1.715963403 0.2488229938 -0.1754180571 0.1937644674 0.5857775975
4.675247444 0.4947985957 0.684181906 2.28653825 0.9889290998 1.351193906 0.4991378661 -0.06058391965 0.1468765034 -0.4576985164 -0.6099738903 -0.1744507659 -0.4370118845 -0.3415443815 -0.1335212735
10.32596645 -2.42196329 -2.780504536 1.152456686 1.46195711 -0.02000783771 -2.30575448 -0.9521806572 0.3742035223 -1.014191725 -0.2165331749 1.601091674 0.2874766012 -0.5535492401 -0.09194316002
1.730547916 -2.065667766 -1.289042634 0.4629964998 -0.3667293017 0.4252334907 0.1149456476 0.06081102584 0.5537723528 0.09890772922 0.04189797858 0.4226905831 0.03864763907 0.04999536134 0.08713331886
6.310599621 -2.047088811 1.573030194 2.699169074 0.4783671959 1.390750665 -2.170884086 -2.237834155 1.686461424 -0.3099364907 -2.182781561 0.2796482448 0.5819746629 0.3664781069 0.687718275
6.590905178 1.743671875 1.146303278 1.970513357 0.3690283435 0.3012933848 -0.676952478 -0.9053900947 -0.5114140093 -0.7568168993 -0.5485527931 0.06192167127 8.227817207e-05 0.2817785135 0.3356412841
6.544940029 -2.732151224 1.05300292 3.207228011 1.678414745 0.7762295523 -2.518088473 -1.161161172 0.7337217781 -0.7849903682 0.06104724454 0.6747310546 -1.058957774 -0.5186604266 0.4790048405
3.446943837 -1.35856137 -1.528920876 -0.1069668952 -1.308490662 -0.6872815703 -0.8718135657 -1.24158032 -0.9254685993 -0.1056861078 1.017943692 1.377107756 0.1760558055 -0.1634410346 0.2235916278
7.307160651 -1.855997505 -0.3401896026 -0.1287782985 -0.9789761482 1.543384347 -0.9638615382 -1.138050039 1.772085048 -0.3940928375 -1.885654863 0.3294239 0.1913054653 0.04618534589 0.6497283822
6.031434565 -0.9248873289 1.827047549 2.701908525 -1.038698555 -0.2984112261 -0.6403622388 -1.250157246 -0.3628111655 0.0918807845 0.2679994092 -0.1334339458 -0.4491748766 0.6116047645 0.1341364826
10.8921043 -3.579488857 -2.045212333 0.3337254409 -0.2203825323 0.6344760898 -1.797316492 -0.4116440915 1.496004884 -1.324011461 -0.9640668781 1.683025903 0.1492031234 -0.7704241778 0.08792690888
1.375858556 -2.924453965 -2.298811613 0.1576378272 -0.6357480192 0.1963699088 -0.003723190418 -0.06229547098 0.2428497384 -0.1233726856 -0.08238459832 0.3505776897 -0.01977051676 -0.01591706406 0.0648861968
6.214483042 -1.524858666 1.628758766 2.028860827 -0.1480164259 1.06501704 -2.500940278 -2.346062675 1.959883721 0.137637067 -1.778109595 0.4887345767 0.5727982115 0.2976686645 0.7228158294
8.715607626 2.620518931 0.5572085164 0.5674373637 -0.899678427 -0.5420984711 -0.5446694707 0.1418812736 0.5051948959 -0.5196403632 -0.8996794485 -0.3354255833 -0.2817169082 0.07985923737 0.3354647121
8.612476871 -2.24905923 -1.627017695 2.728640126 2.268279045 -0.0280282258 -2.61835296 -1.567667856 -0.3069157923 -1.016236965 0.234429383 1.588309603 0.1076055957 -0.6185287954 -0.02440592682
3.179808512 -1.738302922 -0.5165869897 1.428547862 0.3891702608 1.021915555 -0.4046556953 -0.4950006113 0.4914280001 -0.363073496 -0.5706990274 0.1218332999 -0.6308374558 -0.4996056367 0.07417024592
6.769123114 0.5681460598 -0.1216202417 -0.8683330536 -2.110545215 -0.1950144035 -0.9922838256 -0.432665545 1.109842433 -0.5567653216 -1.128610289 -0.04477833292 -0.5151886479 -0.1225966301 0.5110692567
5.326520426 0.5784783513 1.094606032 2.024451687 0.3520446936 0.9015136164 -0.2102017954 -0.5910761921 0.04487485825 -0.6070757218 -0.7120193721 -0.09471488916 -0.3224048178 -0.1402676301 0.2016081038
8.153965281 -1.811803201 -2.262414113 0.8114141419 1.020903589 -0.1171376573 -1.782796213 -0.7393331619 0.2730417071 -0.8354664485 -0.351820162 1.227036558 0.4769054363 -0.4499513127 -0.3187140604
1.717441435 -2.410961638 -1.771997693 0.4887070174 -0.3511417691 0.3817863426 0.0265664995 -0.2069149166 -0.04679232343 -0.3639490742 -0.2449138947 0.2009682362 -0.1555056664 -0.1235080894 0.05483995844
7.088740334 -1.483619569 0.5122785391 1.149157127 -0.3554047974 1.251557627 -1.802636825 -1.779299543 1.780133255 -0.1141192165 -1.938685342 0.2619563125 0.4744574986 0.179320344 0.4627011243
6.04806465 0.460065313 1.030552488 2.7926644 1.444202718 0.9026833806 -1.102133043 -1.195323955 -0.1828814617 -0.4865174236 -0.43278844 -0.151417287 -0.50664629 0.0525329882 0.3728954409
7.729976801 -2.973884845 -0.3803766618 3.585976609 2.362866267 -0.2353834472 -3.399916929 -1.411054657 0.6057947734 -0.7871779001 0.2892401852 1.242291 -0.7858653475 -0.7908334109 0.4262224818
3.437974551 -0.8607416948 -1.232756737 0.06758488742 -1.399870538 -1.157109903 -1.681481325 -1.721862306 -0.9970225919 -0.6315932564 -0.00170552711 0.7664374719 0.569952788 0.717537346 0.8538148241
6.202085815 -1.528182286 -0.1860337712 -0.7476759182 -2.361216405 0.5986463627 -0.9080700997 -0.7686486437 1.586855521 -0.6564959351 -1.660194084 0.3778341069 -0.2291732705 -0.4540943964 0.2862014728
4.796850776 -1.295738977 0.3864264111 1.345198715 -0.4163770916 0.7424028461 -1.088399906 -1.842642385 -0.5465649307 -0.8514600944 -0.5160344558 0.3349225415 -0.4853349943 -0.5576336496 0.02853166764
9.352674245 -2.009573787 -2.134128376 -0.3209325345 -0.1600546946 1.046649392 -1.422037159 -1.22208363 1.116157923 -0.5665003547 -1.188414059 1.173129364 0.4775554623 -0.5781162722 0.1356918009
1.507045645 -2.430109826 -2.003850737 -0.007264436505 -0.8535372709 -0.1364331358 -0.383934016 -0.4456399716 -0.06858529759 -0.2913747742 -0.2274551542 0.2404717886 -0.005635818356 -0.02329022549 0.01355036784
