9.414027914 0.2735781529 1.532449468 0.816085907 -1.719496674 0.4718164188 0.3021236541 -0.3282405512 0.01838238431 -0.6246586546 -0.3179609644 -0.02151794251 -0.3531243496 0.3130020034 0.4005189113
3.98432118 0.4513879492 0.05153548882 1.161317852 -0.4890173217 0.3117010759 0.3828639816 -0.2269664459 -0.2913071013 -0.1532687675 -0.05700413597 0.05044260175 -0.3312210353 -0.2585103056 -0.1631467439
12.3034539 0.7452453491 0.9331471308 0.7843072176 -1.886391798 -0.1438778137 0.02071512501 0.428254673 0.222867283 -1.24904792 0.1804713577 -0.5933585071 -0.9084420186 0.3419976667 0.6144892199
6.377191268 -0.6876085217 0.5617878086 1.419028524 -0.6996143062 0.7110102553 0.5217146862 -0.3791888824 -0.1676585266 -0.01123854844 0.2625601994 0.3029893567 -0.3729558614 -0.1306500007 0.0354962602
10.72550542 1.981828652 0.09533086185 0.1651312866 -0.8022095496 0.1315260054 -0.04381314809 0.08984405919 -0.08332623689 -0.982938698 -0.3562294097 -0.1903835575 -0.5534146741 0.09505410653 0.3943692878
2.795353078 0.02203234694 -0.5641387672 0.7642164818 -0.5843287744 0.1223625225 0.2196869371 -0.4378301235 -0.5241831768 -0.1242643274 -0.03873374935 -0.06884059065 -0.3885798043 -0.2759648592 -0.1379830841
12.58081449 -1.717637459 -0.6616870046 0.07955434049 -2.174348502 -0.2813187947 -0.2077595074 0.2788892216 0.261785831 -1.176733159 0.4699615087 -0.04088549619 -0.7203911414 0.1859517117 0.6220020294
8.287101241 -4.940238301 1.773859184 1.519748872 -2.276577647 0.9110636235 -0.117956426 -0.7999075723 0.07071677187 -0.58629173 0.04987517471 0.1758159996 -0.3720745878 -0.01456918925 -0.2253234154
7.559786854 2.577148732 1.274817637 0.9891478422 -0.5646811667 -0.2163851356 0.2543017127 0.1842188153 -0.2316405332 -0.4245828241 -0.3997097107 -0.4848447309 -0.6004286697 -0.07589101966 0.2551136868
3.786263902 -0.7623068344 -1.18019479 1.189771873 -0.08232913945 -0.08361238109 -0.1190884194 -0.3117397986 -0.3150599094 -0.3726521257 -0.2894542828 0.04722774926 -0.1504599428 -0.1168454464 -0.05470978701
10.91758576 -1.913232532 -0.8398225058 0.7276722215 -0.8129865857 0.542908225 -0.1950354071 -0.7434818666 -0.3193720418 -0.05891199432 0.895164361 0.1787921781 -0.8390891841 -0.1882640391 0.1248164753
5.63823605 -1.520985188 -0.1047803594 1.013872843 -1.32366047 0.3869451457 0.2980815658 -0.4768399427 -0.1375788447 -0.1930513283 0.09952312328 0.2464521769 -0.4948731056 -0.2605594723 -0.07316130867
8.22477373 0.348369246 -1.493890621 -0.4884738292 -1.157052295 -0.7320467533 0.1332242542 0.447456705 -0.3690410627 -0.6039445185 0.1228520941 0.1071909151 -0.4742838646 0.07433499073 0.3314313493
-0.1399702018 1.546807585 -0.3055536629 0.2270836098 -0.2155594184 0.08367420566 0.02369953303 -0.2140775347 -0.5018126189 -0.2092108056 -0.006180218587 -0.06233559604 -0.2823256531 -0.2763217818 -0.2271620959
10.45115585 -0.8668500557 -1.422637128 -0.4374000829 -1.748133663 -0.5933814245 0.1851008363 0.5316509257 0.01505227846 -0.7056444801 0.07919172357 0.09755725297 -0.6103781677 0.1680642901 0.4115381677
5.258458466 -7.729892988 2.99912827 2.792077281 -2.065931002 1.428153759 0.3620143212 -1.182469317 -0.3706661884 -0.6980550025 0.05619906806 0.4363923796 -0.880717742 -0.557139736 -0.191190547
8.560935773 0.10237455 1.029732898 0.915954344 -1.681052563 -0.2363744791 0.3507326088 -0.1848567707 -0.2850503153 -0.4004665201 -0.1536070614 -0.01569068392 -0.1226662377 0.2664817375 0.2323053689
3.84279878 -0.4382282386 -0.5742860106 0.6623587264 -1.04774724 0.03648242833 0.1714679744 -0.5674555833 -0.4580109559 -0.1720805147 -0.04663821804 0.05462011943 -0.4319378442 -0.3493417316 -0.1800195793
11.49184372 -1.226536836 1.357950191 0.937074424 -2.63543227 0.3466149632 0.1923048972 -0.3902631584 0.006688731446 -0.9928249986 -0.205463455 -0.1566330241 -0.1973681617 0.3397514879 0.5320948619
5.542717069 -0.866008867 -0.4297383782 1.521435891 -0.3943975164 0.1538708138 -0.02220735849 -0.5291305974 -0.3089808891 -0.4818116934 -0.5199702278 -0.1160548761 -0.353980067 -0.1556275634 -0.02076805901
10.13693853 1.166778772 -0.4017336767 -0.02649953694 -1.446176009 -0.8586529235 0.06234856768 0.4067021502 -0.380475112 -0.8044373567 -0.04776473937 -0.3037867299 -0.5791717435 0.4924423021 0.5282502392
1.200829807 0.6181520652 -0.2415083016 0.5522458199 -0.6750287452 0.003397156323 0.2496282804 -0.4135719752 -0.5492973692 -0.09474510969 0.08754271236 -0.09062423735 -0.3728621026 -0.2903691824 -0.1754976011
12.94635476 -3.558413505 -1.56807811 0.3372079262 -2.726454773 0.04042300837 0.5260140614 0.1573891711 0.4294919452 -1.050576571 0.3782419205 0.3081683393 -0.4674671631 -0.4492312996 0.5237475593
5.819377566 -4.743150069 1.224060023 1.433900245 -2.333290895 0.7096045918 0.1286169262 -0.9770922121 -0.03012971414 -0.3907058031 -0.1127658594 0.2887317968 -0.5169616049 -0.2089473823 -0.07216996642
8.283827359 2.239264293 -0.08660442126 -0.2815684453 -1.070338737 -0.3768585201 0.1422620578 -0.04829304875 -0.6508181019 -0.6831307326 -0.2556120801 -0.2147356484 -0.4314956919 -0.02082606208 0.2610810695
2.023509174 -3.053907216 1.333539688 1.89758073 -2.020940788 -0.07948975117 0.4907983025 -0.6393680055 -0.6632023763 -0.3342474457 0.2622546694 0.2649224411 -0.5045945794 -0.1382647416 0.02786218502
9.754860394 -3.612586253 -0.6247061319 0.2908704847 -1.944266757 0.2900636003 -0.3173090465 -0.7671000527 -0.07353902281 -0.2216518557 0.7179859032 0.5295485511 -0.8389876943 -0.2364484922 0.0686137756
4.946756288 -1.673634907 -0.6834996704 0.8017790295 -1.142768572 0.2257478195 0.0509559066 -0.6733864796 -0.3003839384 -0.3250271097 -0.1717494066 0.1406077347 -0.3929161049 -0.2682183693 -0.09693645553
7.800479391 -1.135992036 -2.107836865 -0.1665465956 -0.9095645202 -0.3544927394 0.338029799 -0.1294158697 -0.7894939071 -0.1129873381 0.8534679614 0.2577175328 -0.8826781421 -0.4269876535 0.07933655132
-0.6918283002 0.9970367718 -0.6507715338 0.09013837886 -0.3614661379 -0.1342117753 -0.04486622014 -0.1583802037 -0.4493646549 -0.09728135095 0.01006076597 -0.08302160277 -0.3349088879 -0.3011828149 -0.2089509016
10.83978904 -2.309725121 -2.376442789 -0.147760905 -1.97720705 -0.8368483343 0.8458885966 0.838508324 -0.08372584268 -0.7237159178 0.09307289359 0.2870863995 -0.5350302385 -0.3053223607 0.3982133427
3.192106065 -8.629094942 2.668507461 2.767197456 -2.304391949 1.128299686 0.3599738467 -0.984544173 -0.08360379016 -0.4560617674 0.2586370331 0.4871270021 -1.037923126 -0.6079030219 0.01208935081
