4.867311334 4.082814837 1.712552249 2.105189124 0.7153558945 0.5354218893 0.188910512 0.1489420011 0.4009682617 -0.03544864078 0.4966779737 -0.4301737153 0.2761563336 -0.577014856 0.1281975162
2.804499701 2.54103711 3.707623955 0.9615044021 3.092287246 -0.3805620468 -0.5514710035 1.284247929 -0.9024989732 -0.481272935 -1.023656794 -1.329814275 -0.1372973421 -1.118730696 -1.375074803
7.243992493 2.152279145 0.9382480781 0.1236949136 -0.2538008269 -0.001772996978 -0.7543030539 0.08069308542 0.009222891701 -0.4623620212 -0.1397804904 -0.1203197329 0.0948310421 -0.04110578974 -0.2718588184
3.096476724 -2.981564698 4.949719473 0.2382974375 1.24419999 -0.1704653901 -1.493948692 0.2234229568 -0.07920580204 -0.197467366 -0.3284524485 -0.1702263194 -0.2121022932 -0.1870522775 0.1363191158
1.792699151 1.004368078 -0.6703134085 1.1202023 0.1053149388 0.6116879978 0.3512419833 0.3010891995 0.3381086516 -0.06090453245 0.6505981518 -0.3612842659 0.6047147107 -0.2441313258 0.5667115921
2.763018531 0.5427466099 5.654326147 0.4892154691 3.503531833 -3.361380978 -2.27009034 1.223484166 -0.8360763906 0.1321695101 -1.234314792 -1.350464907 0.9044058238 0.08097596886 -1.321457003
5.277777079 -1.72901713 4.333807016 -0.6409721445 1.055465202 0.0177080496 -1.383730995 0.3709675019 -0.1250375532 -0.07893760946 -0.4334988352 0.09342049148 -0.2994495839 -0.2682507432 -0.003629151327
-1.182604393 -5.288168864 6.393714726 1.089855111 2.795801312 -0.08517107273 -1.457309994 0.5113944523 0.4464508987 -0.003635691426 -0.4330054617 -0.4771171547 -0.4275448671 -0.279768387 0.09052429539
2.696615175 1.017460973 -0.02619618991 0.9842611463 0.5297294124 0.6271015543 0.3484913334 0.5091498398 0.2811417641 0.3305690319 0.2554440568 0.00304258056 0.2314209357 0.1093004216 0.1755544567
2.813732124 2.017609077 2.16265845 0.7573143472 1.894830081 0.005901959418 -0.3752537288 0.7202700757 -0.3991698242 -0.2084190519 -0.5422787926 -1.011946323 -0.3233775966 -0.8364115565 -0.8276199052
8.497543857 -1.21899773 1.742853541 -1.884335535 0.296158177 -1.647617906 -1.641654559 0.7125108977 -1.717206412 -0.9379789981 -0.3054904205 -0.212556701 0.8704801422 -0.03924306063 -1.017444767
0.3155227798 -4.434136846 4.331924382 -0.1342325566 0.7174761721 -0.4345141808 -0.9148168309 0.4244164085 0.5769028073 -0.0376261342 -0.2213877229 0.1871172797 -0.1049620656 0.06046878735 0.1660478467
2.255963775 0.5330397269 -0.5655434297 0.6076695514 0.1249234013 0.3630556746 0.2131626815 0.3958958542 0.2161218326 0.3573319049 0.326584747 0.06467995562 0.2046073877 0.1429440556 0.1467732726
3.942032814 -0.133886037 3.692429543 0.4716990436 2.052155422 -2.8371882 -1.859641173 0.8606182134 -0.8619134897 0.2552445108 -0.6290166453 -1.631642398 0.1085673093 0.06808739937 -0.2315072002
9.106838656 -2.238843737 2.670839226 -2.132853665 0.432445081 0.03533168698 -1.428633339 0.2157000516 -0.7814611926 -0.740882614 -0.213233649 -0.0386689478 0.1796740436 -0.05365612539 -0.493620245
-3.381697275 -7.319424503 6.461858153 0.07598552064 2.563770228 -1.637800006 -0.7084733744 0.4626604931 0.331170143 0.1152928602 0.07792748268 0.05044605127 0.03354637172 0.05612801043 0.364967862
3.353995039 1.956661916 0.8172996907 1.625189895 0.9584447104 0.903320363 0.3825279949 0.5561520547 0.1748143576 -0.002213678312 0.2091153071 -0.3713516417 0.2828393663 -0.2787695177 0.145752819
2.458625077 1.849284618 5.089733979 0.184180047 3.331772832 -1.802664513 -1.151200767 1.168318396 -0.7488559782 0.1839123256 -1.420666473 -1.447923391 0.5430423073 -0.5639036108 -1.432175561
7.935787917 1.697416674 -1.314626281 -1.754478905 -1.116880467 -0.7665587204 -0.7832720067 -0.2357500323 -0.953777568 -1.103090588 -0.7670697243 -0.1877703875 0.5280114659 0.3465095094 -0.1354185472
2.056247276 -4.848220852 5.763658673 -0.7854930065 1.7987081 -1.4717248 -0.7013761576 -0.02043075508 0.5336994646 -0.1947894141 -0.2303905415 0.1061645993 -0.3368654348 0.06615093126 0.2329199697
1.771803469 0.1601205428 -0.4352858133 0.8063545095 0.3780023362 0.6642252367 0.3304838743 0.3793994277 0.142847961 0.1745024602 0.0831861874 -0.07136709945 0.1305118812 0.0939547219 0.1943555929
2.226418461 -0.7382762729 5.813555805 1.065066634 3.323298642 -3.350081876 -2.083324711 0.4499628936 -0.679622307 0.03949782686 -1.50175716 -1.667578449 0.3369038328 0.2522687862 -0.8208987559
5.144461452 -3.965979612 2.897056071 -1.765034566 0.8685222042 -0.3193271148 -0.08407695011 -0.06486332681 0.230607392 -0.08712235087 -0.33997568 0.4575766506 -0.2424410446 0.01820191182 0.06966523747
-2.033646419 -4.617421584 6.838645183 1.334300325 2.601147935 -1.183746083 -0.9330265579 -0.6309617287 0.6150499715 -0.1808410071 0.1370605282 -0.9155495707 -0.6888687289 -0.1157626112 -0.02060695407
2.377208299 0.6626656423 -0.1341858903 0.9924310055 0.3951115595 0.4138874134 0.03333802284 0.1242396466 -0.1763309529 -0.004613784025 0.02577207838 -0.07498099055 0.0704642802 0.02943658213 0.08159747774
1.674491269 0.4647721488 0.7779499936 0.5364325795 1.273396827 0.2473429469 -0.06969578903 0.6698517353 -0.08938756853 0.06585861574 -0.104907074 -0.3227450812 0.2363601519 -0.1188162209 -0.1454477135
6.4902272 -0.3106053169 1.015483511 -1.420067522 -0.3075746521 -1.024174864 -1.808599106 0.1777227506 -1.486414517 -1.202131815 -0.4159611199 -0.4185516374 0.5880139436 -0.1388085757 -1.154238309
-1.718393884 -5.653638765 4.236824898 -0.3462198265 0.8548072955 -1.141390955 -0.6839492434 0.1669862604 0.3263623766 -0.5036585632 0.3822476448 -0.08756044359 -0.248371635 -0.3191587852 0.3955142101
2.426633547 0.5230450198 -0.6550879543 0.4307129873 -0.09867836511 0.09192141015 -0.1237319491 0.02848765001 -0.16584782 -0.03231883295 0.03169745006 -0.08471077435 0.1242645532 0.05240393113 0.09774761912
2.773145666 -2.165267624 4.925267727 1.717759476 2.900367545 -3.48430321 -2.384813904 -0.3646234441 -0.854312729 -0.01124479031 -1.249455113 -1.607473098 -0.1413036443 0.5295882314 -0.2070766371
8.542030122 -4.44236493 0.8976478941 -1.328667068 -0.04215885001 -0.06466708709 -0.4066619735 -0.1786107511 -0.5831251341 -0.1185618248 -0.5976812611 -0.2928175134 -0.2957706883 -0.2491103154 0.008605169288
-3.829021368 -6.826557248 4.493670041 -0.1095018505 1.511721232 -1.305167699 -0.8566598519 0.2728586627 0.61908651 -0.03579959702 0.3512041615 -0.2885120371 -0.1983183315 -0.3603913931 0.4197436562
