3.269861095 1.848491743 1.992791164 1.741980764 1.45789042 1.09881494 1.270906631 0.793171101 0.5826277986 0.5646295208 0.4121205388 0.2331693925 0.1346320814 0.1562483727 0.1241311041
7.93013911 2.34831984 1.455648092 1.270636097 1.350654563 1.043671107 0.4785485311 -0.3291103438 -0.4069694004 -0.1281746218 0.04381195931 -0.02220568338 -0.08578854101 -0.199138472 -0.3682648057
4.597582814 1.338479375 1.281352884 1.036905658 0.5402194908 0.001278982298 0.6802904937 0.6955403146 0.4351788836 0.3279202125 0.5337127693 0.6178251389 0.4351624216 0.2280909104 0.06823616672
6.193247413 1.280535325 3.556912444 0.7254950846 0.740965548 1.999989816 0.4489990216 -0.6081379717 -0.3586485285 0.02513861575 -0.2210436839 -0.09471622921 0.1481530541 -0.3902153125 -0.4637557007
2.899320987 1.1428217 1.304944653 1.133555809 0.9847045354 0.8209973839 1.171223973 0.9398581514 0.7943853427 0.7506894988 0.6424236839 0.42124989 0.3084330693 0.2484327149 0.2156721789
8.142863636 1.752099877 -0.3093867661 -0.6456944392 -0.8168502012 -0.7190144809 -0.06691960706 0.3951511157 0.6924813696 0.9310775187 0.7727307897 0.2558856836 -0.1678547398 -0.1138497128 -0.1045530011
2.785281377 1.840430162 1.416011847 1.263233465 0.8770622233 0.7918268309 0.7785472448 0.5603774072 0.3610772779 0.3155490796 0.2359723148 0.1818671426 0.115943754 0.1349276276 0.1133910005
2.699303042 0.2882105145 0.4914746011 -0.01215602369 -0.1292553225 -0.4154956896 -0.3592885017 -0.2132173042 0.08282433691 0.3045761761 0.3129182336 0.1188787421 -0.09617282466 -0.2140614007 -0.188859864
2.684511996 1.258085614 1.697349636 1.490069369 1.259808441 1.066917416 1.12766878 0.6514476947 0.5547414839 0.7292308181 0.7297300247 0.4664581627 0.3539908725 0.2946381761 0.2316127168
5.852737187 3.57358932 2.781456373 1.671950016 0.8858043678 0.3069979533 0.007004612414 -0.4410442364 -0.4404052797 -0.2719051214 -0.1355079385 -0.1243915987 -0.03680429675 0.06253748188 0.07144486225
4.594305156 1.790330719 1.462226374 1.005616221 0.5010049801 -0.0321177002 0.128620712 -0.1001680613 -0.04853493879 0.5302123309 0.4667833276 0.1475270303 0.2450182219 0.2502349413 0.07997131969
1.753690362 -0.4968557294 3.974831609 -0.6657258561 0.1106053962 0.6035140148 0.1526056877 0.05404500522 0.2145519581 0.4870257499 0.1696385939 -0.03367028746 0.154731433 -0.03118705312 0.07382542575
2.698550506 0.5586000506 1.307106334 1.764773777 1.216927489 0.5202810164 1.069445355 1.076476498 0.649559152 0.335126839 0.4988088267 0.5910426629 0.3798274194 0.2188555439 0.2953055302
6.878215967 0.591811454 0.8353675399 0.5472405356 0.404976887 0.05911472037 0.2343978143 -0.09688959417 -0.060019572 0.3171020509 0.3348144787 -0.2106809334 0.006049972104 0.0142586159 -0.2234683861
2.161126839 1.789371738 0.9787290541 0.9778112286 0.6510822809 0.6117461317 0.4606986377 0.3836962974 0.2528003943 0.261452171 0.1680062962 0.1635150172 0.1424822936 0.1052568546 0.02929497465
2.999677481 -0.2042070232 0.5681064486 -0.1742470852 -0.1318394098 -0.4592200658 -0.367983839 -0.6195159093 -0.7178486988 -0.8087354545 -0.6618547561 -0.5531751739 -0.3168250759 -0.1875170492 -0.1330165122
4.294083681 2.063008331 1.927278212 1.624116168 1.145873833 0.7149625928 0.8872668232 0.5069464253 0.3426860417 0.31995045 0.3430642718 0.2240380946 0.1597607491 0.2478697784 0.2444016216
8.266609189 1.401900165 0.8341859975 0.5067966035 0.343408908 0.1079805768 0.09197076166 -0.4160946107 -0.5094144735 0.04121087917 0.1082560672 -0.08571612073 -0.002861636201 0.05301498924 -0.002402819845
5.807072612 1.055969842 0.8736807391 1.290239595 1.115328237 0.3455357258 0.5834267367 0.2652604296 0.08981214972 -0.07635137629 0.3388445205 0.5254976499 0.267646915 -0.1330553842 -0.01778743736
4.838128613 -0.1460025651 2.555677457 -0.05307605376 -0.3012085782 0.5471001052 0.1515011368 -0.3060031596 -0.1406623344 0.2239841541 0.2399235314 0.01257303833 0.1117224741 -0.02505103354 0.04639545342
2.497434799 0.7256345454 1.18698387 1.404371264 1.324662283 1.109105039 1.40637966 1.062054683 0.7282522563 0.5888586186 0.5038807358 0.3434436625 0.2524971004 0.2045559312 0.2587366793
7.409504188 -0.4044717587 -0.05638838257 0.1257978642 0.02100495182 -0.7945277123 -0.5674538478 0.4429195966 1.049785098 1.268063485 0.9123536926 0.2297733468 -0.1345049957 -0.03436986601 0.02416996956
2.302689329 1.46180032 1.111565301 1.112368824 0.7519572019 0.7441199665 0.7128494668 0.6182187381 0.4994599432 0.5803973291 0.5238401502 0.4101872029 0.3211706657 0.3107651175 0.2392281881
2.220111342 -0.4264535728 -0.1329715416 -0.6071685965 -0.4074404651 -0.435089717 -0.2598199982 -0.1936643538 0.09324309761 0.3545286746 0.3729272095 0.1105964851 -0.2312941402 -0.3977248143 -0.3295731974
2.877210742 1.248931526 1.597822324 1.421308344 1.162215173 0.9956582994 1.200816627 0.7785103717 0.5963031303 0.4912873432 0.3572003405 0.1800333554 0.2751809848 0.3734350304 0.3248509882
6.430164878 2.614826862 1.614098837 1.102352499 0.6043784808 -0.00324084446 0.05578399197 -0.06946290929 -0.1828584088 -0.02503262017 0.02317116917 0.09755851179 0.07581892298 0.03118531816 -0.02839730994
4.143998962 1.590301531 0.7023853158 0.6049551801 0.0953862051 0.3329523241 0.1847984606 -0.1273135672 -0.1762382916 -0.0001955262618 0.1106529736 -0.008149197636 0.06586207191 -0.05160823871 0.0524164903
2.98321532 -0.7515550705 3.437500406 -0.4045378527 -0.2061969941 0.9592789549 -0.05833164536 -0.2716481317 0.02115825628 0.191429638 0.0649377121 -0.01066796167 0.1008971734 -0.2458972286 0.000698422802
2.358135462 -0.494047189 0.6672613683 1.018291799 0.6876433551 0.7612705337 0.9635058306 0.7832904035 0.5564696591 0.3787203107 0.5737768013 0.1107418797 0.3451048831 0.3650874114 0.2593863315
6.086628021 -0.09281554827 1.139656543 0.2265525232 0.1128393869 -0.06726648678 -0.2356964711 -0.3178842985 -0.3174403151 -0.2600523525 -0.3218049627 -0.3102370311 -0.1084621277 -0.1055463178 -0.06194149642
2.017900083 1.56148517 0.7757627041 0.8007813602 0.4268817596 0.4220978555 0.2821742952 0.3016777574 0.1703011583 0.1896842379 0.1301204736 0.1181095564 0.0466688345 0.07087204316 0.03070234707
4.273986788 -0.4586343086 0.8137032147 -0.1810011541 0.09861878752 -0.3994346281 -0.3434825268 -0.4972314307 -0.5534740261 -0.6050787337 -0.4651552204 -0.3672940919 -0.3119878346 -0.1683822937 -0.09421672376
