1.754928476 3.1504633 1.857731276 2.227473903 1.119793586 0.889993802 0.8643624775 0.6337372285 0.729701189 0.8934927662 0.5729603002 0.2149175697 0.16258418 0.1126228314 -0.06109193685
5.65527637 0.2374491878 -0.2422735462 1.215069119 -0.5198095114 0.7293714688 2.26109662 -0.5587120926 0.5848643834 1.177288924 0.4437242205 -0.200433519 0.09759240337 0.1256557804 -0.1103106871
0.9299490192 2.176861671 1.138611144 1.942025982 1.426922355 1.422647431 0.9643823908 0.6582487404 0.6987046815 0.9163603078 0.8370026055 0.6744830675 0.56034462 0.4979923964 0.4279611779
3.101320299 1.778272485 2.271136357 3.337235178 1.296040747 0.2561728711 0.4624896615 -0.2866881595 0.1216033358 0.2585023883 -0.1784596752 0.2065054106 0.3869616804 0.2599263195 -0.1673992703
1.406046899 1.081937848 0.7858535024 2.307464519 1.508098338 1.464818095 1.172904748 0.6046900827 0.6422689 1.131289359 1.097639377 0.7101708476 0.509048815 0.5287369237 0.5415617518
0.8902284274 1.034363154 1.645405974 1.830644399 0.471964262 1.842599155 1.698395287 -0.02923618409 0.5693241555 1.082988402 0.25913031 0.4662500904 0.7280843214 0.1295376933 -0.02635502716
0.1596848848 -1.257208176 2.350584624 1.607765203 0.6007020213 1.303851794 1.229800146 0.1906767669 1.332393101 0.6445917969 0.577606182 0.5262939837 0.3023434049 0.8479444899 0.2720660189
3.388487969 1.670611467 4.043749988 3.469364029 -0.9465427407 -1.814227032 1.123301417 -0.1897393714 -0.8533037372 -0.6694233075 0.3368316014 -0.400339507 0.2228595069 0.4067671003 -0.6027151516
2.047905416 2.243900391 1.193486612 1.701441925 1.090629472 1.084963751 0.8204103112 0.5694162021 0.605065414 0.7808462885 0.7179173327 0.5225481817 0.3565227799 0.36086646 0.3469649423
4.636903558 0.6915216272 0.3698308873 0.8452786076 -0.4868306035 0.4981786689 1.826622759 -0.9426662523 0.4594333496 1.073553567 0.4717785611 0.03476508191 -0.1125135349 -0.2092480519 -0.6505064283
0.4599167958 1.755675239 0.6949936703 1.826808786 1.356994392 1.092671845 0.5697489088 0.2924188594 0.4086395864 0.6707303984 0.5820226276 0.5477610601 0.4082782672 0.2449562833 0.1481422821
3.115231863 0.7849600192 3.436368113 3.792302847 -0.1246323378 -0.9288909116 0.4491312904 -1.033110656 -0.4025220931 -0.1249993255 -0.5286939623 -0.02470098963 0.7554840155 0.470009463 -0.2274238773
1.904012614 1.798683108 0.9117505133 1.044273208 0.659755677 0.6975226165 0.4801322502 0.3765803955 0.3529401754 0.3906101244 0.2405986966 0.2220576763 0.1849816186 0.1776934383 0.1062327049
4.378694439 2.533939612 1.358728024 1.022257024 -0.09670714451 0.2324513155 1.350367208 -0.01909267066 0.1392383309 0.2434833736 0.3689632428 0.04080679203 -0.03551728106 0.3198311955 -0.5608314642
-3.370253647 -0.2150686254 1.92787752 1.558271333 1.040722271 0.9452227059 2.199632474 -0.9003452101 1.762106571 -0.01764868805 0.7634375995 0.5653031234 0.008244070448 0.9291422207 -0.07960816
4.676718422 1.883525498 2.392963154 2.985552853 -0.6719968231 -0.7466350559 1.509776827 -0.2602892934 -0.2802505356 -1.151960413 -0.254452212 -0.3745104276 0.5053967616 0.02763911812 -0.1902990306
2.135131521 3.170252442 1.651303689 2.000992494 0.959857629 0.8750077688 0.9506278899 0.6986985864 0.6240484385 0.7709400789 0.6637896562 0.3069135186 0.106069681 0.0166374011 -0.00780314442
5.334014463 -0.2621660807 -1.465868476 0.652189922 1.552447125 0.8396474367 -0.6912103438 -0.191198188 0.982503771 0.1275561698 0.5408675858 -0.2729620766 0.2720691827 0.4943823311 -0.1870722709
0.8463846818 2.058637292 0.7474196293 1.586226716 1.152915002 1.097225097 0.796722094 0.5950651345 0.4924410794 0.6500161142 0.5180187087 0.3938370606 0.2722197796 0.2350293215 0.1888188324
2.759639557 2.348796533 3.232383689 3.474792868 0.4102712571 -1.549910916 0.3755339701 -1.220345795 -0.1851496917 -0.5940070625 -0.2449477251 0.2318363078 0.6118351747 0.2838648865 -0.1916374408
2.033809597 0.6656439915 0.9707989693 2.037340833 0.9635808861 0.6816699758 0.8594351325 0.1765008028 0.5922376023 0.5442844682 0.6037633988 0.4452214945 0.1494800196 0.4082153664 0.3015680729
2.543650954 1.607804697 1.600330815 1.646853055 0.2078368193 1.532313546 2.090012697 -0.3532421129 0.5026727906 0.8283084114 0.04294458726 0.2091028512 0.4376112453 -0.2300543435 -0.7839233248
1.798321669 -1.404784573 0.3904939474 1.855657138 0.7648582677 0.9181117674 0.7089742991 -0.8811458044 1.04271839 0.8814733371 0.7543245226 0.1864595085 0.2942190032 0.5991761421 0.1730192749
3.359621496 1.595225124 4.195327657 3.758648763 -1.160463153 -2.160841594 1.031442679 -0.5503026617 -0.8510369369 -0.3006833319 0.4017858973 -0.6989450104 0.3415934449 0.2611577421 -0.6442656962
2.647838967 2.673352301 1.489345549 1.742340853 0.9594362205 0.7551986573 0.5012175203 0.02615181833 0.1719047567 0.2333334239 0.2790944299 0.258308482 0.0501261374 0.1221070331 0.005765670562
5.379344429 0.9719168316 0.3481118814 1.404094799 -0.807759335 -0.4723524576 2.304643478 -0.5796493248 -0.01821948981 0.1387475808 0.327820742 -0.2369122445 -0.1948735686 0.3215652417 -0.6292098344
0.4151941364 1.648362872 0.5338307748 1.415065625 0.9417839179 0.8395550214 0.5339640156 0.2155078826 0.3857291191 0.5810571203 0.4505403663 0.3327933757 0.2235454538 0.08306540569 0.02025860326
2.234733141 0.5671182544 3.581290521 3.385497288 -0.5911623238 -0.9564612477 0.3265205926 -1.009257836 -0.5871135657 -0.660465276 -0.7607983422 0.002113307304 0.4132610829 -0.004165098139 -0.3952042482
1.963356115 1.554417065 0.8164210957 0.9268983756 0.3115685624 0.4214313582 0.3999547231 0.1832299202 0.1759409287 0.2313013127 0.1889515128 0.05057796153 -0.007337910838 0.04024801389 0.01423312128
4.932413386 1.916575064 1.370860647 1.294356565 -0.7643176856 -1.294016616 1.165494795 -1.288677918 0.02172186562 0.8871152674 0.4432886366 0.1970358956 -0.2423930207 0.1540981318 -0.894298889
-1.169760522 -0.3880156028 1.273451578 1.632608911 1.014111652 0.323326222 2.525006632 -0.4531269622 1.216630059 0.3200092782 0.7680858106 0.2703246367 0.1367667235 0.2282654863 0.1203016474
1.667846592 2.632413526 1.88170185 2.2218258 0.8675148363 1.00554579 1.298942427 0.7037120974 0.524110503 0.6504872843 0.5767322837 0.2820940929 0.2221317459 0.0511642762 -0.1273018572
