8.082229218 1.78929459 2.477344683 1.968770053 -0.2336791146 0.380552968 0.2700545734 0.01563877698 -0.06533225973 -0.2542446804 -0.05772421607 -0.4865403041 -0.5788481367 -0.2710731964 -0.2188517455
8.65745959 -3.132211095 1.212912831 1.856897254 -1.219809866 1.242036926 0.5003056479 -0.3886682778 0.9223222227 -0.1051159633 -0.5106408206 0.1591688356 -0.723395783 -0.5574896576 -0.0507680748
10.69884233 0.3870022118 1.27769452 2.499641446 0.3245670061 -0.2139072948 -1.031590182 0.3004373355 1.462872109 -0.3805335001 -1.402827384 -1.482261703 -0.354149352 -0.1491884551 -0.3612206232
8.296732913 -5.014334894 2.894014656 1.560875958 -1.909342974 1.947595454 -0.3972980902 -0.7378371694 1.332940414 -0.6553539298 -0.6389511631 0.1202976583 -0.9323237048 -0.5601047819 0.04584326696
7.146505395 -2.179503307 1.132389166 1.770081081 -0.8084977542 0.9714286535 0.5138567221 -0.330732227 0.610384196 -0.03532892995 -0.4926708487 0.05926149163 -0.6082381408 -0.5734546014 -0.1001510066
10.08976709 -3.971737949 1.572967502 1.867809138 -1.578856963 1.433935194 0.390402172 -0.4900093775 0.9408298492 -0.3853483786 -0.4126044914 0.2077146522 -0.7109419724 -0.5577697366 -0.07618913172
10.50398789 2.843431228 0.2602828522 -0.8009031528 -1.734252405 -0.4187372679 0.1662853783 0.4270329189 -0.01349494103 -0.9886730288 -1.02385759 -1.076017321 -0.5245938222 0.3238642725 0.4060551646
3.595970961 -5.501754279 5.404913568 4.378290624 -1.289815245 0.5089115175 0.3603080567 1.037174994 1.244521551 -1.346002578 -0.5528163475 0.6517644122 -0.8374514883 -0.6139641072 -0.0195108218
5.339005539 2.905182645 1.61000688 1.240593284 0.4296846531 0.2182934793 -0.05224772884 0.04035707388 0.1210857589 -0.0917102341 -0.4227215812 -0.6246722668 -0.6166792314 -0.417842496 -0.238993237
8.883019258 -4.51837431 0.7614760975 1.362606985 -1.905907962 1.129290369 0.1695252302 -0.6437356217 0.8428022553 -0.3387182006 -0.5122860637 0.1900282727 -0.8206245631 -0.5264749625 -0.1003929191
10.44544819 -1.300536304 3.246702008 2.349375031 -1.19456329 0.8695430413 -0.947593835 -0.5255148101 0.6368751689 -1.269152122 -0.3261386819 -0.6023677142 -0.7341140927 -0.4450919434 0.03528195612
4.559514557 -7.845060952 2.719206272 2.792308225 -1.556265543 1.105370901 -0.3536774268 -0.3803791148 1.623689034 -0.5472560981 -1.182764872 0.2843447131 -0.4765532734 -0.571395331 -0.2722101486
7.947201958 -3.450363665 0.6375568053 1.414887487 -1.490550917 0.7948291737 0.2403987312 -0.5821469752 0.6365512604 -0.174625772 -0.523140219 0.1580175031 -0.6949963793 -0.5857204313 -0.1189347847
11.19403614 -5.539726495 1.651263929 1.595936884 -2.242565744 1.648927636 -0.1215751427 -0.7273066728 1.002032721 -0.7322984384 -0.282548656 -0.08225455707 -0.8255574766 -0.5921585776 -0.07509328909
6.893957023 2.682576124 0.4116938752 -0.2251961821 -0.8885346302 -0.2536222178 0.170168204 0.2536626193 -0.1595802202 -0.8278951186 -1.231727235 -0.9279372838 -0.392674172 0.09168587663 0.1735359977
0.9825959406 -8.344850632 3.204052958 3.533376558 -1.87521591 0.09279836994 -0.5444922571 0.0527832377 1.589101883 -1.257066781 -1.425824687 0.7217049837 -0.5941292456 -0.8283342627 0.05503605404
7.264024877 1.986470441 1.004662271 2.06115163 0.7459854965 -0.6452699372 -0.8380286749 0.440591227 0.9959625937 -0.09553831061 -1.396281594 -1.392445223 -0.562501066 -0.1244762305 -0.3845962119
8.910827842 -3.762058765 0.8763573642 1.592343544 -1.749454554 0.9077331304 0.09765938863 -0.7715273892 0.6492685721 -0.4128547393 -0.6950045574 -0.003001563567 -0.9039148255 -0.6352827812 -0.1153060236
12.95085464 0.689681309 1.265225202 -0.3379457257 -2.674296777 0.2694547959 -0.2297370261 0.3878636199 0.5900870644 -1.858878964 -0.3764336884 -1.220342228 -0.3961325827 0.1430739831 0.4680869188
6.668855887 -6.027428253 2.641870669 1.351127835 -2.660703842 0.8382148899 -0.7075797852 -0.336294782 1.213389034 -1.215084748 -0.8752450887 0.5083368905 -0.8782567546 -0.7682767381 0.00133964845
6.577445443 -0.4859336411 1.058848451 1.708497232 -0.3488500486 0.2610068761 -0.1202242633 -0.4423736687 0.1386768903 -0.3235931702 -0.6526680577 -0.2672738492 -0.6085971051 -0.4945709102 -0.0655489852
9.946407544 -5.048681446 1.094377384 1.371140544 -2.095551577 1.14357046 -0.0734019774 -0.8050624635 0.795653514 -0.5510267355 -0.5166600096 0.1060013543 -0.8711635715 -0.5515643562 -0.09964519957
8.578544787 3.436967899 0.3592350647 -1.150655226 -2.054776646 -0.8729867511 0.04461964073 0.2620829442 -0.2656417689 -0.832460055 -1.03562001 -1.049103168 -0.6501251412 0.05145868473 0.3148446858
2.863729557 -7.21393072 2.950523183 4.03830004 -1.793047534 -0.9067588445 0.04337078192 0.752983636 0.615413421 -1.119707422 -0.3806567566 0.4160819478 -0.8942715166 -0.6011590607 -0.236171818
4.977340171 0.7710072262 1.222593904 2.080705012 1.057384251 -0.3072533035 -1.879765008 -1.080570664 0.2668259683 -0.3881531186 -0.992173686 -0.9512169487 -0.9045584834 -0.1764990568 0.2170680943
8.191344448 -4.356355832 0.2647038856 1.058642175 -2.075412138 0.6389528588 -0.07406672338 -0.8681528267 0.4684206341 -0.5530310068 -0.792282954 -0.0207648745 -0.8876071922 -0.6013854703 -0.1233710082
8.892157022 -1.879555807 2.672398943 2.103757345 -3.268016262 -1.497770348 0.4581124478 1.083521344 0.2241114892 -2.058117228 -1.207148133 -0.02898282359 -0.5436960692 -0.2817280456 0.5732184274
4.188330921 -9.044439013 4.166221893 3.349015353 -2.174732814 -0.08224082599 -0.3112796256 0.660477907 0.9868464907 -1.301815741 -0.5174769897 0.5077267127 -0.9956379243 -0.4276214354 -0.3718290627
6.963786437 -3.271525298 0.2385490109 1.026074712 -1.498832986 0.6014660838 0.2099832623 -0.5849044889 0.504367214 -0.1895792071 -0.6626018892 -0.02689074651 -0.7260310076 -0.6077637856 -0.09889754288
10.50104771 -5.985440618 1.076249344 1.1595802 -2.482051496 1.274527406 -0.2726863679 -0.7205988053 0.9543247704 -0.6618195278 -0.3655667878 0.04275516124 -0.8135554134 -0.4474507805 -0.05001186006
9.065418536 0.5187127928 0.2163373159 -0.07176764874 -1.404807689 0.2410495399 0.1984349252 -0.2375579666 -0.05494712919 -0.7649722398 -1.084286879 -0.7312671993 -0.4385609931 0.0854266674 0.2348305178
0.5689087216 -6.658593506 2.913943064 3.486349294 -2.051316653 -0.7598210276 0.3389313822 0.7673064687 0.5619826575 -1.211633814 -0.5936143866 0.4925475518 -0.8308709843 -0.8050963723 -0.09785661607
