5.846567073 1.676710063 0.167117478 1.430519783 0.9564880657 0.9767618468 0.9465816072 0.6140864648 0.1519096354 0.196823047 0.1605485502 0.1736913965 0.08328603358 0.06146875922 0.002482760155
7.913238296 2.128353319 0.4621907349 0.642794506 0.1114103668 -0.1287029488 -0.1692933518 -0.4411782454 -1.462221364 -0.348072215 0.9031164366 0.04940724838 0.0359572085 0.3229660717 -0.317714566
5.550823403 1.412722525 1.56204516 0.5535846596 0.2340786143 0.4658186263 0.4418065334 -0.2424304363 -0.6746458029 0.07710329787 0.2830460706 -0.1890897239 -0.005804691137 -0.1684404975 -0.382543494
9.101607388 -0.4621959977 -1.042380026 1.088191465 -1.071647584 -0.8585677099 0.2785511392 -0.5948310419 -1.2548065 0.5093340522 1.078442353 -0.04853557175 -0.5623112128 0.06992601793 -0.3782857639
6.343104852 2.116680278 0.6353945626 1.492630085 0.6874263054 0.4925205989 0.2681504384 -0.08757043036 -0.3553042737 -0.30497968 -0.2881237417 -0.3605077385 -0.2023170962 -0.05635300941 -0.09140733537
8.610797241 0.4083413737 -1.104292875 0.6045161945 -0.1805621233 -0.3648768046 -0.1979591112 -0.6997618674 -1.128022444 -0.0006693562526 0.7853958604 -0.09474399302 -0.1906732672 0.2736941083 -0.3537283836
5.490715365 1.075611712 -0.4764672513 0.989358773 0.510340015 0.6195433828 0.5901840963 0.3297187368 0.1183105002 0.336935013 0.2197019671 0.1385935011 0.008972339298 0.07696194284 0.153781099
9.752433878 0.1606924523 -1.816449569 0.1305583248 -0.5290340011 -0.4406961843 -0.01850830294 -0.3463871885 -0.5930126836 0.2518593287 0.8096448166 0.0900777142 -0.5927264625 -0.1177049043 -0.3210251609
5.564479182 2.173829037 1.170798614 1.122449594 1.209441925 0.9920393857 0.04434701243 0.7961580722 -0.05722529731 -0.1179037654 0.6144854628 -0.2911446791 0.009545707066 0.2897408689 -0.27588902
8.534963371 1.549277752 -0.4796673745 0.5753621828 -0.7122807534 -0.8951765393 -0.1951026997 -0.4154168601 -0.576928062 0.1337430274 0.4152231051 0.09932723432 -0.2463542189 -0.1600213734 -0.5389009851
2.910419563 1.621653057 0.5041434506 0.6887220537 0.4966698304 0.5360090806 0.3180338757 0.258132669 -0.00353210227 0.03360084928 0.03154351699 -0.0185664418 -0.03842800533 0.002299074717 -0.08370611512
9.620195601 -1.188149062 -2.050054212 0.2856947015 -1.263196476 -0.6213390758 0.5548716607 -0.1118215071 -0.7595948463 0.3129690012 0.5626688605 -0.09308323938 -0.6253027459 -0.2152379236 -0.3003143783
6.769696533 1.044081551 0.3290811157 2.141876594 0.6046077281 -0.3539458839 -0.1570227887 -0.2016376241 -0.5409600744 -0.3668508232 -0.2128572203 -0.2583801321 -0.1751833224 0.1126190561 -0.06302908151
7.943919324 1.671296106 -1.138980738 -0.8323148576 -0.473730205 -0.08793023676 -0.2025571144 -0.2353856252 -0.5815339471 0.285381125 0.989562908 0.1306299006 -0.1974915598 -0.1757482333 -0.8005727704
5.137083495 1.177434772 -0.4798320116 0.5120918183 0.08062788994 0.1956129848 0.2342950544 -0.001946672139 -0.2893990395 -0.1319883074 -0.07696864438 0.03877622398 -0.02599205378 0.03653317582 0.006248785248
9.784737268 -0.4090652685 -2.508421015 -0.7823468306 -0.4202226197 -0.362304031 -0.2780166926 0.3047514913 -0.6404469771 0.1937300728 1.327226728 -0.3723363068 -0.636844859 0.1332031159 -0.6651054899
6.046417895 1.433705815 -0.2138179407 1.129576337 0.5064599961 0.556598516 0.5774964669 0.2542352018 -0.1520278389 -0.08832571796 -0.07983108676 -0.0777679024 -0.1350903369 -0.0295840741 -0.04996588125
7.278875368 1.774980887 0.7027742727 0.869470668 -0.2438222932 0.05848452774 0.1665744061 -0.4355060231 -0.6171243524 -0.08566958711 0.1117491712 0.1104324863 -0.04100976039 -0.3368611292 -0.4009837937
4.267046759 0.9928352275 2.106865214 0.04488718717 0.3171729687 0.6004795381 0.6043484067 0.02542865916 -0.3836878743 0.1463796201 0.2653460367 -0.1491488865 0.06148132168 -0.08171925022 -0.2012424041
9.030397824 -0.389327181 -1.445468353 0.3510182988 -1.433736465 -0.9628832194 0.3691175111 -0.1074722261 -0.4771158707 0.7328209935 0.9629437063 -0.420486038 -0.9478021019 -0.01953578752 -0.3291031436
6.089137947 1.847679116 0.9967555715 1.079304196 0.7832273687 0.3723538916 -0.5642667894 0.2196557175 -0.7211227464 -0.6707157586 0.3408084865 -0.4991182307 0.0995202896 0.2101336585 -0.5910264481
8.86058723 0.7467805161 -1.593501534 -0.2024339548 -0.7822138969 -0.2859717604 0.1406057494 -0.5898998559 -0.8798293737 0.1622415195 0.7060490884 -0.02326063619 -0.5882472482 -0.2575675731 -0.6740372916
4.742874373 0.8288390523 -0.5962897814 0.6382206352 0.4567715038 0.5758453918 0.5785522377 0.3565125259 -0.006421176026 0.0185443339 0.02922944372 0.04628800601 -0.1170507299 -0.03081492744 0.02949282734
9.669412457 0.03423967022 -2.459400292 -0.6530241011 -0.7025148154 -0.1528275632 0.1554320442 -0.04969515233 -0.1698736414 0.419059745 0.7761649921 -0.04908240199 -0.7583208156 -0.2695319967 -0.2698681183
4.862303414 1.664287448 0.4885150477 0.5323131469 0.851087287 0.8734798306 0.03402054558 0.7103262344 -0.1208838525 -0.1784762144 0.6860791535 -0.2382046653 0.1273288533 0.3204754633 -0.3379166205
7.925416605 0.52646434 -0.3031203738 0.8618969382 -0.6333196163 -0.4908638002 0.3079007976 -0.4681290097 -1.186005453 -0.06580580357 0.481739187 -0.2044573554 -0.2557035681 -0.05888735213 -0.4568880815
3.041793253 0.9197460395 -0.3242362768 0.2437267375 0.2329406703 0.413577302 0.2666849092 0.16087766 -0.07708217075 -0.07137750765 -0.06422976803 -0.02672510308 -0.03514969843 0.03727019291 0.04955779213
9.190700921 -1.102111426 -2.083040919 -0.05333524488 -1.333143502 -0.4004444605 0.6711382132 -0.07603158938 -0.4632837415 0.2892168033 0.4857713151 -0.3033063617 -0.8472015139 -0.341765461 -0.6097080539
6.538162222 1.469413119 0.2223307171 1.357520911 0.2500213473 0.0518396743 0.3567905408 -0.06277811616 -0.497139394 -0.3238170992 -0.2244127219 -0.1316953671 -0.07546787364 -4.454511628e-06 -0.02383680752
7.413278611 0.8942257495 -2.042565536 -1.191687621 -0.7767442753 -0.1920741859 0.1726449406 -0.01106566975 -0.2813448347 0.2339925978 0.3496925829 -0.08206357543 -0.5212262628 -0.5657816264 -0.7390586449
5.178467927 -0.003066145855 -1.047655765 0.5467589598 0.0777683493 0.2261771303 0.2072208488 -0.0645838193 -0.2780464053 -0.1277186325 -0.08132921366 -0.04548192403 -0.3112118167 -0.1926300535 -0.05534731419
8.267817493 -0.2625962641 -2.611308033 -0.7357838849 -0.6783095757 -0.3576005194 0.2618213175 0.08674274837 -0.4516134676 0.2705900626 0.6702701619 -0.2777868301 -0.9472134272 -0.3588960057 -0.3661527046
