12.14936908 2.06161695 0.4814470615 -1.827605354 -3.272817553 0.5712176829 0.2907255444 -1.31027543 -0.01929522096 0.4706149008 -0.1075573492 0.5443932704 0.6391825104 -0.08065187432 -0.5995902456
7.119500733 -0.2802558864 -0.776185708 -0.4576915853 -1.234088501 0.6852015823 0.422042246 0.4962050721 0.8014682326 0.2154803649 0.1624641987 0.02747506067 -0.5648292427 -0.4598031039 -0.7094596039
6.735412063 1.384542189 1.2437833 1.683496764 0.6381126159 1.320482642 0.737055126 0.5447137547 0.5818214809 0.09424980868 -0.01041793821 -0.005124392074 -0.2504522265 -0.09151947556 -0.296762579
6.568172099 -1.647817086 2.490847836 0.4522373811 -2.74878361 1.367166823 0.357277099 -1.398275579 0.2656460825 0.367711443 -0.576177048 -0.6386486897 -0.1867715104 0.1954870034 -0.4874368228
8.924041152 2.777571253 -0.1753102547 -0.7885769998 -0.8711886857 0.248584546 0.1457290854 -0.1766024322 -0.2433993818 -0.05908539629 0.2736096728 0.401767598 0.1643644259 -0.06207597402 -0.5254432837
5.787483133 -0.909826866 -0.2467216666 0.4315511904 -0.8610756758 0.6824996282 -0.05296259226 -0.08124210484 0.4183737067 -0.1723380861 -0.004005349707 0.07932085189 -0.2558251622 0.1211446893 -0.1714050661
6.888780687 -0.1739911836 0.4055903296 1.071835162 -0.2724098188 1.076155874 0.2627548591 0.1727990163 0.4567557864 -0.2364182619 -0.09458367267 -0.02174798962 -0.4206526137 -0.03723750642 -0.1811639011
4.287915288 -3.223099852 2.312399266 0.1171012263 -2.804291404 0.6514744297 0.07653861242 -0.6113288215 -0.9268848865 0.2369241091 0.8291932508 -1.486636735 -0.2423294342 1.130968083 -1.135930308
10.2404604 0.182326305 -0.414687461 -0.5004326104 -1.643875668 0.6377450616 0.06234160329 -0.6555069724 -0.01248552025 0.04513683857 0.4299181282 0.5097501729 -0.08319086662 0.08423441118 -0.196989774
6.833427513 -0.4001026533 -0.2125254711 0.1217519654 -1.486764296 -0.08944642554 -0.7092350325 -0.6536241579 -0.0368520622 -0.2202158761 0.1254150691 0.2051654322 -0.2341816566 0.1388091621 -0.1807029428
8.967204366 1.675424933 1.973956912 1.943285444 -0.2916676911 0.3933966687 -0.527916497 -1.201624958 -0.7682907938 -0.8865214646 -0.9275848679 -0.5757207848 -0.2405868803 0.3450885392 0.2301069539
4.821273101 -2.27972631 0.4394645558 -0.1995218853 -1.921003296 0.9484879991 -0.360047623 -0.7743369923 0.1150657948 -0.4278194145 -0.4088710396 -0.2857834576 -0.1994276141 0.08380270746 -0.3585805482
8.198521535 3.454429151 0.9265674085 -1.243503801 -2.611987875 -0.7599127965 -0.05929232901 -0.3851610425 0.1382843482 0.4798182213 -0.04269889232 0.2045683641 0.5722846288 0.08124934188 -0.5134406401
5.362068855 -1.591307463 -0.7685961429 -0.1211141716 -1.43727458 0.3201749345 -0.3283545121 -0.3054594611 0.1898397637 -0.3729961548 -0.1118587382 -0.02424389492 -0.3685595697 0.06883825354 -0.17297751
5.866456976 -0.4758291354 -0.2417140977 0.3673149492 0.4484047621 2.088859686 0.4588224563 0.737312457 1.002734938 -1.023216375 -1.166027624 -0.274325003 -0.6529725545 -0.4410434624 0.2261880063
5.706933041 -5.423363845 1.780359769 2.457683194 -3.472130234 -0.5392842888 1.287650756 -0.2677763595 -0.5613286754 -0.3036762586 -0.09310668891 -0.2033571178 -0.4029460862 0.107014624 -0.3594490762
10.84378837 1.24100669 1.935362417 -1.056024877 -3.465005584 -0.032417586 0.05554392589 -0.2379001929 -0.1375251795 -0.09194346036 0.4801293238 -0.005634896913 0.2971443732 0.715347672 -0.6840507465
6.142371938 -0.9909265503 -1.313953733 -1.126641277 -2.162542827 -0.3897402542 -0.6025118938 -0.2479207408 0.3447536134 0.0129633993 0.2663839824 0.2590425993 -0.1722706009 0.09132806259 -0.3491780119
7.867855892 1.372916549 1.203918006 1.459866409 0.1650999917 0.9794547766 0.1712997895 -0.01505738233 0.005684272736 -0.657471761 -0.5774519068 -0.4825898251 -0.7256088684 -0.1809109808 -0.1119838517
4.230330884 -3.130702451 1.895721508 -0.7482953923 -3.168632854 1.770752413 0.098953442 -1.200077339 0.5183737463 0.1860628625 -0.5179341235 -0.3173026015 0.1955499066 0.03014180622 -0.6275816253
8.521565368 1.557842874 -0.6450889061 -1.130423947 -1.513744351 0.1400759492 0.007133673077 -0.5639505659 -0.2982834546 0.06542869788 0.3836844155 0.5534448732 0.1163274329 -0.2100114139 -0.4228876355
5.467194462 -1.276989453 -0.6101497218 0.1536778995 -1.037655125 0.5483468073 -0.2582363843 -0.3819332757 -0.04299738012 -0.7013430879 -0.4404044983 -0.2732671249 -0.5811084052 -0.06922969688 -0.2254242128
6.137731129 -0.3476637385 0.04467968762 0.5831922828 -0.5863424406 0.7517085535 -0.1758072556 -0.3915361161 -0.1682763653 -0.8448272425 -0.5594770313 -0.3823497188 -0.69118149 -0.1572564467 -0.2456538875
2.905959183 -4.929077905 3.997958124 -0.5834134484 -3.467900845 0.9730624196 -0.2186655071 -0.2450798963 -1.116737254 -0.1093629837 1.132678849 -1.868805087 -0.4715663373 0.9745724078 -1.594734979
8.31310598 -0.4871023868 -0.5868100405 -0.3162681404 -1.750885963 0.2971178192 -0.02176797012 -0.429073832 -0.09907642406 -0.2729322535 0.1720186568 0.3843426116 -0.1844244755 -0.02307655811 -0.144464292
6.09606496 -0.8188803522 -0.5270105691 -0.06205273972 -1.442654717 -0.1092350314 -0.8901401509 -0.8106761146 -0.2996085976 -0.799459218 -0.4582057176 -0.2500170287 -0.556529829 -0.05533796567 -0.1873708426
6.914408422 1.636623233 2.357131517 2.659451923 0.05967017715 -0.4348005758 -0.3488882616 -0.5468631321 -0.8749753338 -0.8679074045 -0.9323449682 -0.6971959503 0.1567367436 0.4565760559 -0.2321479389
5.740337284 -2.414849339 0.2187391644 0.5639047316 -2.065305016 0.03465099551 0.04762249047 -0.3495675423 -0.3115284327 -0.4160776278 -0.1356627712 -0.548999508 -0.42701865 0.4127247115 -0.3012119274
8.244914971 1.744489853 0.9943206148 -0.8255152056 -3.437860842 -1.054617405 0.810816946 0.04066707772 -0.4869406173 -0.04279780248 0.0679509776 0.05397266765 0.2855864773 0.605030575 0.07153487811
5.195180557 -1.843346638 -1.104990474 -0.3207782657 -1.552960013 0.08993437816 -0.5477431511 -0.5050218045 -0.153204099 -0.7637313267 -0.4848600564 -0.3655633997 -0.6301530859 -0.07137271967 -0.2699204066
4.742423594 -2.003704423 -0.4435729641 0.5030743244 -0.462088809 1.523163277 0.4767910503 0.1701829416 0.3976069189 -0.7568541187 -0.8824809084 -0.5941572619 -0.8480317881 -0.3155715427 -0.1449088981
2.419802276 -5.524020479 2.931886182 1.497387237 -4.338576069 0.3461229886 2.51225475 -0.629470897 -1.176103616 0.3169945352 0.1930498135 -0.760084053 -0.6487568107 0.3444448784 0.1420839934
