10.04447028 -1.954112243 2.040956186 3.527703269 0.03434342954 0.5460079434 -1.249302668 -1.448467602 0.6924363509 0.3128894003 -0.08666701614 -0.3373890072 -0.4132358478 -0.1467722087 0.3150128827
7.557140046 -2.907710545 0.8386745873 2.5392448 -0.9907346199 1.275830375 0.9042808204 -0.4492412991 0.7050872283 0.2024952063 -0.3592321509 0.3341135309 -0.3804442541 -0.4043708795 0.07251513026
12.75367428 0.042450614 -0.05883409959 0.4759029019 -2.684067815 -1.850809224 -0.01033864087 1.612482565 1.247697937 -1.131457163 -0.4332258699 0.1827851044 0.4561903384 -0.5480060766 -0.05423680359
7.436186797 -3.110522784 0.4528145212 2.008768924 -1.418031007 0.9593772759 0.7291888264 -0.398136683 0.9371776151 0.4538659242 -0.1879040674 0.4731638255 -0.284354115 -0.4235986478 -0.07190982758
7.618344191 -0.7064785086 1.829703142 2.608721645 -0.3837134068 0.6320223731 0.5196711443 -0.2209630137 0.2622822272 0.2069021085 -0.06338647114 -0.09696935564 -0.3186313084 -0.2751572073 -0.1699384703
7.950450843 -2.693845541 0.7494933941 2.211354032 -1.348933968 0.8339013204 0.6152336613 -0.4475120599 0.7886206147 0.1742172349 -0.4278397692 0.3118498127 -0.3650208396 -0.372029982 0.1379966124
10.21115897 1.183161315 -0.4017974177 0.3317806374 -1.819321723 -1.935945866 0.1970287714 1.810717098 0.676776299 -1.058630773 -0.5765348267 0.6341415269 0.4167610617 -0.3694842497 -0.03451841403
6.947932178 -3.547130363 0.2358643386 1.891176806 -1.636576808 0.6042783677 0.2723675563 -0.8439372245 0.605709316 0.2415406296 -0.2865300296 0.5320243337 -0.1866181856 -0.3272959823 0.01393732172
8.810736747 -1.211761807 0.4261076612 3.212829916 1.015392067 -0.3873328663 -1.542341695 -1.345031856 -0.04637045803 0.2074029258 -0.00247626733 -0.2330844151 -0.7496872678 -0.3655203914 0.53694692
7.047379321 -3.316249012 0.6297972227 2.393463056 -1.182946636 0.9916391099 0.6294941133 -0.569857546 0.6604830559 0.08824725322 -0.4103178817 0.5268436982 -0.1375718721 -0.2111009389 0.144345252
11.02291122 -1.530705638 0.7813937611 1.7195138 -2.071642934 -0.8785751272 -0.2782389172 -0.01837301353 0.1996316659 -0.955107426 -0.2275932575 0.4203633966 -0.1230901517 -0.3081174059 0.4186771218
6.797940332 -3.587757118 0.100296163 1.826979398 -1.48865322 0.9560595973 0.7680289506 -0.3583043222 0.8731279974 0.3255296176 -0.2985117438 0.4093759063 -0.3446651842 -0.4595542143 -0.03883834291
7.417047851 -1.181110261 1.154599572 2.248110701 -2.063406693 -1.917487253 0.4476975089 0.3214564901 -1.073042949 -0.8346434809 0.1495409057 0.06919991997 -0.4836084884 -0.271246806 0.04309905652
6.798622952 -2.285830648 0.6901031413 2.061702498 -0.7527951669 0.7365497111 0.6081337034 -0.2390548335 0.6233644922 0.2836281546 -0.3136547499 0.2551550816 -0.2016765678 -0.3456739616 0.0002729190737
8.852290164 0.4882705319 0.3123054853 0.3898789751 -2.084525381 -1.496098548 -0.5014494808 0.2470909303 0.5008284943 -0.3692450589 -0.5890872112 0.1081734378 0.00139132674 -0.2887755494 0.02078201794
6.423986074 -4.050153512 -0.3472914949 1.394807758 -1.984708502 0.4382776516 0.3989126468 -0.628648833 0.6240354127 0.1380260868 -0.388176936 0.4334896054 -0.2437449659 -0.3038118717 0.1264692999
11.06870878 -2.620149174 0.9218374294 3.939031084 0.9261558754 -0.006022512196 -1.963719353 -1.550476371 0.02345670823 -0.8553090395 0.1541347927 0.3815205318 -0.6886612985 -1.009602686 0.4024898725
7.180941062 -3.30318702 0.4367693097 2.207646432 -1.177592433 1.15221488 0.8788770077 -0.318669022 0.863663425 0.1690240538 -0.5874150904 0.1266973129 -0.551202944 -0.5235439208 0.01520744616
12.95247197 -1.1276659 -1.312409872 0.6940413459 -2.297512383 -1.960487029 0.3673900805 1.528822712 0.5192663265 -1.799273985 -0.5166422203 0.821824303 0.6569653899 -0.6047586307 0.3379262769
7.406812242 -3.314446223 0.1856086838 1.753423857 -1.721514766 0.747487779 0.567430914 -0.5383926833 0.7608229332 0.1418494305 -0.5293275715 0.3288508283 -0.2853872018 -0.3530232415 0.09050516284
7.417030889 1.184778157 2.069728156 2.588813984 0.1117272112 -0.3848307481 -0.8450052073 -0.8256226033 -0.3523687353 -0.5327414469 -0.6399964234 -0.3605727597 -0.2846447232 -0.1685608814 0.1050020841
7.594628437 -2.934752229 0.6092262801 2.139038876 -1.55013486 0.5782286314 0.3734764966 -0.6811475433 0.649084149 0.1796060326 -0.4295250904 0.3167263798 -0.408831853 -0.5644609059 -0.0940873787
10.44841537 0.4298025753 -1.495479308 0.1259794316 -2.180898761 -2.831386817 0.1476464868 2.271804599 0.4176891547 -1.712792364 -0.738461209 0.9072303047 0.451173934 -0.4870832502 0.1498421865
7.137956995 -3.463000202 0.03136721865 1.574858486 -1.856534506 0.4905757575 0.2109555154 -0.90883788 0.463102599 -0.03191787367 -0.6102323334 0.1811294133 -0.4718201966 -0.4762434365 -0.0347398517
8.32293755 -0.8326474135 0.4457169873 2.720007633 0.7960923047 0.005087991058 -1.230885382 -1.684670692 -0.5730532239 -0.2941564517 -0.2455568695 0.2736174813 -0.4379018473 -0.9059453044 0.3266096866
7.294592904 -3.310330382 0.3855740784 2.186356831 -1.195108466 0.9818851425 0.4927121406 -0.8041991682 0.455332579 -0.05560868289 -0.5570512494 0.3009850803 -0.3472440412 -0.3680421524 0.1066354263
10.01869771 -1.283579157 -0.2929408998 0.8145724907 -2.047078681 -1.381344706 -0.3263417947 0.3806300265 0.1258685319 -1.751249818 -0.9640923116 1.261230309 0.2363957621 -0.859234776 0.3797389859
6.640811795 -3.831767267 0.1113107357 1.935917504 -1.621672481 0.6749547721 0.4481025451 -0.7987453984 0.4103484424 -0.05596172883 -0.5815735488 0.16482138 -0.4637065553 -0.4220520085 0.01114052434
5.113087952 -0.7280990991 1.08121975 1.553484536 -1.38018883 -0.6984555659 0.1481844581 -0.6225200459 -0.7615191572 -0.3404349781 -0.39983099 -0.2841644692 -0.3624999364 -0.2862142108 0.1304235277
6.798796662 -2.940782914 0.5324635162 1.828604728 -1.535488982 0.5720118988 0.4433017829 -0.6113106696 0.4912106361 0.02713333383 -0.578164714 0.1489056693 -0.3960032267 -0.395832942 0.08104820705
8.531783289 0.3176753077 -1.200353841 -0.05499472009 -1.888588378 -2.258714464 -0.1471108573 1.373621856 -0.02978767051 -1.460337385 -0.5289190041 0.719181023 0.1676607755 -0.3299718226 0.2066660338
6.596782593 -3.954876924 -0.2333851871 1.467266639 -2.090274953 0.1898348968 -0.03330015656 -1.161600199 0.2179077767 -0.1466141131 -0.6414059331 0.216304119 -0.3910596647 -0.4795470143 -0.01800753033
