2.023929476 1.662384367 -0.463146964 1.08648086 1.008535941 0.6166775677 0.3717471978 0.6208926846 0.3617774765 0.02214923126 0.007788262063 0.1796454023 0.218409969 0.1800367306 0.08514854361
1.586231129 -0.4887084326 -0.5461557823 1.600042219 1.470033694 0.05542784016 -0.436132376 0.9924923403 0.4890313677 -0.2549583367 0.5820244731 -0.1322982549 -0.261021624 0.5085379787 0.1876438248
4.892102718 4.187027608 0.8940168243 -0.2496829721 0.1186937117 -0.2040514523 -1.287857948 0.3304311583 0.02064867921 -1.394397263 -0.9902922309 -0.942591377 -0.2866343374 -0.007229482878 -0.07603279619
1.548870154 2.824331578 2.369383368 1.749135851 2.637276065 -0.1476356018 -1.334632401 -1.035214038 0.4968834247 -0.4869959037 -0.8008290297 -1.462776379 -0.8577653105 -0.106917241 0.1714631984
4.704704106 3.540948363 0.4643531218 0.7051703243 0.5833309253 0.3911713972 -0.01813683421 0.07815207648 -0.6355073866 -1.199867547 -1.044440065 -0.7191629627 -0.354632915 -0.2172011355 -0.248351953
1.348322261 2.519497435 0.08956418609 0.9389103698 0.5686232078 0.4168636811 0.3058810706 0.1683354371 -0.2041471232 -0.2069471441 -0.1279255123 -0.03495961657 -0.1170993655 -0.1090109852 0.08464433392
6.555521846 2.453912291 -2.151955171 -0.02629437008 0.6655172794 -0.4404921231 -1.417015231 0.2219683486 0.2393774515 -0.7036248143 -0.2468671424 -0.05964163119 -0.006145617488 -0.8720378312 -0.7529171716
-3.543291735 5.880476275 1.225978298 -0.2305370374 2.842838211 -0.305385236 0.6005445399 -0.1756901719 0.05106271106 -0.886118088 -0.282794056 -0.5705319947 -0.3994144346 -0.009221079681 -0.3070308286
2.664471474 1.932681445 -0.4523046066 0.8512119999 0.5798190385 0.3753230714 0.3243116674 0.3690044306 0.04254101679 -0.1788974485 -0.1856678575 -0.08156967942 -0.2191393965 -0.2811283716 -0.05287833354
1.327723549 0.3670868253 -0.1550201251 2.327223576 0.7095062919 -0.9698184163 -0.07213396181 1.094174065 0.2169797749 -0.6333448442 -0.1579005273 0.1048362179 -0.2582283141 -0.3251919292 -0.02162324033
6.225387979 3.554807287 -0.3651820448 0.9437227099 0.9317753849 0.01832525896 -0.690110094 0.06612118782 -0.1364294644 -1.193648761 -0.7873390647 -0.4817269184 0.09227456775 -0.52260714 -0.9038204352
0.06228037778 4.124859153 1.745215193 0.5720888441 2.198360404 0.4749718676 -0.1433589981 -0.7959749255 -0.1287255474 -0.6156304895 -0.4513155545 -0.5554907904 -0.4715416005 0.05670627092 -0.1363438433
3.626045585 2.452179642 1.105735659 1.835658272 1.26674214 -0.1295433753 -0.5980938367 -0.08257129944 -0.4410646566 -1.442089066 -0.751570152 -0.6689302903 -0.5337437626 -0.6958703262 -0.236952591
1.182461818 2.338100879 -0.1536412862 0.584497946 0.07547596861 -0.03787877345 0.1783560353 0.3871103349 0.2023085429 0.1677036023 0.122412809 0.1009278924 -0.06027924239 -0.1611194637 -0.00288104184
5.609689215 1.900256544 -1.019989861 0.5827059235 -0.07010566269 -1.301898268 -2.054246315 -0.6112839163 -0.0141469154 -0.8693577756 -0.2523651036 -0.2992426488 0.1819355357 -0.3318273281 -0.350002579
-4.781537682 3.537410553 3.512251727 -0.181821227 1.542317712 0.9155562947 0.02986915485 -0.2126947594 0.6025710845 -0.07947807973 -0.6833545588 -0.8614611181 -0.462088681 -0.06332522812 -0.2059590589
2.042919958 1.967981688 -0.5491481565 0.6186985989 0.4728021471 0.5410787064 0.4199742213 0.3740119443 0.3449217403 0.4231037032 0.2527699521 0.2216192472 0.1129863522 0.05645654285 0.2043643853
2.305363238 0.8796771537 -0.3409772589 1.605241434 0.6629224942 -0.2461111358 0.2730839186 0.9483996066 0.1756811454 -0.5969708632 -0.142349767 0.1226748005 -0.1498644549 -0.3940232905 -0.08861016429
5.60030755 3.534648227 -0.01290000379 -0.08705459751 0.4065491362 -0.5916408785 -1.160925751 0.6781674528 0.03148312941 -1.727055318 -1.037988975 -0.6178021176 0.1476985748 0.2079770221 -0.2419864805
2.855542102 1.92769432 2.237511832 1.806173945 1.811132189 -0.1972363792 -1.606269725 -0.6345271445 0.3074737912 -1.191284571 -1.272663842 -1.142340618 -0.3776962122 -0.3765309096 -0.3149591779
3.002112799 3.097258336 0.5468389742 1.022635662 0.8849163573 0.598981513 0.2038467025 0.1186368447 -0.3570801829 -0.6864213898 -0.6105421753 -0.5097075886 -0.4781898946 -0.3612450599 -0.2271310385
1.205025279 2.281390505 -0.07113605018 0.8226781349 0.5169366001 0.5487216602 0.5646297966 0.5667980755 0.2574670477 0.1200089604 -0.004693282925 -0.07968945112 -0.2900994396 -0.3400156094 -0.08960110757
5.695249319 1.828663728 -2.299362538 -0.7500291483 0.2364927737 -0.7575150957 -2.025301666 0.3308863226 0.1758634876 -0.02404712271 -0.002469914693 -0.1159564509 0.1223333189 -0.7166541896 -0.7417261806
-3.082028707 4.49887437 1.633300648 0.2125026199 2.13089419 0.2448628589 0.3199492602 -0.3653190434 0.2411226934 -0.446515775 -0.2032730633 -0.7690910304 -0.5534023616 -0.1746488936 -0.3417192126
1.836933328 1.548798147 -0.7442510046 0.5163483214 0.265411563 0.1557135903 0.2141628902 0.296099236 0.04217359805 -0.08625815918 -0.1401604838 -0.06880820505 -0.1291235961 -0.1871780455 -0.04403507009
0.04389874227 -0.4535787185 0.2860991826 2.611487877 0.5977619608 -1.370039605 0.3459974166 1.285456602 0.2354013195 -0.7614258706 0.2631037433 -0.1387506864 0.1287891625 -0.1927867055 -0.09903944145
6.874652363 3.119215999 -0.9268078534 0.8200088269 0.9611279442 -0.1429912218 -1.002390054 -0.1305873197 -0.07141357214 -0.9011976587 -0.3157242925 -0.3763972283 -0.3111578566 -0.9182655269 -1.107831552
-1.677274803 2.427953698 3.020864968 0.7188087313 1.617025536 0.4481656103 -0.4004559064 -0.3267583475 0.4006499981 0.06822927752 -0.609419758 -0.9316665714 -0.3787735067 0.02606738854 -0.06048720233
4.174882882 1.543487662 0.7199829998 1.31211717 1.192325769 -0.6731396294 -1.318723085 -0.7541491173 -0.1051868333 -1.334471625 -1.127616207 -1.218522944 -0.6789362745 -0.5138279142 -0.1326434729
0.6964841626 1.923150051 -0.3240372019 0.6791439641 0.3676529531 0.2187997354 0.2258401237 0.3061568156 0.04618766362 -0.05424631727 -0.04082364732 0.01832460037 -0.06564200044 -0.1033386006 0.06532012943
5.323778242 0.7745059368 -1.616447538 -0.4275628178 -0.8674439601 -0.587100969 -1.061692962 0.1425088396 0.0881967996 0.3388754167 -0.1541394971 -0.4152657972 -0.3042418106 -0.6625040626 -0.8897183629
-5.716871323 2.624073781 2.560076582 -0.7997295671 1.670677579 0.8828206802 -0.1251999213 -0.07754028005 0.6231516693 0.2253633538 -0.3495700166 -0.6610720972 -0.4380080329 -0.05529211142 0.04060007226
