8.44182912 1.133685308 0.7260934696 1.629548029 -0.4408412915 0.08309145814 0.3768916396 -0.2916745231 -0.1455026118 -0.149295638 -0.9058391593 -0.6328036532 0.2779835644 0.3995944921 -0.1185025077
8.332281964 0.01700604742 0.5133967835 1.304704742 -3.01253338 -2.916099818 0.6376698775 1.120769285 -0.2976116443 0.1404416252 0.4510296648 -0.3638036542 -0.5316167242 0.1769276011 0.3166970392
3.302939552 0.7710524172 0.3150930749 2.060311236 0.271774789 0.03251410159 0.2869966866 0.2113659544 0.06428348594 -0.06866080302 -0.2892877821 -0.2156019659 -0.2609059869 -0.2275692992 -0.1983512939
8.899912211 -3.068628293 -0.0822600769 1.497318938 -1.774666008 0.01894829903 0.7893586205 0.06582301581 0.4111272106 -0.02898697304 -0.3521238016 0.01687084864 -0.4753135105 -0.2260451947 0.2936187743
4.66063157 -0.7480283565 0.009793613543 2.030984867 -0.2511450984 0.1288019003 0.3763336792 0.0612416592 0.2083218393 0.01133002385 -0.298403162 -0.06086295188 -0.1637165824 -0.1777833959 -0.2073322193
12.42171464 -1.539374644 -0.1625721651 2.085633954 -2.844415102 -1.95948886 0.7814670693 0.5136834724 0.05496946311 -0.1693455061 -0.07041856788 -0.3665349195 0.03084272906 0.08280430562 0.4866482572
0.2615458174 0.9044979853 -0.1004533207 1.450977882 0.5355315499 0.09204867258 0.1529512105 0.2491834852 -0.07214451372 -0.09498988843 -0.138913572 -0.1889190525 -0.2676441439 -0.2726285985 -0.2790505155
4.74371807 -9.78615542 2.765338191 3.370361935 -2.131104254 0.9413971331 0.2935347926 -0.1264519701 0.8966015077 -0.08864140421 0.3199389349 0.7901851287 -0.6548332742 -0.1144879193 -0.06628885536
6.324935056 0.7133962308 1.722574259 2.747732987 0.3818859183 0.465228921 0.1971244729 0.025827349 -0.01520153938 -0.5989726974 -0.5065640404 0.08983809337 -0.1124194633 -0.1894737396 -0.2295630014
6.351776474 -0.1773043676 -0.760866374 0.45985775 -1.166244331 -0.3041649709 0.3256270599 0.6561115936 0.919828172 0.2683545678 -0.4239540287 -0.3234863696 -0.4870334101 -0.3405345851 -0.08613118522
1.367014983 0.01893154685 -0.5506351084 1.403551767 0.1110909724 -0.1685198119 0.1722911719 0.2879681881 0.03407494946 -0.0273041924 -0.1782030805 -0.1846485659 -0.2883576743 -0.3158590889 -0.3132625944
6.071336118 -5.927456744 1.330061767 2.406167114 -2.385295801 0.2540071349 0.3824199153 -0.9216016897 0.04098881516 -0.1229477892 -0.1140940289 0.2890375937 -0.3585250892 -0.142086284 0.1471176033
5.127500126 -2.380002678 0.04110473776 1.838090679 -1.175788903 0.03536097015 0.3984338859 -0.168602434 0.1585997785 -0.06217215491 -0.1401899934 0.2892647145 -0.1481214948 -0.2307593866 -0.2842567467
10.9760326 -1.079261794 -1.838101896 0.8329399283 -1.295384035 -1.062498747 0.6714467163 0.4416811986 -0.4007220138 -0.1544374758 0.1377889914 -0.1140612179 0.07103878375 0.371767147 0.137297686
-1.076109822 0.450642134 -0.4534867593 0.9912831685 0.2112934416 -0.1271981522 -0.02929443573 0.2048586956 -0.02263294714 -0.07988021298 -0.1502224751 -0.1455563915 -0.2380757428 -0.2940142326 -0.2749507466
2.526499389 -7.98101957 2.358282527 3.493170105 -2.149451242 0.2920027379 0.3779621147 -0.6420563872 0.2062157041 -0.4562368793 -0.2394832626 0.3478817045 -0.7772554564 -0.4241757864 0.1303724661
10.35660864 -0.1530514026 0.2342028348 1.957918007 -0.7088662433 0.1606191121 0.7059469826 -0.2996681408 -0.05383568928 -0.07941827931 -1.052746207 -0.7811192521 0.3783672483 0.4310511991 -0.05343488263
10.31461225 -1.118414239 -0.0005248297034 1.624315718 -3.162755506 -2.721365279 0.9613030382 1.069053777 -0.2613409806 0.05530469809 0.2994263654 -0.3675712971 -0.4060766168 0.1545778717 0.3665443261
2.782259377 -0.5370202431 -0.604787054 1.521954481 -0.1385209862 -0.1052527214 0.1956439007 0.0415612082 -0.008684788503 -0.02478020323 -0.2768770453 -0.1892190901 -0.2223007987 -0.2332004382 -0.240398859
8.109890568 -8.777669012 1.716360345 2.247831308 -2.896868628 0.4636450885 0.2834004629 -1.041064749 0.2801736671 -0.4830882253 -0.5285743185 0.3071508653 -0.4645588236 -0.2680896325 -0.2667136787
3.916998006 -1.383256645 -0.711725642 1.411852332 -0.8355033063 -0.2903776444 0.2314818179 -0.06051713088 0.05596960983 -0.04629243888 -0.362697981 -0.1270283282 -0.2024321567 -0.2668298905 -0.283786384
13.47084702 -3.426982972 -0.3560479769 2.359974581 -3.682108181 -1.727543635 1.128507 0.3838510226 0.2409509732 -0.4280756442 0.3593960343 -0.2527912493 -0.1577371603 -0.1472584822 0.6276508593
0.2919029464 0.6577823139 -0.5820118938 0.8706044113 0.07981613951 -0.1616049512 -0.01986777075 0.1480678518 -0.02496591644 -0.01517720448 -0.09017029492 -0.1349089349 -0.2136755026 -0.1909778833 -0.2658837744
5.184545001 -9.707489632 3.347590065 3.119041997 -2.521050552 0.8185674016 0.1075524836 -0.7090415891 0.1585153025 -0.7090856662 -0.18915884 0.479211931 -1.016891358 -0.1918168847 -0.08984984103
6.823723012 -0.707423681 1.089928699 2.608005799 -0.06004743884 0.8415777411 0.5196801758 -0.1816957692 0.4412545214 0.06750334776 -0.4078432219 0.2219035066 0.2583739383 -0.01213435448 -0.2759484976
8.05037602 -1.551898043 -1.876537367 0.3472270792 -1.615436685 -1.750040649 0.8583833974 1.275640393 -0.4017898615 -0.3940789563 0.2814229694 -0.1146469351 -0.4513152148 0.08360609103 0.1958373956
1.604482535 -0.5832158244 -1.191417419 0.9961674669 -0.2053611581 -0.4245947958 -0.01833250113 0.1370579583 -0.1034028519 -0.2658639952 -0.3549542435 -0.2274344212 -0.3440559487 -0.3584454613 -0.2973803225
5.01427334 -7.478648349 0.8666313044 2.270279202 -2.456012891 -0.02385937578 0.3721835082 -0.921516367 0.0004115028382 -0.2313942029 -0.4351792107 0.2057533002 -0.4713485826 -0.5257934761 -0.1103132287
6.058747364 -3.626011161 -1.200178293 1.523882484 -1.677381445 -0.1704823704 0.9968183654 -0.05208961417 -0.4192578649 -0.2895484316 0.001197001638 0.4139617474 0.05112424045 -0.1484423613 -0.2804392633
11.30925314 -2.956937139 -1.914264274 1.165805044 -2.25328983 -1.650751107 1.259185638 0.9860290715 -0.3544112172 -0.2793014197 0.2146129844 -0.1465178535 -0.2868704423 0.07904261897 0.2149024048
0.05160076243 -0.09539480315 -0.980174833 0.8024890428 -0.1806917884 -0.4580182278 -0.1384875283 0.06347977428 -0.1414593272 -0.1393852774 -0.2346654688 -0.2249537494 -0.3080507202 -0.3408281475 -0.3411447382
0.5408688745 -6.931867563 1.272518748 2.833654161 -2.274548769 -0.6229316237 0.3266863463 -0.7011070918 -0.2742744702 -0.3144752159 -0.09649219184 0.2657735254 -0.653964816 -0.4202727395 0.2332921041
