10.80883467 1.412280046 1.534898155 1.2136426 -2.16679413 -0.7655312019 0.1456564559 0.09832306184 -0.03820845539 -0.3364600961 0.06633370067 -0.5073653082 -0.3496385126 0.3154229676 -0.06041279334
4.796188958 1.274274158 0.3409562079 1.970799757 0.7192784988 0.3956055575 0.261258353 -0.08118641617 -0.450868506 -0.3782890101 -0.1638988958 0.03208666191 -0.2135491823 -0.1321172299 -0.07349625543
6.940764535 -3.245225131 1.457467112 2.556890377 -1.629501728 0.4978976718 1.066405578 -0.7396724178 -0.8400868422 -0.5319356057 -0.1762436665 0.1626341223 -0.2659274632 -0.2241678205 -0.1074094103
3.65117514 -0.1531691387 -0.6184486286 0.7777832888 -0.817424338 0.02316172269 0.3454852466 -0.2448925063 -0.3300603482 0.008224360848 0.1119822848 0.06607602569 -0.3441705218 -0.3256622617 -0.2252770801
10.52199097 -0.6746102575 -1.522997416 0.814320277 -0.2916683351 -0.2099329308 -0.1499907514 0.01775738067 -0.1845067452 -0.7045994695 -0.1866983322 0.03404621958 -0.1783392004 0.04316856484 0.07937993428
5.832207876 -0.5551602382 0.1237333287 1.545796608 -0.5870044586 0.6362894104 0.6156932129 -0.2482443571 -0.1481306745 -0.058534801 0.06955287654 0.2586547876 -0.284717391 -0.2404422739 -0.1305945761
7.882078322 -5.771221615 2.365682242 0.5235236617 -2.72674801 1.308204237 -0.7473199521 -0.772127223 0.2130208232 -1.012746826 -0.01914719077 -0.08966269682 -0.6648774034 -0.06867963924 -0.3283228263
1.596442098 0.7953483562 -0.6200848812 0.6185721102 -0.1195991178 0.2920142252 0.4077119876 -0.05296824004 -0.3145584478 0.04234830733 0.1786798953 0.07193197511 -0.2221752344 -0.2649259909 -0.3033723055
8.071267997 -1.31910399 2.290407884 2.399229052 -1.358267301 0.4748747671 1.019885771 0.2512797715 -0.4816326804 -1.401708157 -0.6315797183 -0.2596318807 -0.5889473913 0.2192654571 0.2458790668
7.632443404 1.023257098 1.466531118 2.02956804 -0.2704369893 0.6428549155 0.6638139523 0.0161553484 -0.2524809011 -0.5324463237 -0.1219840483 0.01845771281 -0.4849116555 -0.05907839023 0.08025564667
10.25624472 -3.80665123 1.761346723 2.303441114 -1.050859078 1.005655859 -0.6419095651 -1.476003067 -0.458888038 -1.251816234 -0.1689311976 0.03237262149 -0.6529281807 -0.2976188221 0.30196288
3.402021148 -1.351275923 0.3793018499 0.9303795514 -1.131038312 0.6457351376 0.01606715045 -0.610183741 0.09263750171 -0.1225401445 -0.1686711966 -0.05004708307 -0.5939755893 -0.3061769238 -0.1954285039
9.350666435 -1.579729801 -0.3708670467 1.081484396 -0.04408745101 0.09770590927 -0.9333859616 -0.3014725034 -0.02318913846 -1.063360983 -0.1532338104 0.09441233271 -0.9068952429 -0.3934801992 0.1004356886
4.466647409 -0.6450149411 0.1106356956 1.055814841 -1.169175451 0.3846420287 0.4440010914 -0.575163233 -0.2959036854 -0.03021990406 -0.1234405944 0.04801233608 -0.3055694818 -0.3400973841 -0.1890909844
4.935551045 -4.882374081 1.951513116 1.159410258 -2.085505712 1.128201906 -0.2915714187 -0.752105256 -0.01130905428 -0.8912729853 -0.05803115611 0.4372457195 -0.4436764174 -0.1726399547 -0.2464585753
0.8667665185 0.4530295328 -0.9323540424 0.2079118067 -0.5241881375 -0.104164366 0.01760015545 -0.3374841893 -0.5690431321 -0.1193106412 0.06664966424 -0.02178769123 -0.3030124528 -0.3113662828 -0.2511080349
8.536640383 1.474769939 0.713781609 0.9356591631 -1.311739149 -0.9506148873 0.2999304926 0.4482162576 -0.3290430808 -0.6440972513 -0.4844058232 -0.4204902882 -0.146363902 0.519530085 0.319115376
4.339449567 0.1783077142 -0.3599250039 1.579796398 0.1375608619 0.3754540888 0.3800289763 -0.06306584661 -0.2722604798 -0.2148448732 -0.1276331679 0.04789384098 -0.2997963258 -0.1943033563 -0.07250417936
7.27117241 -1.89961975 0.5602157091 2.119412388 -0.0891894127 0.05330996519 -0.8044386839 -1.392740104 -1.069446368 -1.153573167 -0.3566830167 0.1515786221 -0.7912939451 -0.5045954766 0.273058384
2.605275229 -0.0525382733 -0.866922594 0.5317898641 -0.6897330931 -0.07963053518 0.1016494262 -0.3979915204 -0.5618921483 -0.2233907324 -0.04973644483 -0.03035755972 -0.3010110597 -0.2643911263 -0.1624698779
10.24811558 -0.7623804267 -2.472081892 0.05713817868 -0.1575083931 -0.5047577912 -0.601585953 -0.2156453125 -0.3855143647 -0.6438070141 -0.2129684808 -0.1334497557 -0.4438858557 -0.05433027085 -0.04698522876
5.466098781 -1.243185873 -0.2761116172 1.026041442 -1.186047038 0.2126875567 0.2361821044 -0.5208860387 -0.2339420762 -0.2652937491 -0.1081271367 0.131707567 -0.5157387171 -0.3594174851 -0.1068668255
7.060861827 -5.588872163 1.072963376 0.7267457017 -2.39435457 0.5284314054 -0.5779805288 -0.8396274161 0.3041030904 -0.4793927872 -0.2019993171 -0.07793654449 -0.6588558635 -0.04355833544 -0.04021324728
1.718947698 1.0553553 -0.5432325017 0.4434430641 -0.4121074042 -0.1725462323 -0.01001420922 -0.3358879913 -0.615289117 -0.274755376 -0.1138201768 -0.09338292413 -0.2748714307 -0.2787108466 -0.2123953883
10.32968594 -1.344389178 2.008384688 1.742397551 -2.273135906 -0.04379565007 0.3882486191 -0.01642801811 -0.07348095858 -1.344697653 -0.6517354357 -0.2978795179 -0.2559390667 0.4887942457 0.4256779568
6.683342158 0.182124016 0.6967468999 1.461534971 -0.6606437753 0.5375933732 0.5037922546 -0.4966081994 -0.5705727173 -0.4277229697 -0.2450376238 -0.09003573774 -0.5150172448 -0.3569189769 -0.1299252277
8.248904936 -3.680416563 0.421331457 0.6782369378 -1.948585247 0.362764765 -0.5545893306 -0.7844488862 0.1753548321 -0.753348169 -0.2505819411 0.2902213728 -0.6489377135 -0.3381451841 -0.01541533048
1.851672143 -2.00601342 0.1165525446 0.4748082398 -1.625525931 0.313033802 -0.09458258285 -0.8760369287 -0.05642135034 -0.2067365825 -0.2667603684 0.1821472305 -0.3976536994 -0.3115158319 -0.1425330765
9.485410042 -2.821779855 -2.143389882 0.6380702473 -0.4911488318 -0.1626140061 -0.1996782609 -0.3376120056 -0.2259566381 -0.3558144666 -0.1747211633 -0.1960558396 -0.5140075236 -0.09747203203 -0.1152423829
4.5977681 -0.9381953727 -0.9787284785 0.9841414205 -0.6465068902 -0.09102217212 -0.09323618861 -0.4832550425 -0.3706724552 -0.3447148457 -0.2066426391 0.07724083324 -0.2841999993 -0.2193823632 -0.07429883959
5.580386922 -7.283236945 1.493995115 1.362820673 -2.383615396 1.11711801 -0.4297137345 -0.7978028421 -0.006280703709 -0.9524632985 -0.1394457534 0.1104530337 -0.4287129322 -0.02318730111 -0.2585522685
1.393655129 0.2007236626 -1.218641543 0.500458457 -0.1828516739 -0.2981080499 -0.2886468411 -0.3773682594 -0.7329980027 -0.6071789641 -0.386418178 -0.2167746184 -0.2594464472 -0.1142361594 -0.1583503582
