6.150630547 3.661658588 1.605825331 1.537511011 1.002152934 0.514743562 0.4966399168 0.1178999542 0.2287655168 0.2000529559 0.09418702755 -0.007748412899 0.07665756916 0.04151663977 0.1330948505
4.759054392 2.226230246 0.802903592 1.099470704 1.209745458 1.03651229 1.084379041 0.7136407154 0.5537924872 0.3087374419 0.3450390177 0.3085249832 0.3174767874 0.1957932329 -0.006521999779
6.332969199 2.412973133 0.05966875617 -0.2380328611 0.4191179513 0.09045287937 0.2704152652 0.6839817858 0.4632576971 0.4771338227 0.4495153345 0.04437578096 0.4298191416 0.3503297202 0.4497283968
3.873626565 1.985373384 0.5708554276 0.7591947281 0.9291424815 0.7245925654 0.8646985755 0.5685105156 0.5609811412 0.4212195604 0.5413979952 0.3549665383 0.2477777452 0.1178767628 0.0705748377
4.883522429 1.709654511 1.056246857 1.427200253 1.549943437 0.1055020054 0.03508915003 0.4269309849 0.2006239961 -0.06530721561 0.175430242 0.3053264397 0.1271813186 0.1819371464 0.1974749274
4.766514465 1.735017807 0.3300569796 0.6285523786 0.7827475808 0.8845216793 1.0381304 0.9225700897 0.8837611223 0.5590662328 0.5442284597 0.3703878747 0.3063118413 0.1328722585 -0.02216603252
5.03624195 1.590089311 0.1664104378 0.6201755919 0.72235989 0.7145379916 0.6280967491 0.2982408056 0.2448249063 0.1396350365 0.4445204053 0.353385866 0.2720715486 0.09044173145 0.02269743399
2.431532895 1.644327131 0.6660476938 0.8057299869 0.6834803877 0.7694420793 0.671017654 0.6011220947 0.4223692633 0.3270888164 0.2280916682 0.2304013388 0.1741193979 0.1773141778 0.1279565193
5.270714884 2.184925139 0.5981582223 0.8392449277 0.8916382587 0.7812471319 0.7292543183 0.3431922289 0.4245344305 0.2989036945 0.3394055222 0.2213353587 0.204917109 0.3181922887 0.197512139
4.59333674 1.895719104 0.2685585147 0.6644794077 0.9670169999 1.014151924 1.085633955 0.7051249033 0.5709532258 0.2066041342 0.1798205828 -0.0154939709 0.009785713709 0.04689370985 0.05426289544
5.766489325 2.008303325 0.1621177114 -0.7340595388 -0.3880062194 -1.047198109 0.2444716206 1.035578509 0.08440763221 0.3740617977 0.5245576578 0.533591453 0.7982249205 0.1157413356 0.3978352224
3.422092593 2.479914509 0.07043563054 0.4792680658 1.018981411 0.3885166635 1.269550615 0.4355152074 0.7175567138 0.09368005621 0.3894754802 0.1986722233 0.2469643241 -0.008157638409 0.02306418406
5.059400772 2.142317154 0.5840036171 0.3993398271 0.8115206198 0.1128183804 0.06583843477 -0.3915933482 -0.4036395431 -0.3188481759 0.01843836856 -0.1026427867 -0.1697715186 0.05593526906 0.3720021832
4.335729972 1.122896979 -0.2135829732 0.3750447556 0.566514943 0.615979055 0.6769464833 0.5696194424 0.5874608097 0.4134764377 0.4936859181 0.339253801 0.2372565704 0.2199364919 0.1320120554
4.425469751 1.010418164 0.3372936252 1.260614914 0.7342912523 0.1599316862 0.7687757114 1.006751185 0.5168660145 0.01629593512 0.4743827652 0.4280277468 0.2286525248 0.0007597022418 0.06842497418
2.986409623 2.020995879 0.8010849789 0.6417548931 0.2469171967 0.2591111431 0.1701151449 0.301413163 0.2754397742 0.2272763046 0.2931307465 0.3314448638 0.2232582659 0.1717656919 0.1268971241
5.785844742 2.726465681 0.9563504283 1.107491005 0.8339027191 0.535436409 0.5468317584 0.2701774832 0.1021201289 -0.09354103817 0.03807796505 0.06426842889 0.06275308025 -0.0008871914064 -0.1378284721
4.778718504 2.032313187 0.6491212674 1.182265527 1.270029049 1.035620451 0.9038195773 0.4921070446 0.3762396375 0.2441583117 0.3201091476 0.07862804136 0.04343409883 -0.0108396503 -0.1344419935
5.408693317 2.439641336 0.1519131881 -0.3511194474 0.444039038 -0.2251620208 0.4117503528 1.102095926 0.5381614758 0.6408993634 0.7303127418 0.3423143729 0.3000574743 0.06950894964 0.2405240281
3.230969742 2.238342484 0.9467752449 0.9675704281 0.7871084998 0.707675524 0.5772990468 0.3523616636 0.1959993917 0.1161473024 0.0901555862 0.127281291 0.04412322852 0.04581081014 0.1136261023
4.547076334 2.135858186 1.157477171 1.384107205 1.244411161 0.360746994 0.010715656 0.1157417937 -0.0005474472214 -0.1552522148 0.1195715943 -0.01264184452 -0.332979862 -0.3206050635 0.1570047664
4.144967197 1.291807783 0.2935640672 0.8531619022 0.9225877895 1.087960303 1.203432954 0.6886764855 0.6003274955 0.4373686368 0.4394917328 0.2707926672 0.2070822663 0.1901267373 0.05233133709
4.544026206 1.731723983 0.2152589143 0.5493309262 0.497422408 0.4384556544 0.6356408582 0.5452332623 0.5615276639 0.2765606475 0.3462632261 0.2238935129 0.1481426628 0.1231415347 0.1112294031
2.157673394 1.756894573 0.9138516775 0.9370689699 0.6012897095 0.5556168795 0.342982875 0.3393097188 0.2328363794 0.17168744 0.08289550933 0.09420809961 0.04710129412 0.06052383978 0.04266901073
5.066392837 2.302907278 0.6667713162 0.7343787579 0.6758774682 0.6718957413 0.8269534229 0.6413770583 0.5878788345 0.1307780264 0.07613661156 0.04548114393 -0.03916634154 -0.08101308624 -0.1491323671
4.309761693 1.648682117 0.1731578291 0.7050185381 1.023164384 0.9163227455 0.8599852146 0.390785168 0.2679806715 -0.02074233232 0.007062874646 -0.04356739404 0.1230943442 0.3125905156 0.2043699598
5.044263508 1.515987166 -0.1416254318 -0.9932851468 -0.4880560665 -1.349433424 0.4187081621 0.7454608574 -0.4075507175 0.1067570616 0.2958861745 0.1140410919 0.218254836 -0.1783689683 0.4490284475
3.069258255 1.586204673 -0.1104872802 0.1612583129 0.3897811587 0.5012819336 0.798845971 0.6237674459 0.6213455507 0.3835226595 0.379024497 0.2705329059 0.250248732 0.2383461923 0.1737585526
4.17772628 1.458851291 0.1349246927 0.2490851993 0.26597186 0.1167583612 -0.04922170202 -0.2501017968 -0.2283956479 -0.08140335594 0.1604763474 0.07103597347 0.007501434028 -0.1464875412 -0.07289696259
4.337829035 1.189215972 -0.162305062 0.2931388972 0.5077458609 0.5841869099 0.6556730694 0.3429270983 0.2838023352 -0.01628613133 0.01761786641 0.006586590547 0.02094435999 0.02552379489 -0.05657459109
4.92246267 1.025653618 0.1817205061 1.102981418 0.758119675 0.1752490434 0.4599978329 0.4736965839 0.154683351 -0.3145705876 0.1855217964 0.1499033098 0.01141592867 -0.1234909124 -0.08101338403
2.134033489 1.445418194 0.5095020081 0.5707483129 0.270889999 0.2887641508 0.3012749911 0.2876585057 0.1701885463 0.1254582823 0.178603714 0.164754582 0.1538465103 0.1538659054 0.1177807646
