1.898554735 0.572533255 0.6544710826 1.518334099 1.037981508 0.6917519309 0.1416727965 0.754216004 0.8461573525 0.003433277838 -0.1708993224 0.5140019362 0.5536114772 0.05104015346 -0.1671181929
0.7314835337 0.5183017719 1.16934134 -0.5047587136 0.1245020679 1.182501924 0.8417779938 -0.00721542508 0.4851755186 0.03809304649 -0.2783114301 0.4794698717 -0.04915078766 0.3772042458 0.2279838866
4.248608985 2.272629357 3.476284213 1.040296998 1.10758197 -0.5354617915 -1.188839758 -0.7697905529 -0.3737013524 -0.01491914418 -0.3056027218 -0.6219498854 -0.07666355279 0.4726898732 -0.4611013765
-5.91335058 0.7168580793 5.00400909 -2.900444157 1.87397484 0.9121725406 1.640773205 -0.5482303309 0.5728272422 0.5144923107 0.4387726861 -0.06133953341 0.4771646687 0.1174906013 0.06397339877
1.735325273 1.416832365 0.3289152263 0.6096307931 0.7093224513 0.976201858 0.3302637671 0.3306120839 0.4295617583 0.3833291316 0.4490278602 0.4541846097 0.2566420911 0.2488242361 0.1740741459
2.886052747 0.8900636343 3.791043464 0.008225675616 1.071049333 0.818251032 -0.2161354662 -0.7637133901 -0.06135172518 0.5451265732 0.09415368575 -0.1619877775 -0.0588558245 0.1677844795 -0.3546505675
6.741940459 1.889706947 0.7291236915 -1.553063978 0.2477399236 0.2851229254 -0.07073515779 -0.7441773983 -1.389285005 -0.3756199292 0.4123489811 0.1251252507 -0.580384018 0.03233138382 -0.1862097769
-3.908494154 0.5283554368 4.890492866 -2.325275947 1.545734599 0.6926218127 1.107603311 -0.9615097469 0.5080805995 0.3380964855 0.09188027125 0.1012131097 0.2225841453 0.01426636441 -0.03925319482
2.250371685 1.912111372 0.7997095493 0.9571993216 1.021840884 1.296145109 0.5681032668 0.4336164586 0.3689037456 0.2459427149 0.2874160754 0.3013397393 0.1735477202 0.2104033339 0.1886747106
1.184348541 -1.135351951 0.8927924004 0.7533197644 0.6094966897 0.349389332 1.147255168 0.5979245592 -0.1630733695 -0.2993665717 0.5529141878 0.3860971689 0.08651451153 0.6284280103 0.09666572985
6.030483588 3.129481226 2.44032361 0.6648892872 0.2212221086 0.1268981192 -0.6231032597 -1.170374168 -1.183006478 -0.3725468918 -0.5929313627 -0.829121078 -0.08858976745 -0.0841925958 -0.4730106279
-5.772750656 -0.3971084086 4.306856151 -2.398134423 1.567237329 0.7102871431 0.9038561988 -0.2813181018 0.6307096914 0.3020654432 0.3711436797 0.1104474396 0.458511921 0.3184155881 0.2770412863
1.806012671 1.556533999 0.2989200217 0.359982736 0.3968291053 0.716008244 0.07704987955 0.05099282809 0.07786254782 -0.01804402942 0.04864034434 0.1116672324 0.0005159402536 0.09506603807 0.1078780629
-2.008369554 -0.611953931 4.294582654 -1.403630691 0.9133035967 0.637769382 0.8861252462 -0.7550161054 0.3502467317 0.6800568814 0.1425375578 0.103843721 0.08042066154 0.2215295849 -0.04035779728
5.631751245 0.4804036707 1.332102351 -1.702404186 -1.304874278 0.5535085172 1.030688157 -0.4711755984 -0.4976335373 -0.9285310755 -0.4468700123 -0.1617516546 -0.6829792439 0.2635753984 -0.4918814017
-4.244952263 0.2797283799 2.862202614 -2.522499086 1.792676605 0.491277409 1.333371337 -0.5843524562 0.5660548219 0.2313816012 -0.1215582831 0.2503329959 0.0073496537 0.3758464806 0.1765752799
1.995250562 0.9652255731 0.1016654164 0.4964828572 0.5549962708 0.9888941938 0.5175603265 0.3098322687 -0.02144882804 -0.11292733 0.2741208102 0.3982774571 0.2565226766 0.3506578512 0.2175036285
1.783492627 -0.02285226273 0.8615985841 -1.529522115 -0.3969459922 0.9984499379 1.414144684 -0.5367361786 0.2629498873 -0.3147939277 -0.7216516545 0.2932950581 -0.4403060004 0.6701698807 0.3782182467
4.650860367 1.73823879 3.658275205 1.170206376 0.9476682268 -1.480607337 -1.65816562 -0.6964912492 -0.448988223 -0.3019708761 -0.2699157825 -0.8021543997 -0.2999668569 0.6498454254 -0.7365279259
-6.348154186 0.5988350234 4.398881038 -2.880998576 2.03696391 0.5785656476 0.6392624569 -0.7167934602 0.4808015642 0.05233790649 -0.00369781403 0.01654134447 0.2226695445 0.03211073532 0.1318459907
1.29564525 1.021805896 0.01319485472 0.3233506861 0.456650282 0.8461653669 0.3003017928 0.3158845792 0.3552130912 0.2228717914 0.191121202 0.1809954503 0.001687638886 0.09393398797 0.08138586793
0.5582231889 -0.5290519605 3.977728001 -0.9609480846 0.6344601855 0.7561527667 0.5896459244 -0.4398449706 0.2173799634 0.5971055849 0.2385858813 0.0295139694 -0.2536038489 0.2916126909 -0.03787904149
6.315324391 0.719256239 0.9081250789 -2.282497753 -0.7637010142 0.480802229 0.2815425545 -0.5261838988 -0.4967026512 -0.9368594827 -0.2478674613 0.1460622199 -0.697854422 0.07864081757 -0.5430058899
-4.567812603 0.4066792571 5.242062078 -2.863374256 1.127479277 0.6711821869 0.5732706889 -0.5039332931 0.270182899 -0.0484518897 -0.1552678151 0.1719917162 -0.062483859 -0.01044161741 0.1699874859
1.733333246 1.455973294 0.4269987684 0.7616438943 0.8321061036 1.072052361 0.3205137348 0.1932356323 0.1291267019 0.03640746353 0.08176727847 0.0992747413 -0.07044274017 0.02709922207 0.1135981349
-0.9386054766 -2.374092533 1.939410409 -0.353553932 1.08863704 0.968279768 1.303054108 0.7212215741 -0.2576295672 -0.6121531765 0.4034100105 0.274213669 -0.17863907 0.6986504915 0.09876377226
5.936547144 1.305820478 2.327631317 0.7581156849 0.6491702071 -1.367839741 -0.8276379615 -0.7003900027 -1.025678315 -0.5052053619 0.06024423919 -0.1666070195 -0.8362888998 -0.2417248856 -0.02716908289
-5.941584719 -0.6705335426 4.231672642 -3.0413094 1.393310442 0.3404902374 0.9510656339 -0.7621367861 0.3027003562 0.2540030961 0.2906947877 -0.1391450113 0.1700439118 0.01170452352 0.1132957921
1.264663954 0.962602538 -0.06844190328 0.2827761785 0.3107716345 0.5389593604 -0.06234685011 -0.05261516591 -0.08063289465 -0.1234499893 0.03804127202 0.1336098368 0.02590593344 0.1161761609 0.1184675732
-2.390950729 -0.1057561746 5.296307549 -2.747422251 0.4861342806 0.3390492524 0.5463022669 -0.8734110363 0.3350480948 0.2790560219 -0.01595909068 0.03400060862 -0.03493995355 0.1690596987 0.1314113806
4.147757672 0.5081115994 0.7640929152 -2.122807337 -1.504690871 0.4831220654 1.122237128 -1.015376428 0.09662624588 -0.9867702136 -1.402307111 0.1031492627 -0.9397142313 0.3946466934 0.02794819811
-3.653699003 -0.8243490212 2.267635453 -2.835929687 0.9260870663 0.4416736885 0.9128385254 0.02301889833 0.4768845214 0.08360795819 0.07861497137 -0.04271564622 0.009901418646 0.2489301682 -0.05409288201
