6.706235824 1.247438236 1.343450531 1.592177619 2.041501973 -0.3441589974 -2.552684524 -0.336012608 -0.0792415386 -1.515530003 -1.864288699 -1.249556217 0.1258408553 1.037475107 0.1399063652
8.563394318 -2.122269368 -2.435568934 -0.2644370245 0.6167287381 -1.376833138 -1.568654967 -0.3329833323 -1.677466844 -0.3863655202 0.6381059618 0.4137362929 0.3125777128 -0.4092276457 -0.2339917877
3.659072022 -4.474467926 -1.191691197 0.4017621461 1.534581052 0.8725252633 -2.386543303 -1.57021668 0.1523817658 -0.3734168289 -1.285602111 -0.2174563686 -0.2112282687 -0.1242290066 0.1575457619
7.66240384 1.019389471 -2.985666817 0.3479403558 1.310847279 -1.81011991 0.04310099111 0.9427883501 -0.6726613641 -1.64882581 -1.53434059 -0.4789764108 0.06557267835 0.1192132517 0.03670945121
0.6497847834 0.4553999359 2.925843622 2.416785802 0.8954192845 0.03178216467 -1.585128021 -1.658945198 0.1740384878 -0.1193196491 -1.53738116 -1.275148179 -0.464630588 0.02231863889 -0.2778336619
5.802801317 -0.291244111 -2.781445605 -1.992833265 -1.575396299 0.04787370458 0.5517104593 -0.1228062236 -1.202358481 -1.334742232 -1.163971587 -0.4433171001 -0.04763412351 0.184748664 -0.2016804288
-1.750197755 -4.37464269 3.272388873 -0.1306817604 -1.122054298 -0.7842246927 -0.7176818332 -0.4433260812 -0.2127244759 -0.3302244477 -0.8429173543 -0.3679253378 -0.1492817718 -0.1427850597 -0.2888108272
6.907878873 -0.00829424278 -0.7944138337 2.547087704 1.852482419 -0.7187632652 -1.815708073 -1.6114317 -1.601301048 -1.144814326 -0.2063070398 0.08506186915 0.09751537154 0.0487959934 0.1511877709
6.128257569 1.738889532 0.5319225856 1.142165305 0.3733609967 -0.1339427906 -1.112357154 -1.267707319 -1.036494382 -0.7539434318 -1.01283872 -0.7283889991 -0.7103963571 -0.5800532896 -0.3602667328
8.244218554 -3.216473999 -2.789595357 -1.463899824 0.7302789928 -2.63639416 -1.157066264 1.666596512 -1.859650936 -1.074254259 0.2750111649 0.1995834525 0.4274254115 0.3880799398 -0.1142989757
3.043641782 -4.74896098 0.2046196307 0.1111082196 -0.02027799916 -1.895490183 -2.93615594 -2.194806982 0.6286076078 2.053290817 -0.7022818708 -0.4353766642 0.1999658811 -0.5195791375 0.02920018229
3.33742949 1.443853462 -2.82184317 -0.238396582 1.715838142 -1.170702528 -0.1739205403 -0.0116030675 -0.4857601879 -1.507438603 -1.409766236 -0.1029181182 -0.1261143738 0.2109271678 0.04974664257
0.6032656016 -0.09445421789 0.3000900391 -0.991613645 -0.7769067656 -0.3155707147 -0.709715537 -0.7350914831 -0.6032558114 -0.4283064568 -0.5156706816 0.2659005675 0.3312798206 -0.1267452654 -0.3854481114
6.44050661 0.9198675783 -2.46872789 -2.849598006 -3.040946719 -1.729682891 -0.5407940546 0.412443009 0.3895910526 0.1061910912 -0.3435686407 -0.1739147636 -0.3113782763 -0.3602752921 -0.3331700687
-3.72933754 -2.142575291 1.906833314 -1.049774379 -0.3334043202 0.2657749575 -0.7591872411 -1.158572023 -0.09435746476 -0.02542842257 -0.8331560524 -0.02350239052 0.2594641535 0.05426751981 -0.1421476147
9.257814304 -2.658682218 -2.481314485 0.5132649982 3.757534724 -3.673414195 -1.381868568 -0.9455372656 -3.026625035 -0.6723211433 0.03300524858 -1.057689862 0.179289156 0.4261607684 -0.2416597015
5.858902567 -0.7932988629 1.456252406 1.110752627 0.7340965787 -0.4110563895 -1.618839997 0.1447069292 0.0121961247 -1.443754245 -1.595021878 -1.011451973 -0.6551997499 -0.2861133418 -0.06869686235
9.515366962 -1.72446071 -2.956021038 -0.5713944053 0.6015616887 -2.479720637 -1.167735218 1.286801725 -1.609604879 -1.463239659 -0.9924885387 -0.3207481741 0.3896640344 0.5765415639 0.5607291037
1.211232829 -2.727285983 -1.555439016 0.7741488692 0.9805510866 0.09711355638 -1.833866768 -0.8857525625 0.2313958811 0.4530158051 -0.6045240033 -0.931162194 -0.5058429238 0.07658561674 0.1013594398
7.007017675 -0.2832609744 -2.537757689 0.05086999026 1.148793479 -0.7650920527 -0.930512536 -0.1067279218 -1.076418212 -1.566031331 -1.43972337 -0.6977069799 0.201181673 0.437078321 0.2663454811
0.3020229234 -2.217007227 2.574458662 -1.077072763 -2.576749858 -0.5726197383 -0.8511884648 -1.201393359 -0.8847257764 -0.1631512952 -0.1364351608 0.4321056753 0.1773468611 -0.1708166906 -0.1510688001
6.033613445 0.974343737 -0.9982616015 -1.288516076 -2.037270665 -1.646452631 -1.530263237 -1.491196863 -1.27397586 -0.2760824179 0.1345815605 0.4040592394 0.2139371948 -0.08587652779 -0.4186858014
-5.311299343 -3.299666241 2.687499958 0.6006629089 -0.9165567321 -1.06471473 -0.7082584956 -0.422078584 0.1011303125 -0.4109731909 -0.7473264945 -0.2739536122 0.07946215311 -0.4417019574 -0.4254943083
6.410537146 -1.656953046 -1.773088277 0.750678898 1.974778777 -1.602334146 -2.121326087 -1.36335944 -2.37656219 -1.055410049 -0.2094020413 -0.2587484661 0.2548205395 0.1592380822 0.2179592928
3.249894269 2.160157196 1.099092239 0.3260257612 -0.05126919032 -0.6550432138 -1.478233549 -1.07448863 -0.7042046181 -0.3835975945 -0.6776517257 -0.3086500874 -0.3086764443 -0.2060379788 -0.3780744977
6.686097981 -3.044701435 -3.223762329 -1.064117577 -0.1224802605 -2.277561471 -0.867366405 1.074875956 -1.680430677 -1.056710509 0.08168841872 0.3167391386 0.4310969852 0.3263207043 -0.1315456998
1.663445269 -4.14424921 -0.823915918 1.216893675 0.258396139 -0.670318927 -1.657275419 -1.847351172 0.1285658325 -0.09617561878 -0.5951381024 0.2548841055 0.008746897952 -0.2238842155 -0.06466051395
2.222834436 5.555658459 -2.312575674 -1.80552187 2.14384824 -1.338758262 -1.013975293 -0.7296772005 -0.5897641453 -0.3864158526 -1.693027763 -0.2090278992 0.9172671804 0.8721599548 0.0971585345
1.298984352 0.4011392463 -1.781721288 -2.325904289 -2.164933923 -1.154964928 0.09621382783 0.1757454263 -0.4900504663 0.01300944218 -0.1742662137 -0.4079866591 -0.4155578889 -0.3645521879 -0.4597154695
7.376771208 3.563157721 0.4715110501 -2.280619537 -0.7544524932 -1.60479935 -1.413915716 -0.09407568205 -1.116564274 -0.20876024 -1.090220965 -1.006648782 -0.3488600757 -0.5956000349 0.2580695803
-6.031397974 -2.759675527 0.4291156535 -1.556229955 0.4058071726 0.3686317985 -1.427094901 -1.83258986 -0.8774978654 -0.5004440905 -1.350269256 0.03685252685 0.8049499075 0.3753495403 -0.8871356414
8.198292848 -1.944089554 -2.614839019 1.509521376 2.752340093 -2.124411213 -2.114445553 -1.573140199 -2.560798739 -1.149093343 -0.1719905328 -0.2901655763 -0.01908217858 0.08107398826 0.3429996643
