8.378313276 0.7250356855 0.3685185427 3.749988719 2.696024686 -0.672907727 -2.633857956 -1.248412634 -0.0234494653 -0.5710826888 -1.710746796 -1.011399123 0.009786936461 0.07396662755 -0.9240047257
4.952006626 2.751380863 1.163202893 2.023373653 1.400143396 0.7073713142 -0.661290806 -0.2273025772 -0.4555996208 -0.8015676466 -1.053646247 -0.9876055131 -0.5468654295 -0.7017006682 -1.117045205
12.04254453 -4.791051164 -2.942590097 0.4567440437 -2.202549281 -1.455724942 1.198350796 1.035724677 -0.1223798226 -0.3215572729 -0.7592391168 0.1568601921 0.3656144967 0.2388506456 -0.3263469876
2.529509812 -1.522512358 3.327473271 -2.56753444 -1.819919389 2.031846702 1.243628287 0.3808160591 0.6950192699 -0.6399981915 -0.4597106411 0.1477287153 0.3598939078 -0.0384997596 -0.2866704953
8.379619668 -3.071068321 0.1446164573 5.027865863 0.9370662644 -3.272133569 -1.909260557 -0.4027105844 -1.241709741 -0.4833433335 -0.3164514472 -1.80332305 -1.301276623 0.9253318117 1.104348456
3.520262006 0.6306981348 -0.4918398542 -0.1503069094 -0.2974072755 -0.3989613693 -0.8919651347 -0.8766402431 -0.544863901 -0.02925675808 -0.3549840495 -0.006241210784 -0.4395209696 -0.4625761724 -0.3308516964
7.874150851 -0.2336512862 -0.6821487304 -0.5819595041 -2.293462032 -0.7184061635 2.548899839 1.211529804 0.3201508217 -1.110464595 -0.2328457783 0.3905586229 0.2239257872 0.5111002252 -0.8022777735
-5.200967312 -2.064031724 4.743115509 -3.254635365 -2.602859051 0.4673677035 0.02308940088 -1.084579569 -0.08961739976 0.3175134364 -0.2708108823 0.134034656 -0.2083120409 -0.5001608337 -0.5374069822
5.957910423 1.775959343 0.7148701672 3.083725692 1.826922094 -0.6703048392 -1.982683533 -0.6126903511 0.3251942802 -0.6218144034 -1.915511477 -1.346784784 -0.1474226285 0.07372405261 -0.9465755665
5.765820382 1.128262948 0.3949052874 0.8477342434 0.4173894342 -0.3019537633 -1.082974052 -1.045505246 -1.042207708 -0.4285985357 -0.429497712 -0.01186287578 -0.3845411872 -0.4590809783 -0.1962305549
9.641507132 -2.291221493 -2.184001074 -0.1147339658 -2.38123476 -1.100779519 1.367508303 0.7203126059 -0.001709404193 -0.6878527901 -0.6913411964 0.3748361815 1.085514754 0.3973654061 -0.6906776344
-0.05232903122 -0.9289838209 3.669905965 -0.7618314824 -0.2308574785 1.627762662 -0.5701964757 -1.712150083 -1.156201226 -0.8677582417 -1.014644833 0.3535657746 0.3053667821 -0.3493000262 -0.8028634381
5.291009852 -2.740818183 1.086783863 4.281334041 2.187594773 -2.062391289 -2.633126321 -1.052443284 -1.529262965 -0.3774821069 0.09300653026 -1.187086792 -1.108662977 0.1322350813 0.7689319266
2.653556098 -3.861330182 -1.437217513 3.628889864 -1.164021022 -1.08350358 -0.6229881328 -0.5976890976 -0.8336382562 0.5739081912 -0.5889811554 -0.4160330062 0.3409331551 -0.2273434649 -0.3462647324
6.547664543 -0.1506782591 -1.938021875 -0.9665655304 -1.910790157 -1.76933657 -0.4311924077 0.8490844805 0.1622906657 -0.5487914451 -0.2995740757 0.2138772299 -0.1714722892 -0.4725064984 -0.4805368632
-7.621524645 -0.8718860717 5.096282717 -2.846241896 -2.357993659 1.026037093 -0.2130789378 -1.239691965 -0.5194081022 0.2532573421 -0.5926888322 0.0329517933 -0.4308387251 -0.4127706294 -0.4171271093
9.516119391 0.6637483719 -0.0433433345 2.64660171 0.6709131158 -2.294964455 -2.149251855 0.2662921179 0.6539652328 -0.533570876 -1.580625275 -1.392700203 -0.6376815012 0.2849170475 0.2740565263
1.182173602 0.4933142795 2.403622093 2.615135203 1.498361034 0.7904474295 -0.9129682309 -1.182446572 -0.6945990098 -0.7402739424 -2.221368599 -0.8355456699 0.3710909628 0.1174301766 -1.603159298
11.15900937 -5.38331106 -3.171975242 0.4368261853 -2.427518686 -1.852095868 0.9289071959 0.7981606823 -0.4750354543 -0.6057230867 -0.6976128187 -0.08034593804 0.3777716755 0.2112539803 -0.2312827689
0.1878749691 -2.668300664 2.582132249 -3.458769577 -1.64609397 0.5512973701 1.15812825 -0.6597101829 0.1528244954 -0.2028828911 -0.4229348909 0.03095620723 0.2635819746 -0.1453780555 -0.2327716514
7.985840013 -3.479941208 -0.01334257813 3.244962265 1.746657428 -2.722919468 -2.290467515 -0.3714639331 -1.64121659 -0.1557082116 0.4315903606 -1.47437786 -1.121649285 -0.1132952881 0.6342898377
4.970122846 -0.7450624049 -2.22305431 -0.3379325308 -0.1271854179 -0.3506888047 -1.511763148 -1.465589187 -0.7013795526 0.3931752264 0.2976532057 0.2578002287 -0.2876214681 -0.5267291743 -0.3699306299
7.793395651 -1.084210646 -1.495822747 -1.040680445 -1.779112846 0.3691518682 0.907099738 0.2142678234 0.2644097712 -0.7732673572 -1.606429258 -0.03761737716 0.002976733532 0.6314986963 -0.2161687603
-7.39706825 -0.6541666914 3.487819004 -3.555565405 -2.15195262 1.560113732 0.5986021431 -0.3811037896 0.09077964151 -0.6364476769 -1.727067595 -0.8893737464 0.1027638247 0.2070691171 -0.3394202564
4.92542137 1.006114084 0.882103775 2.913120429 1.92363358 -0.1901877015 -1.660297675 -1.071371245 -0.2945638692 -0.8017199604 -1.451823725 -0.8794654799 -0.05495660926 -0.1564025207 -1.106537839
5.66591204 1.489952607 -0.1307314051 0.05833396755 -0.6473824993 -1.286153675 -1.714363566 -1.995521612 -1.798187447 -0.9289810258 -0.7725064108 -0.8644665095 -0.8440880235 -0.21634606 0.04968973588
8.393538436 -3.439938523 -3.013243271 -0.03453494983 -2.117660036 -2.03150924 0.5795544861 1.193835616 -0.3963291036 -0.9293557205 -0.374249524 0.1598933618 0.3903407671 0.2566459894 -0.3468019644
0.890452557 0.3374928549 -0.2718160181 -1.331813847 -0.9402223768 -1.311576868 -2.378276796 -1.521820547 -0.2592950091 0.2044203923 0.03611591038 0.7235673263 0.2240356233 -0.002074739188 -0.1155021309
6.880516963 -4.432751347 2.335557385 2.610792109 1.852874127 -1.784817091 -2.645043249 -1.025688927 -2.111629571 -0.3611029283 0.2053568592 -0.4957388962 -0.4805206935 0.1794587842 0.5198430444
0.2416971764 -5.681865435 -2.294210117 3.425611556 -0.8584099067 -0.1704306957 -0.9400592431 -1.309366177 -0.6463960122 0.41815957 -0.2478129167 -0.2432394397 0.4938932534 -0.7897375136 -0.08513214607
5.926062116 -2.362550811 -2.50871911 -0.9340381928 -2.310061103 -2.883244537 -1.36356268 0.7077900845 -0.4856186498 -1.202451132 0.09032628575 1.135085783 0.8159446721 0.1410557111 -0.6823655944
-7.25117512 -1.921513973 4.09739116 -1.169032506 -1.887476052 0.2211010527 -0.3180242761 -0.9887002745 -0.2356355966 0.08288045803 -0.4864586013 -0.6971724029 -0.4080452477 -0.1661520063 -0.2571799815
