6.991921525 -2.923885533 -4.451719221 -0.8542242151 -1.551534143 -2.829199839 -1.336200059 -0.4208543104 -1.017160732 -0.4524800606 0.5559979012 0.5636642564 0.3178675072 0.2712311386 -0.2523117789
-1.34036775 -0.1791488802 -0.9109708162 -0.6059940874 -0.6336463677 -0.5269326798 -0.4162895618 -0.4075302586 -0.4900454347 -0.4454486462 -0.2613217332 -0.1192590474 -0.06816783379 -0.1006356981 -0.03097645886
5.290763033 -3.27615387 -2.237222319 2.396753932 0.09292798899 -3.590023122 -3.036384602 -1.507904847 -1.674025876 -0.8616454373 0.1348729282 -0.3024284523 -0.3859395958 0.3014445858 0.4713454882
-0.9602638037 -3.21955757 -0.8998481428 1.957168904 0.008839505603 -2.00796093 -1.067789254 -0.3161255788 -0.6353061733 -0.5380340414 -0.9217455055 -1.215033167 -0.2306474333 0.3102459697 -0.1014048254
5.670487354 -2.019160685 -4.453928243 -1.677329207 -1.395700745 -2.275866008 -1.70489591 -0.8447438552 -1.035732791 -0.8892403569 0.1338847639 0.7084340959 0.6260636222 0.2462391689 -0.302580772
-2.328525409 -1.126490232 -1.86458291 -1.462184224 -1.247664968 -0.9836376073 -0.749613258 -0.5781790051 -0.5507990245 -0.5101576205 -0.3874558018 -0.3043930472 -0.2370721489 -0.1517417668 -0.02088291645
2.44767504 -2.815771956 -0.02144820589 4.07455251 0.3495831795 -3.860830526 -2.915925662 -1.171079179 -1.574820713 -1.493466081 -1.221261071 -1.314416354 -0.5837895422 0.03634833497 0.08414606345
-2.614390839 -5.583180596 -0.1659818294 1.070763312 -2.255499633 -2.371477397 -0.3609362981 -0.316370752 -1.102268364 -0.7704652959 -0.1259869681 0.08792149072 -0.05186881605 -0.1275535007 0.1349946247
6.12638454 -3.201841111 -3.965990282 -0.1298773992 -1.290837724 -3.226051117 -2.144251602 -1.150265527 -1.555057901 -0.7513191048 0.5835874401 0.5731653923 0.2376797141 0.1347717553 -0.1361122314
-1.389373288 -0.3149017758 -1.342356751 -1.272584625 -1.318989957 -1.160188127 -1.034771906 -0.8762140693 -0.9116354421 -0.7271684039 -0.4578428852 -0.2253705963 -0.1085017347 -0.0989758884 -0.07385526424
3.872492833 -3.260695118 -0.8659500712 3.72436332 0.2822198584 -4.090957118 -3.259883242 -1.47613547 -1.745234811 -1.03904483 -0.2736377463 -1.000892078 -0.9662420089 0.2026853723 0.4798643426
-2.066096302 -3.155856474 -1.959724742 -0.1437605001 -1.29727663 -1.837676691 -0.8260195578 -0.409659097 -1.009908199 -0.9214892834 -0.06099794025 0.06316563687 -0.2367224524 -0.2385610363 0.1240214518
4.505249346 0.0364961726 -3.425722749 -2.55781344 -1.81286276 -1.814130148 -1.484921624 -1.356065324 -1.433051207 -1.102510706 -0.07704648961 0.7641308649 0.8087878821 0.144703443 -0.3740322909
-1.958925676 -0.8704084102 -1.799252059 -1.588757363 -1.550835589 -1.330196926 -1.121723775 -0.9557862566 -0.8883030107 -0.7429833339 -0.4372753008 -0.1658056629 -0.03854276745 -0.0501357673 -0.01742015042
1.168293388 -2.229405014 0.06085752638 3.13018955 0.1442200756 -3.378849679 -2.341343547 -0.6287077007 -1.346911639 -1.963090287 -1.413634955 -1.102513175 -0.6816901801 -0.2087334752 -0.009519346509
-4.509494856 -7.149845716 1.020330952 0.9040845126 -1.993807214 -2.419683959 -0.1833770521 -0.2169628708 -1.01357325 -0.696569556 -0.5297733561 -0.172793157 -0.2894720734 -0.2293796238 0.3783317844
6.872482227 -3.597933236 -5.101480279 -1.167399301 -1.808520149 -3.182303385 -1.62624416 -0.4657895042 -1.288807593 -0.789470234 0.4321362113 0.336937018 0.04493173637 0.1475407604 -0.3414757861
-1.801094449 -0.6630356974 -1.384568328 -1.003935354 -0.9201619724 -0.7518591461 -0.5647394797 -0.4432439861 -0.5010628314 -0.4221551266 -0.2247978591 -0.09116542776 -0.06135647373 -0.02664176379 0.03693435913
4.348227124 -3.021446457 -1.906335388 2.055352894 -0.4073719822 -3.943232644 -3.424959024 -1.969348483 -1.89379857 -1.058814538 -0.04214360696 -0.6238645777 -0.7329315029 0.06303381934 0.3722572155
-1.505473002 -3.607429481 -1.384486067 1.44358071 -0.8519836312 -2.935349373 -1.204638534 -0.3281241359 -1.173047963 -1.023294793 -0.4787364461 -0.7395056721 -0.294556395 0.1089234152 -0.1102891499
6.089942429 -3.391439841 -5.535036207 -1.576130824 -1.345738624 -3.043845085 -2.126308512 -0.6444649005 -1.039050634 -1.13208286 -0.1957092171 0.370126297 0.5185289994 0.08266675802 -0.4647092582
-2.549405436 -1.391141337 -2.029737616 -1.519560635 -1.381282836 -1.152418956 -0.9395683053 -0.8548136709 -0.822999468 -0.6539244223 -0.3050019774 -0.04012303775 0.08509597589 0.07966143128 0.1201667883
2.22698722 -3.435003938 -0.1930568815 4.154212332 0.2355233668 -4.244919224 -2.825673214 -0.7261746348 -1.693533523 -1.940315715 -1.341153244 -1.423865709 -0.8695037695 -0.04014253235 0.1811629756
-3.083947013 -7.089162245 -0.2118731016 0.5343548258 -1.810081941 -2.497562288 -1.0599832 -0.4214343111 -0.9789974652 -0.7218615393 -0.1762542516 0.1682201348 -0.2250259382 -0.2612692783 0.4655120908
6.019996286 -3.360410497 -3.24412576 0.9341976578 -0.7858092488 -3.551348799 -2.638780996 -1.410839023 -1.730077037 -0.704950015 0.3662669311 0.05490122617 -0.1021718459 0.1926311903 0.09233687179
-2.153327567 -0.8480742072 -1.493788661 -1.131315099 -1.109604671 -1.036071653 -0.9939932591 -0.908448446 -0.9144311226 -0.8601708526 -0.6040818807 -0.3752094141 -0.2161921259 -0.1376599844 -0.02970847897
3.524538476 -3.823663612 -1.316161963 3.807176456 0.6268415133 -4.342785942 -3.601070124 -1.452589475 -1.768475594 -1.572018627 -0.923972298 -1.275041663 -0.9134462213 -0.06880447609 0.2878464068
-2.144800976 -4.322298672 -1.330870387 0.5629589465 -2.065056428 -2.390746411 -0.7275632321 -0.4352538453 -1.15279518 -0.9102930005 -0.1322977569 -0.2995888708 -0.4131505343 -0.0795058749 0.199095294
3.011002831 -0.6391171793 -2.610316212 -1.344833747 -1.537495335 -2.192396582 -1.910364426 -1.510348251 -1.882817637 -1.799218891 -0.6036064135 0.4138355511 0.6421800985 0.101930143 -0.6984822892
-2.443966064 -1.207846915 -1.910795637 -1.609598382 -1.53531744 -1.265384051 -1.148731237 -1.031441294 -0.9892461355 -0.8730384377 -0.6527952698 -0.5094878012 -0.3303073918 -0.225852844 -0.0871112613
0.2133516697 -2.715781874 -0.130912949 2.896200986 -0.07155547997 -3.01188592 -1.422796114 -0.2433204676 -1.3984508 -1.920471994 -1.417205016 -1.223084866 -0.8508836314 -0.1907130428 0.0118249416
-3.649048474 -6.157668652 1.006904722 -0.03279679851 -2.902409674 -2.586317112 -0.4509518758 -0.4311672945 -1.508458949 -0.7062159889 -0.435259949 -0.4020158053 -0.5482997001 -0.3384747942 0.3306764458
