6.686173481 3.839381193 0.4657738213 0.8383007026 0.133932356 -0.5594009299 -1.027436558 -0.5566870728 -0.1877539135 -0.2144358662 -0.2072675557 -0.02944778362 -0.1514795277 -0.1898472328 0.2536709252
3.937042673 2.860198189 0.07832983794 0.8946368062 0.6575380784 0.5438143066 0.5018927143 0.7870964477 0.5654395267 0.3129732482 0.282912647 0.3750521034 0.2536431508 0.1000677202 0.1177611034
6.751099412 2.956332208 -0.3492985153 0.7874393661 -0.2480027896 -1.844373078 -1.735539476 0.1355758783 0.5933242148 0.1545525257 0.137950045 0.545274126 0.5034933718 0.1188181154 0.1953959625
1.542717701 1.598517402 0.8553799861 0.603758672 0.8342990857 0.6377245676 0.588357465 0.5975387052 0.5619672931 -0.2510660659 0.6545267252 0.2079009895 0.01060708797 0.4956683769 0.02308854984
4.993539676 3.59987899 0.4678531916 0.86145341 0.5455449307 0.1531609764 -0.2349292357 -0.02388642795 -0.1228410948 -0.1821217352 -0.1211909896 0.09003491961 0.07744147932 0.08049761857 0.1730336787
3.22903124 2.303887763 -0.3487191282 0.4164758602 0.1384936945 -0.02541991263 0.182179808 0.8035263474 0.6996829079 0.4527027219 0.4234586235 0.5471604036 0.4026304805 0.1933248292 0.1418667897
7.73265314 1.960550177 -0.5599926786 1.682186288 0.934722799 -0.879188214 -1.633208559 -0.5495580305 -0.2311021787 -0.9426752617 -0.7217759279 0.1663629643 0.06223457986 -0.3103522978 0.2346503566
3.29785812 2.222960416 -0.186876998 0.6110058174 0.1744674311 -0.08435809362 0.07764923428 0.6714566659 0.3053301815 -0.09851175808 -0.1098471112 0.06537581766 -0.0306878274 -0.07458376769 -0.0425311404
6.364138074 3.301053569 -0.4220624717 0.1690475302 -0.1218911136 -0.6066006632 -1.051472309 -0.5351642103 -0.3821648081 -0.5076795381 -0.6483601295 -0.2336700222 0.1507891485 0.434394926 0.4115434751
3.496389584 2.477196483 -0.0347820128 0.89092042 0.7880857896 0.4431726602 0.1120636866 0.3143254978 0.2544779726 0.256320316 0.3624719945 0.4384603872 0.2569222972 0.1371189577 0.08453372699
5.077638438 2.819858267 -0.4120714634 0.3748057 -0.1346997541 -0.9087584628 -0.8214998622 0.170716748 0.4054781725 0.4209286983 0.4455650213 0.6239049436 0.5078080515 0.243641924 0.2519750979
3.319423357 1.610827404 -0.4931896101 1.094757064 0.9322240447 0.496897844 0.3051243039 0.5419619392 0.1686954283 -0.05275073277 0.05145237608 0.2107671125 0.06320031565 -0.04941243315 -0.01927413595
3.927211037 2.733730688 0.02964337143 0.9139639674 0.5561330956 0.08546790411 -0.07079938993 0.2685803279 0.1951750915 0.08485731327 0.1242128497 0.2759156104 0.08655926578 -0.1269900918 -0.1622729807
3.807003054 2.650982582 -0.3963469035 0.2758035919 -0.008117257873 -0.2198727679 -0.218885037 0.3156359934 0.3617295015 0.231911959 0.2127192419 0.3214646683 0.1668751821 0.004502949894 -0.05475701387
7.91061843 2.331153428 -1.40187098 0.5448915461 1.086564423 -0.1583301928 -1.473143256 -0.8301519179 -0.2971684039 -0.8229307562 -1.079762039 -0.2545721869 0.3588815755 0.4805854354 0.4071269501
3.247658636 2.117292916 -0.6300799656 0.3118321804 0.2209921155 0.02155556093 -0.1428654203 0.1659686224 0.1763868608 0.2499686682 0.3386113352 0.4304493625 0.3528067167 0.2293181013 0.1366514846
6.638177007 3.243402911 0.1262931796 1.104185211 0.112386788 -1.111379202 -1.175690943 -0.2379176767 -0.1582637575 -0.4979781235 -0.3770634664 0.03764900421 -0.3081675123 -0.4003792901 0.160428868
3.563734991 2.512675719 -0.2671498807 0.5461970783 0.3957789766 0.3089333825 0.3346698446 0.7330632224 0.6051714388 0.4264370163 0.3252401312 0.3587508683 0.1048218941 -0.1222457025 -0.1048578924
7.516980558 1.602359411 -1.222449428 0.7854732858 -0.1676635239 -2.231605178 -2.27132845 -0.08203946437 0.7002439556 -0.07413360512 -0.1642830748 0.4389090118 0.2820359209 0.05186706157 0.3701622485
2.150452357 -0.5460410758 0.9230899511 0.7901869012 0.1884970007 0.5173487039 -0.1781105012 0.4356567176 0.4890155771 -0.0101827051 0.289487779 0.2337264765 -0.05405356024 0.1965090343 -0.1085027551
5.666318092 3.062854391 -0.1378121311 0.7427244762 0.6476189791 0.2762445129 -0.2350450367 -0.2522931703 -0.4689642237 -0.5054042682 -0.30066667 0.0712144736 0.1744388784 0.1137532562 0.1487933432
2.815726357 1.83372598 -0.6113386819 0.3413071404 0.2856943796 0.1814929934 0.1140610683 0.5698818149 0.4895982514 0.2166196228 0.1795730495 0.2899408846 0.1620623715 -0.04446572659 -0.08668432422
7.167359945 2.108405278 -0.004406438061 1.458433925 0.3457551897 -1.182882123 -1.618618872 -0.4362453953 0.01743696121 -0.7604628352 -0.8054371076 -0.0272125233 -0.3302938501 -0.6926479404 0.2993529504
3.365196897 2.130743441 -0.573547581 0.4760188837 0.4147225713 0.1236708206 -0.1095212716 0.1007603471 -0.05227471406 -0.1072280926 0.02380865526 0.1343474449 -0.0260604214 -0.2014515847 -0.1514031402
6.202229471 2.317614144 -0.6999985778 1.03052586 0.908926173 -0.259230019 -1.154605886 -0.7371247874 -0.4352182976 -0.556888493 -0.6830500736 -0.3738021532 0.04929736294 0.3378663242 0.4101337566
3.214254241 2.237050803 -0.1366031291 0.8078537585 0.4150905844 -0.09749140495 -0.246375614 0.2872941963 0.3627783291 0.2575812439 0.2931100722 0.3779673911 0.1126233023 -0.1424918076 -0.1088233813
5.823619217 2.902309366 -0.6714713586 -0.09698142 -0.8147653172 -1.590257079 -1.40313811 -0.2268065705 0.1898961664 0.08533068679 -0.01048251774 0.2652541268 0.2504095123 0.1774695631 0.2544369041
3.081752565 1.264900678 -0.7309519064 0.8808572953 0.5823706043 0.0733159595 -0.02902169599 0.3016128136 -0.03305244928 -0.2616393012 -0.1627826731 0.1115155908 -0.03899862763 -0.1366476782 -0.02497460206
4.612898964 2.662124439 0.1748924606 1.114265584 0.4146001946 -0.2499837694 -0.3101999229 0.1205380771 -0.2236464173 -0.44266427 -0.3017083155 -0.1675803287 -0.3148305586 -0.344409175 -0.008391498521
3.678887114 2.341227382 -0.935503654 -0.1802245489 0.07094385263 0.1817687873 0.1524568065 0.5415836991 0.4161639301 0.1625033175 0.0291097947 0.1202553987 0.04880895937 -0.02915227026 -0.02676158564
8.135430262 1.883373906 -2.023218633 0.288411208 0.3894800029 -1.341832282 -2.332843169 -0.7206739027 0.4428732726 -0.1975336043 -0.623723103 0.1763310021 0.4766903278 0.2208468586 0.2209969258
3.072173995 2.007907423 -0.6894343956 0.09118253113 -0.2259741304 -0.4695912682 -0.363469959 0.3023423288 0.2043892903 -0.006027781791 0.004468661484 0.1323631182 -0.0198494363 -0.1636996548 -0.1478770897
