3.704120819 3.095779907 0.558005206 1.327386023 1.200160003 0.9153388491 0.7872511553 0.9255145806 0.5597186791 0.2141283863 0.06339574121 0.08421069273 -0.03104052629 -0.100073034 0.04845004755
6.653378291 0.6012854372 -0.3947836501 2.35708494 0.3546920937 -1.519809056 -1.421348863 -0.5718540224 -0.4623091673 0.2237329193 1.003045718 0.3937281015 -0.2452689517 0.3028651127 0.5911567653
2.296721677 1.773983174 2.029685636 0.1826733851 0.231633913 1.373366943 0.3021218199 0.442309786 0.9845615358 0.2357195161 -0.1760768156 0.3258786274 -0.005100152296 -0.04851487543 0.2253648587
7.656014637 0.2457713163 -1.666102568 1.375516136 0.2357504327 -1.368547613 -1.02787542 -0.1663503862 -0.02894159012 0.7074247421 1.52708263 0.8461618505 -0.2897392844 -0.1979060422 0.05474342024
3.365786877 2.606342149 0.02921138881 0.9132772576 0.9392065645 0.8381115735 0.8454192208 0.9830555663 0.6036876229 0.3285177081 0.289747299 0.2852801371 0.08818869294 -0.07154487373 0.06427540253
5.623861117 0.4884718035 -0.06686352015 3.087701925 1.077610566 -1.168060499 -1.070594907 -0.685365618 -0.4649857721 0.4584880572 0.4073133626 -0.856026316 -0.7690875158 0.7588129584 0.8724704158
3.17601003 2.414360767 -0.2015422217 0.6448135563 0.6102652297 0.4289023607 0.4124309215 0.6647581317 0.4282577938 0.2046955115 0.2154557693 0.3172327056 0.1973584704 0.05412496205 0.1101636416
4.340649782 3.609180025 0.8264659941 1.350069642 0.8536241693 0.368360769 0.2162964273 0.523326523 0.3026416711 0.1101999449 0.07121935865 0.1471284615 0.1877003115 0.155642304 0.2356501867
3.436348394 2.680648733 -0.04413443574 0.8377993364 0.8688927931 0.68688689 0.5559163776 0.6581047717 0.234717115 -0.1107278396 -0.1388264169 -0.03953900428 -0.1406212772 -0.2047795616 -0.09669322154
6.827854251 -0.7521878476 -0.8391934745 2.664750044 0.06864864517 -1.860249249 -1.444377003 -0.7120603754 -0.3237451597 0.7874408861 1.276769108 0.2968256436 -0.4640545589 0.1417607178 0.3887003647
0.88747132 -0.3193433304 1.732353522 0.1332111778 1.471754675 0.3072408319 0.526573825 0.9197896402 0.3535422054 -0.2120925383 0.4895357461 0.336056626 0.1793487003 0.7044172565 -0.4305118162
7.505344636 -0.1960959329 -1.272098422 1.124032732 -0.4644517274 -0.9778823709 -0.1083535488 -0.4029643301 -0.4815946509 1.545032188 1.966976417 -0.0790471169 -0.7026603446 0.2268988168 -0.1788572254
3.072993162 1.463164246 -0.1609043132 1.378031127 0.949699386 0.4160554552 0.4575929297 0.7042552288 0.4384649479 0.1526614352 0.210924465 0.2327090075 0.0001869638853 -0.0287674917 0.1180640163
5.729886979 0.09920626751 0.3530000211 3.493044329 0.6838042582 -1.780606387 -1.079084005 -0.1398066803 -0.3387727335 -0.04088134662 0.3867793164 -0.1610814836 -0.4641016428 0.630447715 0.8435820951
3.087953531 2.373955128 -0.3347373572 0.4394018916 0.4434922902 0.3101169926 0.3590927644 0.6412719306 0.3300624704 0.02811668886 -0.1490154779 -0.2360007386 -0.3926826414 -0.4046245365 -0.2247003883
6.929115939 0.961169873 -0.9978041517 0.5900807479 -0.7517940792 -0.9667994096 -0.3049572029 0.1278312996 0.2140614281 0.376782548 0.6535505553 0.477447011 0.150485044 0.21919949 -0.3517426181
3.032975338 2.673088879 0.4280745253 1.229071142 1.010489915 0.6624489355 0.4952965375 0.6690974292 0.4088307583 0.09003944283 -0.01445343973 -0.02491319092 -0.09762991702 -0.09014849749 0.0494598834
6.279157165 -0.282117316 -0.4553697998 2.92778275 0.3123961317 -1.944436073 -1.281173963 -0.3775648458 -0.3925891325 0.1966502294 0.5213986376 -0.2104141742 -0.5033690397 0.5004518014 0.7213927737
2.477168792 1.603911043 1.155040961 0.04321499943 0.04369822879 1.212597827 0.248278228 0.2725526668 0.7937588825 0.02246521012 -0.277064538 0.3180692762 -0.2112192732 -0.5047106313 0.009970113565
7.771268701 0.1914391792 -2.196387938 0.4722562581 -0.3110162642 -1.441081893 -0.4575477682 0.3987763888 0.09306568044 0.1489254095 0.9734484779 0.9643368382 -0.09767646446 -0.3052493294 -0.5142832637
2.771922214 2.149622741 -0.07582795638 0.9480194896 1.007738707 0.8251308587 0.822633931 1.08316008 0.6982553941 0.2576249096 0.04026672446 0.05738254134 -0.09669923281 -0.2140492146 -0.1164948658
4.158770662 1.196579557 -0.1288371686 1.967045829 0.9869560623 -0.1586519102 -0.4500821298 -0.2706504593 -0.07546219249 0.1673500699 -0.002362103753 -0.5778307994 -0.5732205441 0.1948740322 0.5221441892
2.97559123 1.997210692 -0.7205094694 0.3035298749 0.4881421303 0.4083483028 0.5218326814 0.8394174004 0.5031623259 0.1753108957 0.1046998859 0.1039514387 -0.07348605882 -0.1593224826 -0.08972696123
3.71413675 2.826758972 -0.02064273251 0.6676709869 0.4549657934 0.2862678738 0.4670410843 0.9274787812 0.7156616791 0.4242829464 0.2345297009 0.08491118214 -0.21648409 -0.385078631 -0.2126338704
3.109659508 2.607180816 0.005920887793 0.7203786786 0.5392263481 0.2199577134 0.09113690445 0.3467015061 0.1519550925 -0.01429239762 -0.03715919336 -0.03056225769 -0.1242205736 -0.2054229513 -0.09698804491
6.901539053 -1.784714196 -1.262472181 2.451228595 -0.283071349 -1.768359441 -1.046455591 -0.6479826694 -0.1779085593 0.9461283457 1.378903888 0.4475933037 -0.4752409309 0.01295589023 0.1396408976
1.750058248 0.7508548569 1.861094583 0.2295309487 -0.3156361806 1.491304313 0.3761720856 -0.07380232535 0.7172677365 0.01786274331 -0.1969998569 0.1976862933 -0.2511483592 -0.1979470269 0.09415996404
7.341121078 -0.7864375911 -1.79714562 1.129128956 -0.672398336 -1.333201444 -0.3316855093 -0.04706192976 -0.1620738616 0.7818990497 1.165489569 0.3139654222 -0.3443374719 -0.1075963824 -0.48559868
2.701642921 1.924270847 -0.2310225766 0.8979996136 0.8244541602 0.3784974531 0.3531582576 0.5239861551 0.1044173707 -0.1578314447 -0.1096103237 -0.04863521936 -0.2349818123 -0.2909811691 -0.09573631157
5.294063455 -0.5439904178 0.02713945148 3.578814887 0.6855786141 -1.678004382 -1.140980849 -0.4856048035 -0.4170438431 0.3129205964 0.3341351097 -0.642942463 -0.7506625298 0.6225218261 0.8373736399
2.785532914 1.983484003 -0.6575084615 0.2067157837 0.2578067327 0.05814465419 0.08956445096 0.3404550846 0.1319095241 -0.07206109815 -0.1890014081 -0.1007860796 -0.1936562481 -0.2795030929 -0.1674107029
5.46750367 2.133396962 -0.1817507622 0.7507961473 -0.3006904437 -0.4367163181 -0.1342298944 0.1411860268 0.1347287357 0.6081098229 0.5334896392 0.1075401421 0.0248620014 0.02680306195 -0.4305458852
