5.04373198 2.75333011 1.471409619 1.555194476 0.5090453127 -0.3813755875 -0.7748014062 -0.3323884007 -0.5010878291 -0.5803128441 -0.4898230142 -0.2774807813 -0.3891741215 -0.4201858527 -0.1498190931
8.233620243 0.6069270234 -0.008410196519 1.162913794 -0.4633617458 -1.194125591 -0.2925260493 1.01185185 -0.2389171744 -2.043117747 -1.282600581 -0.1605558217 -0.3888214977 0.2133368451 0.4037601454
1.926323309 1.202665619 -0.02970937939 0.2528760881 0.09250853879 -0.1380252932 -0.3550003568 -0.06118296685 -0.4730383362 -0.5135550296 -0.5002434985 -0.437484866 -0.3580022506 -0.3623654502 -0.3575108309
7.705646172 -0.05864268658 0.5572525632 2.585319976 0.9536664441 -1.277250991 -1.422380522 0.03526897272 -0.4389077011 -0.6586780574 0.3674826992 -0.1282057621 -1.013591245 0.03123393803 0.4720414756
2.273691219 0.337105149 -0.1719479849 0.4211061916 -0.2455432537 -0.7459185094 -0.8439950762 -0.262484339 -0.6244559137 -0.6783559428 -0.3246701469 0.01541978896 -0.07001846683 -0.3028538655 -0.3385093635
14.23188266 -1.766302101 0.3108482608 1.640849067 -0.6314800132 -1.083330458 -0.8488628363 1.035803154 0.02144124335 -2.439456658 -1.051587467 0.281188038 -1.109363962 0.06657025351 1.085818201
7.957249364 -3.442176915 2.642922069 -0.8327933526 -0.6166247476 0.3330201008 -1.03430948 -0.4279737542 -0.9642849775 -0.1739382247 0.09653976202 -0.6943838456 -0.2653760894 -0.461682875 -0.389443135
9.76102666 -1.809657876 0.397621612 -1.749467882 -1.284507031 -0.9114795463 -1.589756032 2.613177033 -0.2072566593 -2.886512536 0.8160950298 0.3280324464 -1.212873713 0.1680056683 0.2354742109
2.947255262 1.45216728 0.7046968167 0.959590559 0.4307025461 -0.1344730675 -0.3943160197 0.03104909128 -0.4582633433 -0.5623780928 -0.4845555404 -0.3955665175 -0.3898816256 -0.3939007393 -0.2278598182
7.464925929 -0.371846774 -0.2653298413 0.507912763 0.2316071902 0.180608218 -0.4818556536 -0.960808822 -0.790629368 0.07708393001 0.07145728791 -0.8821019622 -0.7823473441 -0.07784945175 -0.02687714859
1.000612108 -0.04903830913 0.7224845636 0.02487157129 -0.1922454532 -0.3150102356 -0.5196387857 -0.1676486638 -0.5900811693 -0.563379131 -0.5024416077 -0.3760163247 -0.2404829672 -0.2606201141 -0.2825741967
8.277787759 -2.941588675 2.392489746 0.6515273388 1.609561737 -1.081114911 -3.42436146 1.3070899 -1.823112424 -1.914560304 1.783932733 -1.249614572 -1.440706393 0.5758697294 0.1828192017
3.467088734 0.78724331 -0.6046031011 0.1747095489 -0.2578188785 -0.5277896038 -0.3704621566 0.04252305781 -0.5152486109 -0.6383483136 -0.3266024114 -0.1257318462 -0.09838742993 -0.04907578837 -0.1395197189
11.86833838 0.3643629968 -0.6673522199 -1.717377139 -0.5144729007 0.4231952485 -1.687198471 0.8307059147 0.5191193097 -2.76854542 -0.3991317657 0.8600494159 -0.996247804 0.1854700875 0.467045365
1.774069075 -2.910487989 0.6179389071 0.7649211742 -0.5326380104 -0.4453292241 -0.07900843213 -0.0370495548 -0.8867151592 -0.5905446318 -0.1793876608 -0.2533945001 -0.4066100624 -0.2433197814 -0.2765755065
10.3064141 -4.406583258 2.328160109 -0.5052793839 1.069427572 -1.13520205 -3.404775876 1.593976944 -1.912172786 -1.896553079 1.853758794 -0.3570047349 -1.088936335 -0.01144598319 0.244910861
3.885208237 1.812499716 0.1562373563 -0.4004759396 -0.9896560806 -1.287803506 -1.306147145 -0.7990543087 -1.116533066 -0.6296293203 0.02388141694 0.1899222345 0.03279683437 -0.2220118271 -0.2465081055
6.759271416 2.189690048 -0.2830519062 -0.8827755031 -0.9175809251 -0.5867249889 -0.5149160432 -0.1025090658 -0.6255365859 -0.8160296789 -0.503829354 -0.1224742967 -0.05206088221 -0.0859228865 -0.04082841182
1.544666796 1.075839893 0.3279692859 -0.4019283641 -0.2742012548 -0.5095264236 -0.8361855778 -0.4066083346 -0.6938181332 -0.545011733 -0.3685957145 -0.2798470188 -0.152767675 -0.2670054219 -0.3835528412
5.984215895 -1.427989273 1.846754789 1.843591745 0.9998906235 -1.160581494 -2.627465861 0.2108121562 -1.16244918 -1.279583935 1.009560678 -0.5912517909 -1.241852202 0.01354019073 0.2256800617
1.945270745 0.5742169282 -0.7616539361 -0.2985852977 -0.545473661 -0.6996015091 -0.7021485869 -0.2850775493 -0.6566856591 -0.7054739776 -0.5228464079 -0.2513028243 -0.2322879102 -0.3368273407 -0.3228838186
11.56796449 -1.224806422 0.4690650387 1.268233418 -0.8391868241 -0.8347888423 -0.6916704034 1.033749248 0.179354935 -2.504105708 -0.9713680323 0.319139501 -1.057831221 0.1880735708 0.7280004558
4.706429554 -2.758348116 2.050323968 -2.222198575 0.375655505 -0.6128641324 -0.6536815206 0.1786303663 -0.9508496478 -0.6577235458 -0.4812215935 -0.7633543527 0.1271046216 -0.4722452421 -0.09997819123
8.01448631 -2.091866541 0.1558831427 -1.197246194 -0.6116855266 -1.137219547 -1.532170456 1.804439806 -0.9855767754 -2.061052959 1.115836401 0.195629374 -0.8759081059 0.05022248914 -0.01030692435
2.795327111 1.667552054 -0.2671746499 0.1842023347 -0.1810769502 -0.42313808 -0.6124435331 -0.264619854 -0.5445410393 -0.5789167181 -0.4619067892 -0.3205338659 -0.23599888 -0.2914558761 -0.3709354142
7.541299525 0.2971237296 0.1689574494 -1.505294797 -0.9057301071 -0.6664629309 -0.851891636 0.5151585764 -0.2999468586 -1.583425489 -0.4552850725 0.1605909955 -0.3574201131 0.05450475187 0.2614256472
-1.600761247 0.1612331336 1.825853561 -0.9096198122 0.924451395 -0.3145566961 -0.6679514542 0.269957844 -0.3093077557 -0.5197051833 -0.05561250405 -0.2580069346 -0.4683509313 -0.3795328101 -0.08812727758
8.586741008 -2.225747117 0.2288813649 0.5978267724 0.5717974152 -1.296662847 -2.456602022 0.5359271164 -1.827698412 -1.681092128 1.741138868 -0.1313637337 -1.020006042 0.1643949183 -0.1710043383
3.337357398 0.7972788048 -0.9613053599 -0.7921029867 -0.683801625 -0.4458031521 -0.4468917095 -0.2107318518 -0.709791524 -0.6812199202 -0.5945384332 -0.4283547509 -0.3717309127 -0.5192590322 -0.5655548291
9.849297881 0.3553597569 0.9042985934 -2.252583391 -0.292154634 0.2637331232 -1.020314142 -0.05264289086 -0.6398579109 -1.442907154 -0.58343614 -0.07779790903 -0.3816175027 -0.07417514903 0.1550590834
1.123883806 -2.989997027 1.271496364 -2.414209066 0.5737550554 -1.680661157 -0.3822477501 -0.6478836782 -0.5665066452 -0.9098308295 -0.0772752387 -1.046223138 0.01091061397 -0.8193860079 -0.1315240641
10.40455636 -4.006492689 1.825035651 -2.277989242 -0.5344821648 -1.247815509 -1.834509898 2.832280873 -1.473542517 -2.03326385 1.132864846 -0.4500976773 -0.7059011759 -0.08727200958 0.1492070351
