7.531064184 2.667372345 0.0416189874 0.2163468792 -0.1264046559 0.6665115444 1.065664334 0.9939080514 0.5397549162 -0.08870363127 -0.3512747868 -0.1556534528 0.1450832872 -0.001364499286 -0.01389370157
10.75056091 -3.653033107 0.1490947439 2.159631053 -1.768980393 0.5689580689 0.1445668345 -0.7777007888 0.5723673402 -0.5376265951 0.1972094877 0.05211777109 -0.2212120131 -0.1887362284 0.1219783572
7.877899959 0.9583416806 -0.5099552004 -0.5075055822 -0.8584604924 1.348149841 0.3797786288 0.2675739206 1.697912754 -0.1088359601 -1.449331599 0.4638053362 1.45486246 0.2555512126 -0.6289771805
10.63253209 -1.54153771 -0.8781455285 2.110110705 -0.3179320178 0.7667269546 0.7812251781 -0.1736614269 0.3400027174 -0.09696707406 -0.01347819068 -0.2318619708 -0.1846679409 -0.3996679427 0.1723109574
7.242632231 1.029927766 0.5355512647 2.409883629 0.7223320406 0.8023128408 0.6999616894 0.3291016508 0.4999259549 0.2326351585 -0.03165062003 -0.08705974085 -0.01796372463 -0.1163925083 0.1784552596
9.234881334 -2.70928998 -1.09364396 1.587108403 -0.9073854412 0.1934848913 -0.3218510945 -1.095092165 0.06407001994 -0.1627070315 -0.254819884 0.04769150489 -0.2455090632 0.02018077625 0.3534190815
7.550991133 0.3293170397 -0.4592477742 1.312527099 -0.1463557196 0.4153539227 0.5457275981 0.1953084255 0.3411417467 0.08933227442 -0.1548221298 0.06846409519 -0.1030833628 -0.09406624966 0.2492841847
13.4480905 -2.637730788 -2.188787959 2.353247155 -2.056209429 -0.3820544664 0.7403704375 -1.065835998 0.008646633972 -0.7495003221 0.4399164105 -0.8212154654 0.2432847814 -1.095895828 -0.1630840087
10.5247503 1.982386753 -0.1308990202 1.295459357 -0.5552053839 0.3283939792 0.7051591681 0.223222929 0.3231246934 -0.3227457801 -0.1129275158 -0.1516643854 0.2560449157 -0.2147569163 0.3448541099
8.44000302 -5.380580369 2.81430525 2.361237838 -1.782888647 1.546832373 -0.6306124337 -0.877691607 0.9852777488 -0.854712553 -0.002688977867 -0.1060407732 -0.5961905259 0.3998399821 0.1146400844
8.057360384 0.1024179303 -2.263098844 -1.095978309 -1.719418477 -0.2406216847 0.6961695008 0.6053639358 0.4380413572 -0.05189423763 -0.3339642943 -0.125063118 -0.08011155336 -0.03463383911 0.2337626504
9.867663818 -0.6753769733 0.2503130344 1.245218085 -1.77097274 0.2712238191 0.6519775725 -0.7624301947 -0.3900813553 -0.3360877106 -0.191270029 -0.1572913801 -0.184964003 -0.1835568884 0.1974530577
8.490061022 -1.607111293 1.63787529 4.779147809 -1.020669851 -2.423782421 -0.295080673 -0.6067126822 -1.495204066 -1.257304691 -0.6867611057 -1.138901641 -0.2909005657 -0.2020024215 -0.620444241
7.916049117 -1.502412011 -0.1549703564 0.5587025958 -2.843829148 -1.117861442 -0.3146968129 -0.5675702917 0.3870088514 0.0108843118 -0.5149616246 -0.3470336357 -0.4838856102 0.08541602292 0.7624818373
6.890075422 -0.5882325207 -1.242184647 0.4740358008 -1.075548025 -0.009276151103 0.2279657761 -0.228777286 0.05168923042 -0.1615880639 -0.4680300542 -0.02627409993 -0.1724288078 -0.1176018752 0.2632102574
10.86230907 -0.9671624361 -2.523269229 0.6062883821 -1.059343952 -0.748464403 0.6407149646 -0.08305502616 -0.6921641637 -0.2354593431 0.1386491134 -0.647237281 -0.2161738813 -0.6077853175 -0.6878724858
8.549663785 3.575188651 0.6798328692 0.7281499995 -0.1124919184 -0.2307720569 -0.1903258828 -0.09982436088 -0.1551606668 -0.231641668 -0.08850853572 -0.244571649 -0.08338497367 -0.1137046394 0.09888914356
8.964118864 -5.195814543 -0.2741637274 3.160087415 -0.9684653007 -0.08781577075 0.2440336728 -0.5416724503 0.05598198316 -0.2636126796 0.2083831321 0.2342439908 -0.4113249971 -0.08969876193 0.02354361708
7.181959249 -0.4564284127 -1.527283404 -1.099353475 -1.424687728 0.8135050618 -0.4452711449 -0.1421651625 2.066406704 0.1088120947 -1.57371474 0.4751181119 1.25274356 0.01882445298 -0.9200410568
8.901248649 -0.7383959585 -0.3223460562 1.851932898 -0.09959013183 0.08278181405 -0.1362302399 -0.5995725766 0.01265441504 0.0763396748 -0.07808208758 -0.14877576 -0.1633312431 0.01055282888 0.2790765225
6.163832413 1.766937275 0.5332333122 1.378118796 0.2710638228 -0.4780189083 -0.5454655721 -0.3476175897 -0.5318477028 -0.5975106318 -0.4829455112 -0.3633697577 -0.4449490955 -0.6246167625 -0.4479612265
8.372555063 -3.628323549 -1.474997467 1.54867709 -1.536043062 -1.017014843 -0.6782144867 -1.135280437 -0.7366806529 -0.7669029364 -0.1670154324 0.1204540071 -0.4631617275 0.05900732541 0.7245414267
6.463695901 -0.8158933631 -0.5674068617 1.691430882 -0.2585521758 -0.003465015322 0.1771553117 -0.1775918011 0.0727978274 0.09358365582 -0.1426996799 -0.008872582792 -0.2145836709 -0.06044998506 0.2413210286
11.9960772 -2.785626188 -3.407774176 1.389028425 -1.286919727 -0.9790980527 0.954144601 -0.3187904435 -0.9191598231 -0.4212948365 0.3878815798 -1.03979553 -0.1716982003 -0.7463538488 -0.6131876984
9.495002878 1.008723486 -1.431723364 -0.07457878862 -0.6555222321 0.2791533971 0.6299394066 0.1335818221 -0.2129451555 -0.4962629114 -0.3120517771 -0.05752896851 -0.01963470988 -0.2365259879 0.006190709342
6.710908705 -3.630123968 2.30296279 2.167871311 -1.515391187 0.699183977 -0.3232630192 -0.7182727227 0.563603948 -0.5505473464 -0.364247398 -0.01661179035 -0.4851817917 0.3324632504 0.1537660227
8.749678067 -0.05909366788 -2.378932474 -1.23075712 -2.350166564 -0.9496643228 -0.2487584543 -0.4341288791 -0.4824841125 -0.9730907761 -0.8258824204 -0.3127976319 -0.1904428301 -0.04941121746 0.5039050465
9.177428881 -1.561505887 -0.9080921973 0.8759879297 -1.434817597 -0.2272799335 -0.2157977001 -0.5806035372 0.06968927146 -0.6149219339 -0.5852027068 0.02421884534 -0.3542061343 -0.2164852297 0.3890898759
5.996182319 -0.4098158031 1.708124321 3.633741194 -0.4304118873 -1.953073429 -0.6036204479 -0.2940874517 -1.171221368 -1.171389224 -0.778607957 -0.8711951818 -0.5306716235 -0.2633290409 -0.6077312968
6.970177257 -3.479920285 -1.130035273 0.8400080785 -2.590450019 -1.388368143 -1.059923929 -1.270218078 0.09391376381 -0.02651031972 -0.6245364571 -0.6730780568 -0.976531962 -0.1379870062 0.6266940889
6.933316337 -0.7144838372 -1.427560745 0.420616508 -1.110985134 -0.6490210005 -0.6964035315 -1.034480373 -0.5107374044 -0.3606725525 -0.3977574661 -0.07173470188 -0.1620203932 0.06668020198 0.4649948891
8.858778322 -1.654111971 -3.058016469 0.2099638418 -0.5288357304 -0.7828165235 0.3486605664 0.1013219632 -0.9587215139 -0.5940554361 -0.04740089906 -0.545054541 -0.6375851882 -0.61748472 -0.7769177227
