10.73170719 -0.1081612016 1.424773325 1.527589741 -0.8582300854 1.192675525 -0.01327814872 -1.03230104 -0.2048307647 -1.169984422 -0.8050679882 -0.390881694 -0.4327902247 -0.3629294763 0.08374290639
9.370693486 -2.879128336 3.73300047 2.578116359 -1.076568273 0.8951118275 -1.414558303 -0.4236594982 0.3579829729 -2.039877658 -0.5252629229 -0.3489086593 -0.5607565635 0.3034261184 0.2802556934
8.48123177 1.070616905 1.068348762 1.166938147 -0.2110034953 0.6625168849 -0.06736245574 -0.7681614047 -0.606091843 -1.035072806 -0.7651010049 -0.1428097606 -0.3454921915 -0.3029830501 -0.04513718355
5.037997628 -0.3037585593 0.03829686214 1.183680152 -0.4232101599 0.6678646622 0.2219756139 -0.3318711579 0.1342178542 -0.3647255045 -0.5887059825 0.07067005793 -0.2481088342 -0.1363545757 0.05964909618
11.53692218 -3.153033049 -1.479928903 -0.06865263306 -1.460950576 1.026235516 -0.2616287913 -0.5624973569 0.5002489918 -0.9524495651 -0.09899073448 0.5168782639 -0.7109525238 -0.6255457349 0.08754476673
6.237606263 -6.769649547 4.608579145 1.906608784 -1.52042318 1.670495571 -1.215000519 -0.2442171375 0.8003858831 -1.005992762 -0.07896948276 -0.1436845449 -0.7095141259 -0.08743021897 0.08482607809
9.055439048 -0.9273817867 0.9098549916 1.026198409 -1.094617897 0.7233611222 0.01605730122 -0.5543126584 0.2831107107 -0.4615786598 -0.5220014633 0.09188554733 -0.2786339626 -0.07212122278 0.05820273353
3.662442861 -0.3102178875 -0.4287281934 1.235880238 0.1130435069 0.8848261666 0.3906280501 -0.22068533 0.0505579537 -0.1833334056 -0.4023694747 0.08062073194 0.02239741092 -0.002505250773 0.04369958429
10.33665104 -2.179891707 1.141960239 1.55731722 -1.164236539 1.346262951 0.01446705951 -0.6556272222 0.4508804803 -0.7130833231 -0.4446201727 0.01982797362 -0.4561496095 -0.1030628599 0.002704197473
8.617772773 -4.890622609 0.979164713 2.606155231 -1.141056317 0.3792630461 0.006470861023 -0.34835566 0.1331442827 -0.616632127 -0.2526185346 -0.2026148389 -0.7028338542 0.1277610758 0.09970600678
6.64349129 0.03459619911 2.978508727 2.113651589 -0.3646180041 0.6609536815 -0.648614698 -0.546066417 -0.01341269398 -1.539451791 -1.077136353 -0.291233434 -0.7589239716 0.06423832301 0.2056910228
4.033111382 -1.597960472 0.7784459278 1.007789431 -1.209284276 1.055076371 0.311102024 -0.5145428691 0.1973132567 -0.3293280363 -0.3869255376 0.07475323964 -0.2259059898 0.04485387436 -0.1332570873
9.069537287 -2.396977705 0.3385577085 0.7079053186 -1.47937742 0.8575666814 -0.06207348998 -0.62764969 0.4137118753 -0.4934730837 -0.405187906 0.3000341622 -0.2971651597 -0.06407066203 0.005704271515
2.752430296 -3.357850693 1.106847161 1.582039909 -1.215195076 0.9583184806 -0.2810242137 -0.6661546276 0.486117149 -0.9017928051 -0.7591695802 0.2253466451 -0.5010670439 -0.01491208531 0.2961609797
7.492551711 -0.3307354313 0.4913589462 0.9610609282 -0.6742568006 0.6105414047 0.112212645 -0.4580009792 0.07517582884 -0.4624965977 -0.6696923918 -0.0232188396 -0.1992053867 -0.06291906634 0.04594684072
2.235221753 -0.06945948695 -2.14715183 -0.6330668924 -0.5443806208 0.08179948423 -0.2670599347 -0.2878499696 -0.1886137623 -0.6288217924 -0.3917267794 0.330487993 -0.101648785 -0.5977617866 -0.557946628
9.555819161 -0.2768847824 2.047144613 1.533784411 -0.8449904732 0.4926438033 -0.7234980426 -0.7784037867 -0.538158524 -1.805910565 -0.5485560032 -0.06871517306 -0.5431594663 -0.3274571115 0.05242891113
6.912875814 -2.414704558 3.871598439 3.295546215 -0.5629660202 -0.0156800401 -1.08562779 -0.1880637385 -0.3560486487 -1.874389519 -0.6006610957 -0.5775160896 -0.5167349163 0.8286009865 0.2245845127
6.727792563 1.988124597 1.210272407 1.012419284 -0.1284857114 0.1944114052 -0.214046542 -0.5508848131 -0.6790442772 -0.9769746896 -0.7472563979 -0.3062242109 -0.4903301721 -0.3456761947 -0.03165294531
4.778175853 -0.484216606 -0.5415126934 0.73408348 -0.7263099695 0.401953626 -0.02762675459 -0.5987361275 -0.04195842777 -0.3651415382 -0.5657171766 0.06390723328 -0.2048225114 -0.2129012949 -0.08171916905
9.274604047 -2.175817425 -1.712874629 -0.4544357428 -1.313675235 0.6263052136 0.07081443763 -0.5402247867 0.005444091983 -0.6416506358 -0.2739802982 0.4779126342 -0.5298443966 -0.5913518697 -0.1236359442
5.012864827 -6.076608832 2.94705095 1.896400997 -1.89752492 1.068162998 -1.188114377 -1.137677819 0.589627362 -0.8389689877 -0.5815607031 -0.1516142824 -0.7884783503 0.200683444 0.3669883526
8.563730106 -1.560914567 0.9156527153 1.368020714 -0.6158553935 1.182790188 0.07310296426 -0.7639686128 -0.04525338614 -0.8466392165 -0.7519966231 -0.05913575929 -0.4201203791 -0.115392699 0.022291526
3.524291183 0.3238655399 -0.5300711186 0.8671519134 -0.2316121579 0.3152259959 0.03843521748 -0.3201307584 -0.121905646 -0.3110925604 -0.5654560891 -0.1666172566 -0.1972564523 -0.1084887973 -0.02793490446
10.50566666 -2.800912302 1.11171334 0.8191934811 -1.945743625 1.259513771 -0.3797493254 -0.9097287506 0.3173821851 -1.012201484 -0.3677441251 0.1380226622 -0.4557827525 -0.1134419628 -0.02860586433
6.464229128 -2.604790807 1.66546107 1.674528157 -1.62956489 0.4512731042 -0.2010906463 -0.7901340616 -0.0976302867 -0.8609639874 -0.5410046586 0.04417831614 -0.5852398831 0.01528828873 0.1686993901
5.360216068 0.7926986458 2.760092648 2.015932731 0.1815254578 0.8416946009 -0.6195646892 -0.5941888698 -0.1114461809 -1.665051502 -1.376626089 -0.3608414399 -0.8667506389 -0.1047487217 0.1685355816
3.528793567 -0.9024245092 -0.6226535765 0.8722255221 -0.533130329 0.3969127153 -0.006504111114 -0.5461785095 -0.1983475185 -0.5167624065 -0.692960681 -0.1333256726 -0.2036138944 -0.03106081409 0.08931897166
9.341924789 -2.534863503 0.4160527923 0.990722608 -1.397639962 0.7879125941 -0.4297876516 -1.087696243 -0.07692713622 -1.053024202 -0.8718887336 -0.1441979831 -0.5033286283 -0.07829101361 0.02910330311
1.911561828 -5.477399362 2.131572491 1.755957136 -1.864855831 0.9195077067 -0.7837218468 -0.8369584898 0.6096804007 -0.8706041709 -0.5102888671 0.2674153782 -0.7502118985 -0.2043601781 0.240964355
7.467635926 -0.9677865615 0.1508027737 0.3755625575 -1.260296988 0.4664954226 -0.2130938612 -0.8410026847 -0.1989514977 -0.7964819191 -0.6915324203 0.06155924174 -0.4544720297 -0.3851006383 -0.1423095206
0.608991138 1.321027788 -0.762109958 -0.2040194671 -0.01152904945 0.5337916513 -0.1683563817 -0.3368811369 -0.2238284899 -0.3750676185 -0.2879999759 0.3380819357 -0.0886818912 -0.3333404791 -0.4046522015
