0.8699912437 0.9525297754 0.05036632719 1.463014421 -0.03985603464 -0.1724067437 0.1271152105 0.06693245375 0.06992759256 0.1613247836 0.2154663633 0.3078542778 0.2397261303 0.07978196072 -0.06617786206
0.3486981246 1.696612281 -0.1826279749 1.164407365 0.542932458 -0.07787667217 0.6555463517 0.2381942621 0.3635394317 0.03118162837 0.005353146268 0.2877351375 -0.02287793898 0.03130406567 -0.1292775673
2.989918687 0.3615734693 3.167777957 1.838756831 1.459543079 -0.3940477628 -1.343157278 -1.561697799 0.7866061387 -0.3112338085 -1.497847374 -0.912301036 -0.5283480382 0.2700495543 0.1905866829
-1.953635328 0.1722820796 1.431424157 0.6645356886 -0.7695057123 -0.06590273678 1.205529753 -1.193222878 0.5016343496 1.43527139 -1.251716418 -0.072818775 1.320898147 -1.377039783 0.4947354383
4.752063792 1.007328076 0.651087975 1.771696146 1.30497713 0.4540104512 -0.3936489326 -1.309009808 0.02517616955 -0.007601260466 -1.324101509 -0.7062165353 0.3436624356 -0.2622646277 -0.05381001482
1.420426385 -0.6901898311 -1.075619122 -0.3648645001 0.1963119032 1.339351952 0.6606404211 0.2986889075 0.2629348441 -0.01905116454 -1.112613523 -0.4276111759 -0.5432266701 -0.552092293 -0.004263398923
0.7835374729 -0.4295448254 3.442853476 1.226884497 0.8169001755 -1.546653156 -0.7229494165 -0.09161253288 0.5508947195 -1.370779492 -1.276084239 -0.3444376525 0.1767925368 0.6811663025 -0.4280637162
-0.1919447702 0.1516624623 0.7266712763 0.7507477018 -0.6508693449 0.1585056149 1.100495784 -0.7272228961 0.3833573551 0.8760755405 -0.8519966748 0.1800526878 0.8278416871 -0.869791145 -0.1326490142
2.191474967 1.915761162 0.8473726137 2.119544851 0.5417856202 0.3172509939 0.3690785794 0.1787861705 0.118485514 -0.1486870063 -0.2232438434 -0.1775436205 -0.1699700139 -0.3467748483 -0.3823032451
0.5153900826 0.4619705971 -0.1737712612 1.447686831 0.1134119945 0.118950286 0.5110427619 0.2830160779 0.1781118195 0.1666299205 0.1145197399 0.1283988884 0.008961353215 -0.06972697571 -0.1320689205
1.806955998 0.114684458 3.977840236 1.507522096 1.068724782 -0.9744555781 -1.367167003 -0.4153008464 0.9217593589 -1.655901644 -1.464310639 -0.5788966776 0.03801861532 0.6041361902 -0.4213650834
-2.648171447 0.2722698445 0.4864150313 0.03830383595 0.2948621253 0.2298363677 0.2264819421 -1.104840133 0.3001204633 0.3867943255 0.1113647813 -0.03226391452 -0.2695335123 -0.0001802653591 0.531630775
3.403324376 1.287015138 2.060900382 1.712051203 2.008126899 -0.1926399402 -0.8158776339 -1.26542862 -0.02363571075 -0.2370217108 -0.8870769681 -0.77794216 -0.9250383875 -0.2199656701 0.01316530451
3.913368001 -1.358001758 -1.559148051 -1.027357123 -0.5356860621 -1.121000368 -0.5271663019 -0.5171822903 0.115343147 -0.7259737312 0.3248827652 0.5737493408 -0.1638014413 -0.5449442191 0.2554354581
2.06071226 -1.268566834 3.020337438 1.71498015 0.3219366241 -1.09364076 -1.427384663 0.2667133043 0.7346920576 -1.47813791 -1.067412389 -0.3994672485 0.3529527463 0.3870983591 -0.09005525801
-2.016005939 -0.9417453971 0.2468609152 -0.2671057312 -0.301680525 0.5316784827 1.435288967 -0.2423329998 0.1065396023 -0.3886740108 -0.6346460743 -0.2310306628 -0.1132295925 -0.09492735238 0.04070617119
1.140321505 1.473337567 -0.2043576281 1.116731534 0.01123974647 -0.1686313596 0.2380649161 0.3225089451 0.1453292304 -0.07159283938 -0.01195716382 0.05400953315 -0.006127627631 -0.09642675255 -0.237436349
-0.4950076809 0.9739165152 -0.3143647859 0.5950004942 0.2251345838 -0.2235749565 0.3620598222 0.139972371 0.3106604013 -0.2002216912 0.08118896016 0.09873810475 0.05098856754 0.04079781779 -0.001720329981
2.826037914 -0.2967515813 3.255582064 1.863353999 1.345942063 -0.7272316068 -1.654824725 -0.6252042656 0.7124929659 -0.7907464226 -1.533107011 -1.191951743 -0.1773956085 0.4341265823 0.2032523859
-2.655463113 -0.7579616087 1.594405261 0.1731887428 0.5052709412 -0.0346333836 0.3191664191 -0.6667114251 0.9727744977 0.5404447033 -0.5761137885 -0.3677094547 0.8660534976 -0.05779719792 -0.5396218764
4.86660265 1.087666983 0.07816668242 1.877690094 2.030371874 -0.09707352801 -1.000865197 -0.3800189682 0.03532814486 -0.8584228012 -0.6918099909 -0.6793448152 -0.3912114051 -0.01031593747 0.09123364335
3.428268246 -0.1233995149 -2.227605256 -1.238120903 -0.3465104665 0.8235657419 -0.2026128796 0.1498121641 0.3480794467 -0.2329146904 -1.335206554 -0.1542052613 -0.4253818507 -0.6190226834 0.33044638
1.239245607 -0.6289244051 3.308309742 1.525268661 0.3742407846 -1.418993915 -0.9706120747 0.5552611023 0.265736451 -1.935338031 -0.6503429364 -0.1557979524 0.09182120149 0.1122169781 -0.3599264047
-0.5094453808 -0.4239739077 0.6719982506 -0.0233419408 -0.0982947589 0.3334928761 0.6980140135 -0.04977207667 0.328955731 -0.0109826728 -0.2546823136 -0.278107445 0.1127453578 -0.01274679999 -0.07640043697
3.398939453 2.487808599 1.607648788 2.254020885 0.9746864243 0.177964351 -0.2657885674 -0.3221058245 -0.2805496458 -0.5988703409 -0.6011962471 -0.4182837017 -0.4046624321 -0.3965375964 -0.5124830348
0.436866659 0.466806585 -0.3843447374 0.9353491734 -0.3618251589 -0.3870477525 0.009600951822 -0.09517563807 -0.03736648913 0.01280778857 0.04516149928 0.142450076 0.05656624826 -0.01750990077 -0.06728614222
2.02638829 -0.5043578852 4.305253386 1.611898439 0.4700243298 -0.7634843662 -1.497871821 -0.3389923239 0.8199022763 -1.428799525 -1.93889241 -0.4016231464 0.3423864959 0.760086598 -0.8030468006
-1.970101115 -0.9107533254 0.2708266981 0.06066973249 0.03514494346 -0.05957785029 0.04030804973 -1.227728031 0.1315257824 0.1018903884 -0.02413210093 -0.2408619855 -0.3396210034 0.04984564883 0.3814827671
3.410791827 -0.7046148966 1.015561335 1.761772947 1.484279524 -0.6797266726 -1.624024357 -0.5185559552 0.6523558875 -0.8109645452 -0.534922936 -0.6944373902 -0.5819473691 0.1803478173 0.2601126399
3.43976822 -1.666470169 -3.608915666 -1.109056419 -0.5451613094 -0.09106116967 -0.5077206784 0.3243937083 0.6118307123 -0.5870779754 -0.1876898517 -0.02463320893 -0.3383309024 -1.085858128 0.5957526045
1.445067553 -1.206858486 3.307838313 1.428382928 0.6648836136 -1.552119223 -1.382237507 0.2531214256 0.4785981603 -1.409118686 -1.576473102 -0.2476855958 0.3845691223 0.5928428674 -0.7527502496
-0.7083151146 -2.129078008 -0.7764412818 -0.3610273785 -0.09966007128 0.7557914398 1.374359622 -0.3574772331 0.2709956378 0.06640524569 -0.9613092535 -0.4006528489 -0.2978086934 -0.4123928173 -0.06110362184
