8.971449887 -2.41263078 -1.031183536 0.6746243393 -0.8581378434 1.119965568 0.3730291852 -0.2172352777 0.4694186062 -0.4519508426 -0.5403473877 0.02083560096 -0.5191836016 -0.2110883203 0.01066279802
2.955838571 0.1803509662 -1.44992718 0.1712733805 -0.301268887 0.2216624037 0.1282286342 -0.1360874903 -0.1762406555 -0.2726366998 -0.4222286024 -0.1209309627 -0.1330199284 -0.1498374151 -0.06383476041
11.58733244 -3.729659063 -1.821959081 0.5868390775 -2.456377066 0.3386804861 1.676581287 -0.8345799678 -1.175807398 -0.408897238 0.1517437872 -0.09541042562 -0.4054440656 -1.235498023 -0.8762197827
8.336900076 -1.223700686 -1.232164657 0.3876479258 -0.7417964353 0.6065960977 0.06891645922 -0.3212376158 0.2346528779 -0.4208768747 -0.604652211 -0.008570922866 -0.3627468549 -0.2378498841 0.01552189453
7.524188196 -2.285010806 -1.478761316 0.529928666 -0.6506570144 0.9257585172 0.211881843 -0.2117219068 0.4252532805 -0.3161408467 -0.4704600527 0.06706337143 -0.499616129 -0.2890537566 0.02278787462
1.240590034 0.7354259525 -1.551212653 -0.2537810408 -0.2189199919 0.1313277233 0.09362644229 0.01136228941 -0.1624704269 -0.2434941391 -0.2415330166 -0.0722971011 -0.1278200156 -0.1394659274 -0.07936081482
6.412138424 -3.142660821 0.2583302241 3.393704924 -1.254733205 -2.022514375 -0.4346306535 -0.8872733726 -1.196003611 -0.595188893 -1.167262408 -1.353640332 -0.3605714911 -0.1190834609 -0.9698053156
6.248470053 0.2238524306 -0.1587752187 2.187879417 0.4114171392 -0.6241449422 -0.7582682656 -0.4791873029 -0.4800110007 -0.8209068803 -0.9404055375 -0.6804647241 -0.6909518606 -0.5408753548 -0.3299691265
10.19021938 -2.900421646 -0.6502234126 0.4669984415 -1.47985302 0.8823919191 -0.1758184754 -0.6215065736 0.3734007154 -0.703524719 -0.5439581969 0.07175561563 -0.4673419381 -0.1164946716 0.1377649304
1.816700487 0.1063805138 -1.94259405 -0.116560013 -0.08259501924 0.1981419996 0.03417735686 -0.1550746057 -0.2701150278 -0.3926502834 -0.5664116381 -0.4254543292 -0.4590563254 -0.3496676297 -0.2420837924
8.30865631 -2.71050419 -2.403496096 -0.07835091897 -1.720902633 -0.09261306059 1.585227296 -0.2153417706 -1.46645456 -0.2947552161 0.2887786086 -0.0977047726 -0.6325838664 -1.02549373 -0.9509035831
8.67114211 -2.010865742 -1.507682328 0.06503200301 -1.229985088 0.4994146301 -0.2649278262 -0.6359235027 0.184083219 -0.554834086 -0.6290186924 0.003152453879 -0.3961900588 -0.07031812007 0.2232242761
7.007783401 -1.392696414 -1.856486149 0.2341654558 -0.5897386606 0.5257286534 0.1196973733 -0.3162053686 0.1134795794 -0.3542039437 -0.5431202576 -0.001584847793 -0.304260929 -0.2504525511 -0.005740091875
-0.9771686675 1.391056909 -0.9126529639 -0.2759998605 0.08968475074 0.5146133396 0.2461123973 0.02117087526 -0.2405898817 -0.2896572513 -0.3882057524 -0.3042671266 -0.3978048404 -0.3715802085 -0.383295267
10.02534963 -4.200434615 0.1341128637 3.839489846 -1.093495816 -1.535168323 -0.5131451814 -1.298536654 -1.043129835 -0.5315183681 -0.9552770573 -1.509388774 -0.4185119245 -0.2191868995 -1.062262117
6.556815934 0.03013179395 -1.68107676 0.2670730406 -0.4316665503 0.1868282721 0.03311250836 -0.3694375988 -0.2633299563 -0.4626795679 -0.674780669 -0.2596500749 -0.3150803553 -0.2723805413 -0.05201338239
8.952028118 -1.847093159 -0.7821780429 0.6718504403 -0.9305798548 0.654516274 -0.2137986489 -0.7295681414 0.07844980559 -0.6686225211 -0.6763986753 -0.004919875128 -0.4466262439 -0.2136750174 0.06021436771
2.762643967 -0.1809191178 -1.937334762 -0.2111380989 -0.6404054995 -0.09906950017 -0.1109108404 -0.3436573291 -0.3546887515 -0.3679310165 -0.3786479655 -0.1159570415 -0.1921974975 -0.1310340039 -0.004545363726
9.96982105 -4.763367826 -2.102952284 1.227110692 -2.199602685 -0.553669003 1.691754655 -0.5915922684 -1.65388782 -0.2269989305 0.05842214535 -0.3552994127 -0.4623708903 -1.264633439 -1.371809118
7.561770872 -0.729327909 -1.232499833 0.4618405021 -0.6005319638 0.356153553 -0.04214418519 -0.4767866088 -0.1556059798 -0.5795669312 -0.7232621907 -0.2151115423 -0.4207259322 -0.228884377 0.07251536942
6.958298762 -2.492263722 -2.144174619 0.1019776794 -0.8149608634 0.5193642641 -0.1688546698 -0.4315761875 0.2215698703 -0.540688633 -0.6100607291 -0.02452329692 -0.6970023375 -0.5188905531 -0.1383107639
0.7817226879 0.8298081084 -1.305984946 -0.04976985476 -0.08080644765 0.0004647767256 -0.2316103306 -0.4048250537 -0.5919076591 -0.555954792 -0.5842747958 -0.4211009037 -0.3225441862 -0.3045487331 -0.2755204737
5.274648212 -3.363481973 1.328249248 3.598048396 -2.16690277 -2.288589592 0.1572732514 -0.4761313195 -1.505251176 -1.056587101 -1.016993054 -1.110455499 -0.6503551384 -0.5728185445 -1.203859151
5.371645806 0.2130838029 -0.4097577532 1.174152397 -0.3545448198 -0.3975681803 -0.053216823 -0.9565835 -1.483693962 -1.082517944 -1.45800687 -1.202938294 -0.0008542917017 -0.2592175922 -1.472320293
10.45547727 -1.837292275 -0.2795967669 2.331104959 -0.7153983176 -0.4384662793 -0.04227452428 -0.7391554773 -0.6648663051 -1.019865406 -1.156442105 -0.9935697281 -0.474084866 -0.6209697406 -0.727320195
1.10494719 -1.663406914 -0.5235749784 0.4713263041 -1.49287915 0.08690534273 0.04953536042 -0.5879033225 -0.1836089177 -0.4234931259 -0.7325482849 0.05239288511 -0.03085039798 -0.01820881658 0.05119470106
6.308429726 -2.182438753 -2.145440366 0.2820068423 -1.520454689 -0.470057425 0.9875800254 -0.4016610919 -1.526088825 -0.6342986585 -0.1168742167 0.05451807466 -0.03133061721 -0.8426805331 -1.266418644
7.869287008 -1.762666455 -1.621011732 0.1440438493 -1.272277567 0.05828155264 -0.2882845642 -0.5294826354 -0.008176892857 -0.6933949007 -0.7233292494 -0.06767214606 -0.4451224188 -0.2441949789 0.06936972847
6.842327226 -1.070962289 -1.952696869 -0.06252345002 -1.038294829 -0.07758088375 -0.3037581055 -0.6836556379 -0.3808435788 -0.7061500499 -0.8061437099 -0.2405888255 -0.415500931 -0.2226721052 0.13070755
-1.156952868 1.049819424 -1.32945012 -0.6386203176 -0.4580924852 0.05067297584 -0.1275615991 -0.2359719219 -0.4610052775 -0.3597738574 -0.3041254872 -0.3413584632 -0.2810375446 -0.2110710115 -0.2292279049
8.946655379 -5.29055011 1.31065525 3.918906221 -2.534318763 -2.148689177 0.08804992843 -0.7511981347 -1.262987034 -1.102091368 -1.111020246 -1.226753472 -0.5255417946 -0.7339056362 -1.461754113
5.554938616 -0.06869869881 -2.18865659 -0.1940404669 -0.661376647 -0.2454392116 -0.3007246911 -0.4271948675 -0.3965778661 -0.5871085917 -0.5986231774 -0.1258992534 -0.1837381038 -0.1560348279 0.01136593936
