3.295697969 4.996527367 -0.6127522583 0.7642993134 -0.5607551059 -1.138036612 -0.5683985098 -1.886872546 -0.6653650933 -0.9126237164 -1.143836744 -0.1998428508 -0.6012896869 0.1217657385 -0.3295920613
10.9108486 0.4353957166 -1.240310706 -0.002736984998 -1.898589358 -2.434637672 -0.1883615112 1.568230531 -0.454601941 -1.952462053 -0.8619791292 -0.6649014955 -1.434611288 0.4548795982 2.144135419
3.534616639 -3.164617131 0.4532083503 -0.0146740849 -1.147709904 0.8244037612 -0.9943622817 -2.06607484 0.1833973517 0.4532189876 -0.6808726419 0.9756654282 0.0269769207 -1.055860122 0.2583963221
8.91860821 1.59877156 0.2817987907 -2.09208979 -2.834423919 -2.332874509 -0.472443506 2.432625454 -1.041327528 -3.204006288 -0.4111279079 -0.08587863507 -1.316892478 0.1842342463 1.267988571
5.57639892 1.000649818 -0.1518253472 0.4526801452 0.3104929459 -0.06634210702 -0.8298540959 -0.6224930961 -0.7410405198 -0.2346567129 -0.3063515792 -0.1731856619 -0.2926186144 -0.5248913483 -0.289569969
9.570584693 3.684910874 -0.2225111525 -2.434078301 -2.127722597 -0.1177900903 -0.9673981144 0.6259720913 -0.03502944818 -1.816932687 -1.570044247 -0.8200954088 -1.147508854 0.7992818047 0.8259919176
-2.14387935 -1.846612765 1.026973626 -0.1541765693 -0.6141879586 -0.5750730621 -1.315070267 -1.371992758 -0.3919900035 0.6573077749 -0.5460858145 -0.6377583757 -0.4321514213 -0.6126503994 0.2972082265
8.595855809 1.960842805 -0.7648070273 -1.192055955 -0.5730423802 0.7681132837 0.8094202362 0.09161670638 -1.682559887 -1.439521869 -1.266708946 -0.9556114391 -0.6592455948 0.1048624289 0.5633719771
3.920114325 0.05616049782 -0.2498995793 -0.5049905178 -0.6271849187 -0.4381275145 -0.9290941813 -0.8126742035 -0.6799438289 -0.2605708658 -0.4932165643 -0.1514822165 -0.1754332258 -0.120676413 0.03338643489
10.32175786 1.141602541 -1.620271981 -0.3466996445 -1.197931699 -1.263685727 0.4947279298 0.919102858 -1.563305862 -2.600121461 -0.9284988772 0.2123319295 -0.3766459512 0.1897835109 1.508571137
1.654556712 -5.954793223 1.067558013 1.5172996 -1.627684905 1.560740988 -1.083529156 -1.635685797 0.3114376249 -0.65433427 -2.105736035 1.319564318 0.01150645504 -0.5177642347 -0.2863567993
7.207615097 2.309199748 -0.3193877616 -1.839035716 -2.346166138 -1.550971115 -0.6388697701 0.5858758683 -0.2217252741 -1.560479346 -1.373245413 -0.8877837868 -0.8108049996 0.2089134706 0.8886006068
6.430286055 0.04089700878 -0.4001271015 -0.243656232 -1.252531862 -1.363081468 -2.142759529 -1.796864363 -1.098425925 -0.2115854898 -0.2739003649 0.5198251257 0.4255830064 0.202198136 0.295293278
11.31162054 2.613101817 -1.105763502 -3.013462878 -1.452169002 0.5693670179 -0.1858769069 0.1252111223 -0.831988529 -1.684252216 -1.409367971 -0.6560160551 -0.5272734408 0.3123248587 0.7235945876
-0.04359697947 -5.133722921 2.898800344 -0.7672105899 -0.7220663528 0.6522841558 0.5364774661 -1.999589216 -1.355162958 -0.07536456693 -1.109323219 1.053344947 -0.3659213915 -0.3368760323 -0.6702460029
8.627031322 1.90345089 -0.769653933 -5.105070279 -0.6095383404 0.8050988786 -1.414050014 -0.1211742302 -1.616954218 -2.054785346 -0.8619706816 -0.4380166233 -0.4100145062 0.5526569669 0.8522534751
3.263693865 2.287013142 -0.5573336234 0.1634446603 1.340024553 -1.107088008 0.5035980761 -1.153931585 -0.2548785445 -0.4167471409 -0.6069013049 -0.5208769509 -0.3195823001 -0.6861169391 -0.1086027039
10.96073684 -0.4204833729 -0.3820750132 -1.28327319 -2.039424779 -1.080784821 -1.138970889 1.691898327 -0.2514842635 -2.657432023 -0.8486883351 0.08905732831 -1.194503533 0.5623500904 1.49688011
3.497471192 -3.597697471 -0.5582845714 0.3889305187 0.9590905253 -0.5250480447 -2.025831169 -1.587221447 -0.6064124559 0.3152154817 -0.004270364216 0.1224704606 -0.561327953 -1.021174635 -0.07594035529
7.372463242 1.920842164 -0.5827834747 -1.400324166 -2.298427896 -1.589677276 0.3321763867 1.377298286 -0.8489851624 -2.507360592 -0.8049351669 -0.05396251392 -0.5815907673 0.3348147492 1.069232782
6.784481494 0.8851071961 -0.7811735892 -0.02872857327 -0.4940357541 -0.6967121265 -1.74760752 -1.663221861 -1.439444826 -0.9983758422 -1.003954887 -0.4459578003 -0.4516638683 -0.4130733504 0.07855317037
9.005394971 2.175418579 -0.8041606044 -2.854307696 -2.242028631 -0.9764124002 -0.8602338308 1.07294337 -0.2801002795 -2.504604452 -1.165911727 -0.04804880102 0.03275536016 0.8523754663 0.6213251174
0.697028417 -1.978070909 -0.2950819831 -0.8910305744 0.9727241697 -1.076816861 -2.835711614 -2.86608643 0.440743797 1.311910263 0.4602108104 0.3466291389 -0.2652330128 -0.8330492343 -0.401289583
7.57341935 2.388804486 -1.53219446 -2.782453079 -1.59211521 0.2520079082 -0.008315826949 -0.1951764089 -1.257278862 -2.166727572 -1.568968676 -0.6092479493 -0.0995304586 0.7648941682 0.5879553474
3.361873909 -0.1104317431 1.263256289 -0.4157960532 -1.975227943 -0.4397926447 -0.1993663254 -0.6687456101 -0.6283011272 -1.232497291 -0.7204701579 -0.6080217394 -0.4271344942 -0.6941153909 -0.6537736648
8.695922196 0.8204194879 -1.919032219 -1.613780479 -1.640489951 -1.369559489 -0.6335763116 0.6930071635 -0.4960229781 -2.028764523 -1.127782829 -0.05792659466 -0.2739646752 0.4577680389 1.243466471
2.789271876 -5.182764044 0.9933048754 -0.08232006718 -0.2063458338 1.316925524 -0.7924667472 -3.462663825 -1.228379713 0.9838257554 -0.6314570934 0.5315497181 -0.3068702547 -1.341198989 -0.6753433743
5.678788256 2.795859544 -2.002167681 -2.160276614 -3.512362682 -2.206203349 -0.6035664493 0.4893521856 -0.5230991533 -1.507191775 -1.21060474 -0.3009852886 -0.9741678485 0.1279988158 1.116426994
6.493627563 -1.517962106 -2.123183075 0.2173481362 -0.2507872873 -0.8638834346 -2.336647653 -2.715304939 -1.160523675 0.2964339435 0.8038813508 0.5609294634 -0.5272055971 -0.5715990164 0.6463277733
11.99187674 1.244860364 -1.919311347 -3.17846574 -0.5642466059 1.714521297 -1.379519751 -0.5925470063 -0.206483105 -2.131993071 -0.6889287817 0.1053580563 -1.355186353 0.2647742047 1.05744416
0.2085648943 -5.926947179 2.201354479 -1.219770643 -0.2099369532 0.697969422 0.2544623548 -1.713918229 -1.156710982 -0.5597123027 -0.9857783585 0.8950478516 -0.1861855579 -0.6512322294 -0.9726211288
7.562460044 1.189035912 -2.136971177 -5.534629129 -2.25143065 -0.700092879 -1.666407128 -0.3261906075 -1.551107851 -1.318239808 -0.93266502 -0.2561066978 0.02438179278 -0.05265959651 1.236881453
