5.25733241 -1.651041279 2.640506421 1.559528144 -0.3871600771 2.06402396 0.8672244595 0.9152962721 0.7943003122 -0.5781423182 0.1472899508 0.0453422991 -0.7466483527 -0.2990018705 -0.5892566239
5.87213957 -3.314128294 1.34444861 0.0527150169 -1.57867571 1.655863991 -0.1081955661 0.3250776493 0.6806832986 -0.756910057 0.1919879073 -0.004218781455 -0.7870848138 -0.2001000882 -0.4331082313
4.468719584 -4.717598727 1.081004699 0.5526071117 -1.201808329 1.675065773 -0.2364938185 0.5736156117 1.079103906 -0.4192211144 0.4429812388 0.02684087693 -0.6514057467 0.02702944249 -0.4838041581
8.903949442 -3.844904795 1.845745378 1.453537093 -0.1275290909 -0.5993964771 -4.225712074 -1.659780156 -0.1512386354 -0.8312368706 -0.03425092286 -1.838281578 -1.785776146 0.2523434149 -0.3071110666
4.659515883 -3.056385025 0.8563035623 -0.7351616036 -1.439461158 2.416164866 0.7935431661 1.116101197 0.8229250652 -0.7028636619 0.8568525531 0.6614468688 -0.6677376408 -0.2922565318 -0.3957748976
10.8575054 -3.617491884 0.06937827614 -0.2509309045 -1.477536589 2.024261154 -0.5875869922 -1.219798063 1.118584481 -0.1313127972 -1.115372182 -0.5744647047 -1.006734228 -1.027685595 -0.6047111295
3.136537053 -7.280152154 3.17218829 0.7782788679 -0.05439867699 1.303236147 -3.359524942 -0.8975480621 0.03102506946 -0.8846756054 1.005385588 -0.9600447342 -1.437503349 0.5940669048 0.4698822181
6.260485965 0.1527529432 0.00709208896 0.8128379575 0.9418300468 -0.3960652151 -3.273564683 -2.412264864 -0.7761432296 -0.357540771 -0.2395118761 -1.193901237 -1.49815462 -0.6222651436 -0.5655294378
4.820669748 -4.135572453 1.395483778 0.8812669226 -0.9836293229 1.561069091 -0.538422693 0.2297185018 0.8750845444 -0.5293554247 0.369636325 0.1672743233 -0.3583625296 0.2944338082 -0.2976073043
8.93733824 -2.302229904 -0.846201365 -0.5062344184 -1.109818415 1.441984673 -0.3395516453 -1.222692758 0.947936931 0.2729547619 -1.182689055 -0.6154944441 -0.8146000218 -1.028683344 -0.4338965353
4.843166923 -4.446119729 1.076465751 0.2609075054 -1.777285385 1.041925202 -0.6787716824 0.2495298487 0.8557571981 -0.4710151941 0.4630066495 0.09811286719 -0.5122936557 0.1653987779 -0.4120312037
8.819469379 -2.056666679 0.2451558498 2.501383594 -1.17611946 -2.911874169 -2.790646821 -1.385747389 -0.01685141607 -0.6639346125 -1.815443064 -1.16440783 -0.1370285351 -0.01141576823 -0.4992953368
4.389620056 -3.57091173 1.655509802 -0.2292866451 -2.328462969 1.563843203 0.7407542584 1.222468488 0.5549830522 -1.119542109 0.5821551805 0.6216077448 -0.398948421 -0.1117163049 -0.582748512
8.521120072 -2.892047279 -2.75632766 -1.00498241 -1.279780606 0.288553576 -1.227405448 -2.035507227 0.9044093887 1.075294245 -1.260972967 -0.8155068491 -0.405276588 -0.8929638176 -0.2327979615
5.274768223 -4.212467233 1.470787341 0.6073353764 -1.385421179 1.12107105 -1.120786276 -0.3933416297 0.1109506017 -1.166895033 -0.1297393725 -0.4642855054 -0.8328688134 0.05830158805 -0.43887393
6.172253633 -1.385275279 0.5369786317 2.006073225 -1.250351709 -2.720928179 -2.721476317 -1.407834719 0.0707141823 -0.3205553052 -1.681026788 -1.437226462 -0.2340839467 0.1124635986 -0.5631554169
5.068551931 -3.713143996 1.907637096 1.077408777 -0.6748585808 2.131552187 0.3790444706 1.198577632 1.416129575 -0.272939316 0.5215931355 0.1658132041 -0.4354814695 0.1432468179 -0.5342629336
7.478323986 -3.121102895 0.4418370929 -0.4881245439 -1.243952593 2.073432861 -0.4310211726 -0.5364833334 0.816637832 -0.3808194039 -0.3774413613 -0.4507523727 -1.023234504 -0.7306639744 -0.6910844285
4.045294508 -5.028280571 0.7775054047 0.2248789466 -1.482004518 1.431570905 -0.4257116668 0.4656333879 1.103175045 -0.2446395357 0.6818632828 0.3335308206 -0.2596284256 0.3955033554 -0.2536272121
12.22213391 -4.766997588 1.699251219 2.443076086 -1.877618791 -2.538031498 -3.083744989 -1.227774207 0.2991516265 -0.8643556343 -1.584606848 -1.245926824 -0.3585612549 0.06367079555 -0.7442153794
3.665292751 -4.791331282 0.3857304397 -0.3958413597 -1.628932334 2.14963042 0.8095876575 1.381245874 1.4543594 -0.1055210458 0.9489106583 0.5646380364 -0.4765638469 -0.05104483543 -0.4383654375
11.26548742 -4.673568927 -2.112412756 -0.3844630384 -1.842579489 0.6549002757 -1.097086228 -2.434913424 1.065364074 1.079268772 -1.510791292 -0.8277057507 -0.433309491 -0.9582599842 -0.2416126761
3.426805209 -2.87045402 3.303674913 1.381769706 -0.72567605 -0.2311714295 -3.19334947 -1.824140474 -0.5868716498 -0.868150531 -0.03900323844 -1.607151838 -1.78917384 0.166144306 -0.2180932508
7.348622616 -0.6640188184 -0.8693018136 1.791027854 0.6630884647 -2.474517433 -3.901150223 -1.49553881 0.2279269182 -0.3502989635 -1.295029409 -1.625523516 -0.9953006749 -0.08480833275 -0.3699000911
4.428657674 -4.641544768 1.028000278 0.5702472679 -1.267205114 1.40995023 -0.5979871469 0.09969058401 0.63387337 -0.7714900559 0.1445686932 -0.05079837701 -0.5283858441 0.2176962755 -0.338781232
7.217379505 -1.331223383 -1.182717217 -0.7603581839 -0.7118836296 1.256059852 -0.4312613107 -1.123567221 0.8383139923 0.1896193101 -1.271597196 -0.6109302 -0.8049467205 -1.236162744 -0.4900345877
4.230241996 -5.210319857 0.8034600224 0.2149121267 -1.719030732 1.107341769 -0.8366692069 -0.008259291196 0.5776221226 -0.7127591757 0.294947946 -0.08725241143 -0.6058991372 0.1943470517 -0.3679815922
9.89248909 -4.646444712 1.474661639 3.398368296 -2.468218778 -3.065855557 -2.032313466 -1.700701912 -0.2439617399 -0.08255468373 -1.705039289 -1.407432909 0.166956231 0.01463261885 -0.8106416091
4.866736983 -2.970254381 1.854906853 -0.3409316952 -2.533429669 1.235794995 0.1168678876 0.1180178354 -0.4497269027 -1.344463375 0.7405218533 0.3980820416 -0.82161333 -0.2244062056 -0.4137361911
8.779495926 -4.163698993 -1.591661089 0.8907276452 -1.5863094 -1.093612637 -2.00755525 -2.279700022 0.8835085826 0.9540087614 -1.745440508 -1.277891985 -0.4881423202 -0.8470207209 -0.2634171319
5.423720232 -5.149028056 0.6722628855 0.4699946933 0.07501380907 1.652623551 -2.18865764 -1.602039263 -0.3538843656 -0.5070328307 0.6161202071 -0.8220465973 -1.465520691 -0.01835149223 -0.2097291503
6.581079677 -3.032707657 0.4646941981 2.834296284 -1.832562398 -3.027198797 -2.07543565 -1.550473225 -0.1248839718 0.006359888253 -1.823498633 -1.464120843 -0.02849248268 -0.2349139725 -0.7081177186
