7.279448389 -2.808575751 2.050450419 1.217750495 -1.160456202 1.433362619 -0.34374766 -0.4562250372 0.4082687083 -0.8157735798 -0.1748838278 0.2212493137 -0.4660180784 -0.06920812786 -0.2930731781
11.83894772 -4.668485831 2.177439387 3.893774106 -1.088795549 -0.3652046559 -1.714465516 -1.188616236 0.7376961543 -1.270060325 -0.2416598995 -1.022477598 -0.6186869078 0.01447698815 0.3389070601
3.820914473 -5.379428821 5.000678515 2.227747962 -1.926825911 0.9511286694 -0.4915312211 0.6252366238 1.427297782 -0.4691044258 0.5692304057 0.7705907205 -0.3508382832 0.0587619774 -0.05390436697
12.01556228 -0.7420225085 0.02295830516 0.514530254 -2.143148244 0.04780963444 0.3294376172 -1.059220304 -0.7022387714 -0.9200643054 -0.7111995257 -0.63607694 0.1509739404 -0.2452000554 -0.001707034678
8.293188923 -3.315739655 2.28031804 1.282269558 -1.516974452 1.652843132 -0.4060378584 -0.4468896803 0.4872101342 -0.9553674925 -0.1086523141 0.2043067711 -0.5349385098 -0.07729897575 -0.2201898225
7.101594158 -3.239021926 1.651744045 2.420873013 -0.8846145815 0.1183972565 -0.4180657277 0.03889175495 0.87694863 -0.6497823051 -0.736957816 -0.005059815434 -0.3470343432 0.04666882082 -0.2841826494
2.494844955 -6.266644967 5.970389452 1.529840451 -2.816062198 0.7477286379 -0.5897974013 0.2006770348 0.08504714002 -1.114181755 0.7312613878 0.3119029611 -0.8004859265 -0.333015482 -0.5686117472
8.190219998 1.27070585 1.124097784 0.8825100353 -1.21209249 0.06163252796 0.4697035471 -0.7244849876 -0.9666842216 -0.8962628578 -1.158720937 -0.7111945734 0.04731762196 -0.07216368484 -0.4823442201
6.536494613 -2.34756607 2.042431415 1.041119766 -1.125241401 1.395448995 -0.1031362218 -0.4100935398 0.3564160594 -0.7633540466 -0.3866812932 -0.08378852761 -0.6852263065 -0.1215620175 -0.1165226698
10.48965423 -3.691986981 0.4263420598 3.253106312 -0.5142288983 -0.9985265439 -1.972206207 -1.396236041 0.3120515605 -0.8987151439 -1.035912332 -0.6186006499 -0.6261703739 -0.2241376216 0.2505486928
5.529217142 -6.135374228 2.005183721 1.502598655 -1.746739046 0.7504666328 -0.6495093109 -0.2739224987 0.8657665225 -0.5961153668 -0.08960957038 0.4759509135 -0.2366869589 0.1493463658 -0.03739306203
10.01997817 0.1967208955 -0.5002198295 0.3090704383 -1.770034933 -0.7636834633 -0.03907021462 -0.9825295461 -0.7069882787 -0.009267890652 -0.5659884414 -0.8610718903 -0.1036340081 -0.08450156222 -0.1754867176
7.925538395 -4.201171715 2.245511002 0.8608059912 -1.938818033 1.130869207 -1.146384288 -0.4921194763 0.4942646034 -1.069895083 -0.06412824264 0.08574588646 -0.4902169294 0.05568337449 -0.2223822262
6.829960495 -1.804792631 1.77317019 3.543605044 -0.3613669129 -1.225210893 -1.187118454 -0.7520305491 -0.05833622548 -0.8089395699 -1.32083057 -0.6456173441 -0.1156203093 0.4089691785 0.0722464266
3.067966094 -9.492332578 7.231930443 0.9269625143 -1.837628441 2.50017519 -0.4553312201 0.3097482494 -0.5137779767 -0.877081459 1.044545857 -0.4084802351 -1.213916195 0.5242497175 -0.2664828245
8.103218106 0.1260593088 -1.213195115 -0.4003389554 -1.411244863 -0.3549849992 0.1698368752 -0.9505738362 -1.172645291 -0.498498859 -0.7625676671 -0.7024354233 -0.2295039599 -0.3807256097 -0.3186953398
7.517187404 -2.628504122 2.03744359 1.048270841 -1.392598021 1.165026896 -0.6232354454 -0.8014067465 0.2012461643 -0.8912797708 -0.3255448528 0.008394418824 -0.6420630529 -0.04498060157 -0.05186075823
11.0675096 -4.134690643 2.19259503 1.916491972 -2.301379547 0.2544809923 -1.043586094 -1.297977192 0.2185075611 -1.258099056 -0.4176366986 -0.416997015 -0.0830663266 -0.1554210672 -0.3504949386
7.048911333 -5.616687553 4.585703876 -0.1413268831 -3.417779432 1.432402401 -0.422288029 0.1167450572 0.1158842931 -1.167358685 1.000980397 0.6763158506 -0.5908715468 -0.102847602 -0.1691177594
9.700685667 0.5338201817 2.164114762 0.9909006345 -2.77623282 -0.5392793962 0.2481474468 -0.6420964663 -0.4735633853 -1.130033166 -1.514555895 -1.251711383 0.1040603197 0.04790342951 -0.4981486094
8.2551741 -3.261737785 1.99088165 1.017953969 -1.636169244 1.244082713 -0.6863307983 -0.5056238754 0.3609444052 -1.113515345 -0.3792898074 -0.1706111183 -0.6372495547 -0.09695330714 -0.3451011306
7.314570399 -2.177156826 2.220451697 2.874550153 -1.12282068 -0.5567189546 -0.7380202286 -0.4731769366 0.3970621367 -0.9509522185 -1.428298334 -0.4250243636 -0.1020198548 0.003312543459 -0.5108133414
0.5912537915 -5.988384461 6.122226203 1.610316935 -2.540628423 1.25208283 -0.3430952834 0.02430597111 0.09353938621 -0.9531582246 0.5506124839 -0.3190901355 -1.258582934 0.04259016573 -0.1220575972
7.806909232 1.707134701 0.4171806024 -0.3559851547 -2.511659205 -1.453874849 -0.1649279807 -0.4487466998 -0.7755254521 -0.664018315 -0.8923550364 -0.7551385115 -0.3174961046 -0.2806826016 -0.1643300993
6.57725051 -2.89779837 1.656141932 0.7822047308 -1.614592371 0.8787220782 -0.5400641561 -0.7560399521 0.09829394535 -0.9279511 -0.4260216726 -0.05808094598 -0.7904544857 -0.3710342907 -0.4053451853
8.094316418 -1.269527915 0.2883474437 2.552423038 0.4372566948 -0.4694862404 -1.412232838 -1.062684912 0.1536934364 -0.3119365417 -0.8289914193 -0.3298047326 -0.242861941 0.007451427321 0.2184882544
4.506371838 -4.922304326 4.105590098 -1.316657121 -3.715386201 1.588304924 -0.1398214989 -0.07600913604 0.1277355717 -1.188659937 0.05130108871 -0.302743011 -0.80953241 0.227511162 -0.1092348681
9.839126688 0.291443325 1.104181366 -0.02876527268 -3.08282113 -1.098640531 -0.4215295081 -0.5966625884 -0.2855699293 -1.17889604 -1.216203363 -0.8869848311 -0.3822511562 -0.4762163338 -0.2967457752
7.658291593 -3.640999544 1.765775151 0.9378586089 -1.640054405 1.319883225 -0.6616546927 -0.8820895353 0.03747457548 -1.185233753 -0.439367222 -0.03422545922 -0.5619264984 -0.008221539876 -0.09135301793
5.688026075 -1.314697785 1.783850182 2.864800325 -0.862313823 -1.277434889 -0.9681192172 -0.6897830585 -0.1506392594 -0.8712477343 -1.455098508 -0.4666585573 0.2106024505 0.2084352208 -0.2800972669
2.137720146 -7.512716081 6.60152532 0.2001551731 -3.214454049 1.964048503 -0.6175378985 0.3163272034 -0.0392016117 -1.327348601 0.6443624905 -0.4486483272 -0.8571392861 0.3337524811 -0.1535677274
7.539496527 0.9227075705 1.096038846 0.7824803957 -1.287251545 -0.3965612843 -0.6821648467 -1.295133019 -1.046064255 -1.905562436 -2.39931559 -1.378289457 -0.3586126464 -0.6212704442 -1.044685326
