6.45209411 -0.8014214134 1.072692964 3.422761349 1.205391643 -0.8092337785 -2.089527452 -1.1258579 0.08884586747 -0.3835631691 -1.028126672 -0.5138664425 -0.9181730524 -0.7925768206 0.2346547173
0.3598475499 0.7335785701 -2.171144058 -0.5062142738 0.2081524386 0.2735448763 -0.2662414176 -1.199759161 -0.601960322 -0.6338542752 0.07664779238 0.333633401 -1.046316351 -0.4493205766 -0.1073930278
6.784624714 0.5635369033 0.337372948 -1.695229043 -2.036346635 0.9793211664 0.1265257211 0.7527166189 0.616369376 -0.7801836787 -0.2586598206 1.149364405 -0.5891357694 -0.6839994808 -0.191868549
-1.176056078 -5.436700902 2.83682105 1.824111966 -0.5743417695 0.6392282881 -0.8643485754 -1.07837331 -1.207668136 0.05532746267 0.2576634359 0.9770887699 -0.5193229502 -0.8935839219 -0.5196708159
6.062228818 -3.3364921 2.463469852 5.180377644 2.135178532 -0.6172929946 -3.067159035 -1.813031388 -0.1890273819 -0.8664649578 -1.021254104 -0.8766564354 -0.9940918272 -0.5470819677 0.5281305464
2.495404344 -0.339740169 2.384103928 -2.082010525 -2.179291825 0.3900432571 1.519067303 1.508812946 -0.1470126266 0.05245582606 -0.7829448623 0.09455328535 0.2007984245 -0.3217413551 -0.2027261839
5.97996105 2.122440941 0.7321926006 1.026080485 0.1813275928 -0.2539718778 -0.9658888046 -0.8911910766 -0.8232419797 -0.8274507519 -1.137837416 -0.6600325793 -0.4997399485 -0.4102813149 -0.2577905967
-6.349383899 -4.170327302 3.198101034 1.502721015 -1.623756343 -0.00665254144 -0.5571885781 -0.3320492916 -0.6900187647 0.01202464488 -0.2507424312 0.2324640151 -1.036792645 -0.7155662525 -0.3362742958
8.209192362 -3.409765575 2.313107109 3.881697338 2.262981937 -0.5838218717 -4.127454265 -1.089768058 0.05535990328 -0.7067712688 -0.4314795124 -0.785819066 -1.301070252 -1.014526253 0.6170676449
4.785867483 -3.564446162 -3.928525501 -2.087745642 0.5061088203 1.931511186 -0.8506512257 -1.459574928 -0.9839821468 -0.07766372173 0.3279182646 -0.1288193513 -1.198677243 -0.6602003984 -0.03476095278
10.09076212 -2.504445541 -0.6005375138 -1.220156034 -2.29928058 0.6241801818 0.02767287731 0.3691694569 0.8549799174 -1.049587148 -0.4839729988 0.6027627713 -0.8912376053 -0.5167362275 0.4443894189
-4.028470922 -4.733998608 2.925295005 1.38810154 -1.994634681 -0.6385117039 -1.777257862 -1.874211633 -1.346624646 -0.9336096185 -0.05826240421 1.005295162 -0.8022450207 -0.9101281505 0.07235912277
1.57046299 -3.619304901 4.664893675 4.335866061 0.651019774 -0.05934541643 -2.315608744 -1.573224408 0.173814875 -0.6991790501 -1.191916405 -0.344078135 -1.020770796 -0.3240681464 0.2193806136
-1.428775662 -1.057446035 2.615163898 -0.1547233494 -1.305640001 0.1525620498 0.08558533054 -0.2747653652 -0.6462554329 -0.4794184363 -0.01095494789 -0.08163568799 -0.3930862788 -0.2783892053 -0.3553896502
3.10853347 0.8190285678 -0.08738368947 0.2022420492 -0.2677032545 -0.4595105394 -0.9411514871 -0.8534513437 -0.6436922861 -0.2853845686 -0.4712796061 -0.2114241272 -0.2540500659 -0.1048648222 0.01802937797
-5.37028229 -6.313332927 0.6683062854 0.7651551094 -2.201674208 0.009817249481 -0.7236238114 -0.1795031535 -0.6111118273 0.2167560092 -0.3153669611 -0.089200734 -1.081237148 -0.9615896427 -0.03629859628
5.103229842 -1.971277956 1.645382929 4.228811026 2.451906937 -0.7515829372 -3.216515922 -0.9285521244 0.4018258286 -1.113317597 -1.333599652 -0.7274111195 -1.13274939 -0.7250235873 0.641865008
1.015232801 -2.85519946 -2.014163188 -0.2139981064 0.07074283359 -0.2529345135 -0.4454914236 -0.2099934099 -1.285880529 -0.7564125034 0.2909769015 0.5314908394 -1.27452343 -0.916140688 0.4397464701
5.2131229 0.3168967703 -1.571821494 -1.493642728 -1.276887648 -0.07499021968 0.3140030132 0.5354607593 0.09931010228 -0.4297734892 -1.03361463 -0.6616728474 -0.3588862232 -0.2214480673 0.005384125933
-2.817684546 -5.79267613 3.869195824 -0.8219660945 -2.201034912 0.2198636546 -0.5415516739 -0.3549566232 -1.809702752 -0.01251856024 0.1460755497 0.4831257413 -1.345959365 -1.09657649 -0.1810320936
6.459483869 -4.936417455 3.869825779 4.372348679 1.735627224 0.05986819285 -3.826254321 -2.026924124 -0.1403879235 -0.9092281639 -0.7180470421 -0.6033962902 -0.8259484886 -0.8197407535 0.2508153945
2.330257143 -3.153124369 2.834860944 -1.065860278 -1.875889397 1.268672001 0.4546939325 0.1890357912 -0.372002583 0.4553817838 0.3262050885 0.8830981017 -0.9659885905 -1.041094522 -0.6910952979
6.306889982 1.024648266 -0.9247892715 -0.4851273369 -0.9928607875 -1.417508529 -2.253856057 -2.266858076 -1.647601987 -0.6461603645 -0.4134097825 0.0600831334 0.147002522 0.3706590966 0.4950656675
-6.265002582 -5.978013913 3.265865086 0.9838002116 -1.627516988 0.3431266109 -0.3326697145 -0.8125508233 -1.426304335 -0.1966188334 0.3320990709 1.101799862 -1.093302504 -1.261319878 -0.560206759
9.210005016 -4.761125595 1.819025288 4.14504115 -0.1422363787 -0.4706268752 -2.419199932 -2.577172161 0.2211092974 0.1945360636 -0.8881792732 -0.2545391069 -1.090618335 -1.401901761 -0.0716588014
4.776003505 -5.470751002 -2.027287906 -4.031819578 -0.9771720617 2.105943492 -1.442009539 -1.759230599 -0.8825799129 0.6061789023 0.6522153517 -0.3846273971 -0.7388483404 -0.4817048635 0.005889999755
8.193218398 -1.353354338 -2.835288546 -2.439933054 -2.410768463 -0.2610407942 0.374303691 0.707519044 0.5164906596 -0.9577350703 -0.5252553152 0.1732363861 -0.7855387378 -0.2278426429 0.9642225958
-5.607955404 -5.660527671 2.765141499 1.259974297 -1.533145 -0.8176160413 -1.576743921 -2.001360175 -1.005653677 -0.963181953 0.02290959279 0.326824542 -1.592536846 -0.9338632863 0.1336006005
4.11903499 -4.692334711 3.617806395 4.004225452 1.03799536 0.4482519208 -2.738031844 -2.174212588 -0.5609172019 -0.6079201407 -0.7331326767 -0.2178825649 -0.9840013999 -0.7407083111 0.06156726281
-1.57857332 -2.978953663 2.734207185 -0.9944478175 -0.7838209857 0.2466659448 -1.12645156 -1.051494335 -0.2933231675 -0.01539415616 -0.9466575718 -0.6531320107 -0.2699370166 -0.2962032512 -0.3095672704
3.840350734 -1.005351539 -0.6560314231 0.2921295934 -0.3014081672 -0.4690805165 -1.235978633 -1.058590298 -0.5256655342 0.02952471642 -0.2290032682 -0.2517701188 -0.615430647 -0.4049592747 0.04141676188
-6.496247253 -6.679489766 1.134520978 1.533915459 -1.355449063 0.3341548094 -0.8519954667 -0.7653773477 -1.170171428 -0.1964263006 0.06443068791 0.6704124877 -0.8506110009 -1.094510341 -0.4289539924
