6.292685678 1.784222096 0.5831240169 1.604419269 0.6781797462 0.6971505768 0.1350240749 -0.250816187 -0.414405734 -0.3009096954 -0.1484049056 -0.5002992655 -0.9477437137 -0.3630320827 -0.05536431408
5.671751362 -0.7439918106 4.039819899 2.128103071 -4.545689844 -1.971737373 0.6475016522 -1.162724041 -1.348402527 -0.4729482225 -0.6090116278 -0.2217106565 -0.8209006944 -1.452783307 -0.1551845182
10.5630946 0.6741424036 -2.008984962 -0.1107459327 0.07331824565 1.020039869 0.481085114 -1.010556094 -1.335257546 -0.1292721513 0.2066820448 -0.8576690487 -1.311266283 -0.4335458789 -0.06024680232
4.202557549 -1.893539534 2.43532028 1.391384514 -1.839497465 1.015926248 -0.2669053433 -0.9739886574 0.5476159183 -0.2570735143 -1.017277599 -0.06872272371 -0.04066681204 -0.8220065743 -0.5494878183
3.644282829 -0.3774262018 -1.475276959 0.3693015898 -0.1047884832 0.2011670898 -0.1610701764 0.06068784238 0.219580811 0.04362529533 0.2041568559 0.2441739568 -0.0977816086 0.02172512155 -0.1264731625
10.17707916 -8.144620488 -0.9695173005 2.502694048 -2.677928003 -1.281142914 0.4872755701 -0.9591373763 -0.4850329197 0.248525966 -0.6034671893 -0.8787519121 -1.165356769 -0.966079181 -0.2872361048
10.63159461 -5.725213286 -3.330613413 1.532039578 -0.9225538829 -0.5905661555 0.9639800399 -0.9178616868 -1.70594819 0.2786385636 0.161466431 -1.493848031 -1.499603403 -0.3841852222 0.05336807208
-0.07848304526 -9.817359114 6.396429197 1.97090657 -1.93854002 1.301333004 -2.029977755 0.3202316508 1.205861959 -0.5465537004 0.02007108903 -1.189763902 -0.2642803457 0.9173078185 -0.4311406556
4.300587271 0.3486727246 -0.6197045997 0.9125903643 0.2429450182 0.5461916517 0.005629300878 0.1202968301 0.2226079499 -0.1199761748 0.001329691288 0.03486111942 -0.3129976222 -0.09544018505 -0.2106963826
7.133289084 -2.402390452 3.518319408 3.409422178 -4.670436851 -3.353020132 0.3828647613 -0.3862755993 -0.982124708 -0.6402908327 -0.860368836 -0.254167396 -0.3769630301 -1.298277236 -0.8921556989
7.785986475 -3.650338219 -3.610790248 0.4067752242 -0.2932538295 -0.212161025 0.5606816435 -0.7826294952 -1.633523172 0.03995196344 0.3146086682 -1.298078251 -1.665470472 -0.399276423 0.1410394321
2.582738342 -4.024078929 7.213405753 0.5302499701 -3.832655584 1.399270143 -0.736862827 -0.5823530192 -0.4817412268 -1.2182693 0.3668767871 -0.4680312915 -0.9599476179 -0.5024917584 -0.7060050978
3.89177811 -0.8367705983 -0.7322434928 0.6922091454 -0.3503378253 0.4284896787 -0.1414028411 -0.08790479612 0.2835596044 -0.1494529114 -0.02773883549 0.1366937829 -0.2745301342 -0.04554160645 -0.1784940136
6.350794701 -4.714477083 0.9217475277 1.834010609 -3.802372558 -1.635693837 0.7896799086 -0.3037502058 -0.2537092362 -0.07714919594 -0.8796503385 -0.7132273453 -0.9243622627 -1.128502646 -0.3504525106
7.048899283 -6.185067874 -3.784052145 1.134047319 -0.4739978084 -0.4629440318 0.4758008026 -0.8511916659 -1.251420327 0.2783945397 0.1737821056 -1.171008915 -1.497247292 -0.5990067004 -0.05367191605
-0.3674887048 -7.156829853 6.827802351 1.54450192 -2.746755381 0.8583628228 -1.256427995 0.03995935574 0.3385501154 -1.132511753 -0.2089447883 -0.9052451132 -0.3754688121 0.2916028661 -0.9611711779
5.964591934 -0.3858263268 -0.6180189723 1.205346476 -0.2931043156 0.2209242256 0.1860395598 -0.7546360376 -0.839065818 -0.05920274136 -0.04895761655 -0.7390797147 -0.9882941632 -0.3543010099 -0.2886063014
5.255046539 -1.54388966 5.72585887 1.057418777 -4.301769689 -0.04784095053 -0.544031002 -1.344422604 -0.9282548207 -1.127112711 0.1091748594 -0.00662490698 -1.121101505 -0.9114327114 -0.1891926637
7.90440775 -0.3212533016 -2.082475635 -0.2545316297 -0.3292556628 0.3996119824 0.1745617815 -1.318580623 -1.444722328 0.04949069791 0.04977453585 -0.9746674331 -1.063617621 -0.5259580625 -0.4829394512
3.264789475 -6.222744002 4.503785575 2.203175216 -2.56086964 0.5266789349 -0.751168934 0.3069146918 1.123294584 -0.7415248487 -0.7754672616 -0.9421604666 -0.6430612245 0.09896481306 -0.5374834528
3.633377004 -0.4243667047 -1.52676205 0.1879104332 -0.3176770914 0.01742497682 -0.4028756745 -0.241956823 -0.07664423117 -0.3270493738 -0.1992424773 -0.1095149535 -0.4039411015 -0.1945446794 -0.2324407852
6.856923102 -6.665565689 -2.044553472 1.708720852 -2.119101136 -1.252713868 0.5452829075 -0.5621133288 -0.3739072352 0.4689967356 -0.4296456381 -0.998752195 -1.197014843 -1.077732481 -0.4244999463
9.18317726 -5.085234486 -4.369250262 0.1248932391 -1.236283688 -0.7230108315 0.756547844 -0.3235024346 -0.8059168125 0.6271658894 0.01896335834 -1.757694615 -1.715551273 -0.5353808193 -0.3070252144
-2.109221351 -8.586518849 5.219092249 1.841511863 -1.971333326 0.875487259 -1.475980134 -0.07116131713 0.9490175524 -0.435835309 0.08656753437 -0.632973574 -0.6546413618 0.06266129038 -0.4027925555
4.273943169 -0.04463573845 -1.295724597 0.434738031 -0.1109505126 0.1948535685 -0.2363571036 -0.1087588338 0.02413924312 -0.1912243444 -0.03339953673 0.01416376879 -0.3389107309 -0.1683433211 -0.246988192
7.671395603 -4.495423553 2.556862885 2.203566057 -5.670641667 -2.203260666 1.786698801 -0.4712938472 -1.315619467 -0.7732832309 -0.8967085694 -0.2156149376 -0.9519914164 -1.912260926 -0.6000038751
6.507009605 -2.812210623 -3.84266134 -1.104779142 -1.003395796 -0.2637516994 0.1455948759 -0.3853270287 -0.09127466977 0.7911479431 -0.08769445416 -1.518275392 -1.678390764 -0.8390512308 -0.3121119115
-0.4465608291 -5.267503442 7.732662863 0.8784793127 -3.538623825 1.07435211 -0.4888654129 -0.4084941251 -0.975083983 -1.827360241 0.3936531631 -0.110034183 -1.221209208 -0.6640887942 -0.2470482603
3.608396681 -1.286590635 -1.106798863 0.3733529683 -0.6611133917 0.1441282359 -0.4161648818 -0.3111287619 0.1343999065 -0.3106670383 -0.149368692 0.08697388018 -0.3217510352 -0.115634074 -0.2131975964
2.860668316 -5.015894329 1.985241827 2.874661544 -3.721179063 -2.201643797 1.178016331 -0.008783263119 -1.057052041 -0.6007077352 -0.164681997 0.5543372315 -0.4373276683 -1.657135559 -0.1890300522
4.590381528 -6.099480239 -4.135541379 0.6646784141 -0.2352157282 -0.3143063025 0.3289137099 -0.8929342848 -1.488684685 0.1114350007 0.5600284272 -0.7645177095 -1.54084929 -0.6218742621 0.1486780935
-1.744450584 -7.012625365 6.454829487 0.4202647177 -3.194941103 1.506044012 -0.462982105 0.1964254868 -0.0700920848 -1.254006885 0.5622057862 -0.02018826766 -0.5946207796 -0.2522968581 -0.3479130681
