5.210410269 0.5220539518 1.012707475 2.12633518 0.3728596684 -0.222168433 0.5231904451 0.4822356297 -0.7151528793 -0.7815712063 -0.2144492753 0.1629542691 -1.018200066 -1.113866669 0.03162946016
1.612609258 1.925934654 -1.70548734 -0.1771117518 -0.8488431304 0.1552959894 -0.8934385077 -0.4106548888 -0.9456443462 0.8335293986 -1.843194662 1.404547619 -0.7352695869 -0.1319282587 -0.4534310085
7.992091207 -0.1637918356 0.4986123297 -0.7260943235 -4.397203596 -2.550806966 2.552432016 -0.1344325299 -0.9778245702 -1.286280068 -0.6819617345 0.4366014227 0.3731812776 0.1795439841 0.5309642845
-1.059584841 -1.446838975 1.25305657 -0.8053257311 -1.518830471 0.04893512308 -0.6286165579 -0.7926196607 -0.5094942871 -0.03894046313 -1.090145292 0.0960442869 -0.334054598 0.06932559098 -0.6377778833
7.899891559 0.1725475197 1.973364336 4.408950011 0.8035807869 -2.520486961 -1.20119377 -0.04128591031 -1.977521915 -1.894525083 0.290546019 -0.04361200105 -1.643643938 -0.4857234109 1.187928638
1.571493053 -0.3161073114 -0.03338945975 -0.228518378 -2.590215714 -1.164434989 0.4650436678 -1.162640013 -0.4323680181 -1.19780077 0.04921654252 0.529331217 -0.02333994539 -0.2449599513 0.3672895688
4.857282366 2.51394444 -1.380825104 -1.841960845 -2.561269943 -1.32916189 -1.242892051 -0.7406152405 -1.006557148 -0.4020158553 -0.8290848911 0.5207359166 0.4734151034 0.8793608913 0.2315921623
1.105311951 3.216310901 -1.292933818 -1.517640819 -1.702050746 -1.427328441 -0.5616715105 -1.425546144 -0.2687844568 -0.1878111981 -0.7165818572 0.7006302272 -0.1001667093 0.05869328872 0.2283282081
6.987512778 0.7698798828 0.09109956189 1.797298249 0.2649749857 -0.2972023328 -0.1179121004 -1.609679855 -3.458265878 -2.202270762 0.5449102395 2.359764279 -0.06628891127 -0.6053320648 -0.1106394695
5.69775496 -0.4697335897 -1.797380806 -0.3119612262 -0.6108559264 -0.6521133806 -1.234570292 -0.4567366951 -0.4376970847 -0.4817304512 -0.6835698118 0.1339428407 -0.06125519021 -0.3122843246 -0.3279380178
11.36658334 0.973455825 0.009414214717 -0.5236583739 -4.857416975 -2.322290768 2.063726818 0.8509617393 -1.641826757 -1.419515551 -0.6979678486 0.3889143008 -0.07303974555 0.1132256763 0.1771829763
-1.864938709 -3.623654552 2.881622725 -0.8999737234 -0.5679567689 -0.06248937882 -0.7119095187 -0.6475819566 -0.04316358996 -1.000590437 -0.8777083582 -0.587381999 0.3086454428 -0.436376165 -0.7081669803
8.040018157 -1.826327684 1.132333305 3.858040173 2.645944742 -1.435854945 -2.147413654 -1.758464437 -2.421126975 -0.9910865808 0.7791108932 -0.1424272422 -1.525702391 -0.1322571826 1.08985296
3.805939513 -1.933125543 -1.656065617 0.9692411756 -0.2184344632 -1.033074984 -0.5543730326 0.5964056328 -0.387092306 -1.223127863 -1.090499106 0.7996964272 0.1836106016 -1.040182742 -0.7264770923
8.277125696 2.06181067 -1.716596829 -2.119029033 -2.140835435 -1.441147718 -1.199535631 -0.3517471342 -0.02968898068 -0.4219359279 -0.8592396054 0.0140285417 0.9087241605 0.8295550896 0.109332893
-5.242621163 3.269655336 -1.1181414 -0.6552429152 0.4083003004 -0.9655174782 0.04069493872 -0.8983871995 -0.3614429015 -0.4068306655 -0.4223319449 -0.1705669449 -0.6706410673 -0.748679826 -0.3220035825
1.613929244 0.4123104943 0.4551693474 2.428174226 1.26293708 -0.6216957013 0.0407032602 -0.8480645128 -1.139233 -0.7235599613 -0.3545831205 -0.1232971705 -1.199593886 -0.8786196794 -0.03292954819
2.620870005 0.4381683342 -0.7201387724 -0.8903910876 -0.7261847291 -0.8758064154 -0.848058993 -0.5520363458 -0.4413709971 -0.2460052267 -0.1570371104 -0.006497677069 -0.04229567894 -0.3711733702 -0.4057881521
7.198987949 1.875553063 -0.4951878969 -0.9507271787 -3.64858013 -1.615674304 0.7571281136 0.4649947952 -1.484877976 -1.106018155 -0.605982014 0.3486735186 -0.05420450026 0.4486585194 0.5703709208
-4.318898067 -0.8725974208 5.299369227 -2.413253269 -0.293042486 0.2520010346 0.4331786284 -0.1646783868 -2.093581864 1.212763411 -0.04231893588 -1.632238043 0.1061267447 -0.3984534112 -1.007210286
5.901443025 -0.4588391474 1.41435552 3.704469734 1.848138736 -0.9998936927 -1.734302331 -1.529137581 -1.831320378 -0.7771084214 0.2611460704 -0.4885813233 -1.625448627 -0.611379556 1.060944757
1.180085821 -2.966986329 0.9178363414 0.8664595243 -1.490893858 -0.9333294391 0.4911661948 -0.445943466 -0.3754862064 -0.4776440757 -0.5265495431 0.2687365248 -0.2166346604 -0.6364233705 -0.4543014546
5.800507359 1.54146419 -1.157282391 -0.843091484 -1.619296946 -1.445863109 -2.173405977 -1.444939918 -1.224396893 -0.4872105602 -0.4372852993 0.7577401529 0.6376072714 0.4089771025 -0.2111340915
-1.762279282 1.509283875 -0.0442567177 -2.176004408 -0.425649973 0.6606794413 -0.5450310485 -1.492189861 0.3599914335 0.53866788 -2.331033943 1.672602856 -1.128974931 -0.1597891524 -0.6200276589
5.84397 1.236918014 1.877632569 2.555055422 0.1628360896 -1.640881103 -0.3907349406 -0.2846321892 -1.983174459 -1.956354397 0.02562529185 0.9654298079 -0.7177330498 -0.8707535786 0.1173137203
4.796280181 -0.01243268076 -1.962468582 -1.523698208 -1.090236389 -0.06607378714 -0.4710312154 -0.3337864522 -0.5042468274 -0.4401366931 -0.6871277888 0.2404940815 0.1350094153 -0.2869582878 -0.5848057519
9.998502761 1.933849779 -0.8078967876 -1.832999426 -3.449425769 -1.742026973 1.013376777 0.5961502292 -1.394495109 -1.585761961 -0.4203548586 0.07212201459 -0.1599552869 0.3298060843 0.8337470023
-0.2224599497 -5.423529018 2.463795157 -0.9990786294 -0.6915320201 -0.04988143519 -1.473935271 -1.076723436 -0.651841681 0.1168463869 -0.8033678044 -0.5504059298 -0.3980252126 -0.2129415262 -0.04807801868
7.020966756 -2.038625013 3.265949304 3.731473241 1.741265909 -1.663569433 -2.158050185 -1.091917175 -1.740864814 -0.784101321 -0.1061593152 -0.497599538 -1.754350581 -0.8039266152 1.300351448
3.273694887 -1.88894502 -0.448419165 1.211896352 -1.453690016 -1.508047171 0.3760389753 0.6825686295 -1.281871167 -1.226525602 0.2603166865 0.6951889222 -0.9821537534 -1.058423804 0.409631583
7.609855661 1.797652433 -2.222899061 -3.093003231 -3.137830796 -2.073006382 -1.403428761 -0.2824790145 -0.01921525442 -0.5150157942 -0.8964624879 -0.1574098668 0.2703527976 0.09329337881 -0.2822943074
-3.628232503 0.2472268457 0.02408412142 0.7197868065 -0.5666020344 -1.276623248 0.5722392446 -0.7126656476 -1.245130733 -0.7801392085 0.006063183575 0.2621649206 -0.9702607 -0.8771476303 0.2143862788
