9.541076455 0.3109026521 -0.7360383554 2.100534268 1.404045478 -0.8402570011 -0.8002496961 0.3357063495 -0.3584029385 -0.8227836096 -0.244747248 -0.6521210754 0.09212429973 0.9780822496 0.4632626644
4.205928268 3.158631785 1.401970104 1.550515317 0.9637954149 0.7810087274 0.3820402814 0.3864855623 0.2042902739 -0.07374849773 -0.06654334372 0.0870152173 0.1017709927 0.1055700579 0.05376059252
9.865019567 -0.2002195279 -2.992339707 0.9326930457 1.018737997 -1.274561706 -0.04042005843 0.7373221202 0.05091058996 -1.118216207 0.3047484882 0.2089812722 0.2822431193 -0.1901636277 -0.007466388671
4.562084848 1.791105682 0.05577349017 0.9397900938 0.5196045954 0.3045430746 0.1793789378 0.4102454869 0.1785819842 -0.1103562727 -0.04754747945 0.07210077844 0.01953044984 0.06887874392 -0.01068388649
5.788312749 2.333403668 0.8816904374 1.983342253 1.228496526 0.2684368672 -0.3562650376 0.1085262505 0.3368126449 -0.149738039 -0.4165301585 -0.1049023719 0.2876294941 0.2319958849 -0.3373181235
9.161630664 4.808357995 0.1140665987 0.03121935932 -0.04399541625 0.03587569327 0.0317515157 0.3061379178 0.02687915537 -0.1830012816 0.06582603319 0.1227507797 -0.1745412195 -0.2021490112 -0.0137757142
6.069670415 -1.047140282 1.804891248 3.487400135 1.982048302 -1.574850372 -1.710549762 0.9937302902 -0.4211077407 -1.270374162 -0.1329425447 -0.6600576077 -0.806165122 -0.08675593907 0.2341664328
3.360984092 1.608398085 -0.1019451958 0.5360446074 0.2419012244 0.1987743898 -0.1171163987 0.1489013632 0.2094902252 0.007911096173 0.0355090291 0.1881078913 0.06785491061 -0.05105698832 -0.1638110684
8.535512827 -0.9415459177 -1.121223351 1.819289634 2.272741648 -1.408327492 -1.324114948 -0.3058900478 -0.09126243331 -1.01297722 0.1457872138 0.1094876158 -0.02886384167 0.02116571608 0.3467423881
3.35075649 2.279664795 0.7569680948 1.047425965 0.6529137279 0.6144861773 0.3068476682 0.3459353141 0.2491982577 0.01154285135 0.1043789471 0.3029350682 0.2128483008 0.1846438076 0.08226132638
9.715255729 -2.773043673 -2.557589946 1.055402066 -0.2860679111 -1.446603344 0.3030403563 0.8409266479 -0.3451573741 -0.4809961919 0.3119187726 0.2131021138 -0.3462414073 -0.4931737233 -0.3048573915
3.513028453 2.712066257 0.5155105108 0.4176129123 0.137139486 0.1565857541 -0.1315414688 0.05489804266 0.003851434052 -0.2805923965 -0.2922186579 -0.0277611565 0.06163453936 0.07587325786 0.05643203688
7.916169499 0.9222229682 0.662729435 2.432974619 1.892176263 -0.8953982057 -1.867385296 -0.06943625991 0.3029801742 -0.1668825662 -0.7854635093 -0.5036614612 0.3281547587 0.1166578414 -0.09461262876
6.174038776 4.208905186 1.719953902 1.364458352 0.4649717682 0.1814186437 -0.1975582647 0.05760572983 0.05697750937 -0.1848346338 -0.1084518111 0.1974933392 0.219046863 0.1256584751 -0.0101253036
6.555385765 -2.094464214 1.543399122 3.409972266 1.542387696 -3.236475105 -1.651846812 -0.2216854215 0.7333517163 -0.970509967 -0.327584083 0.0199475388 -0.5086860486 0.3409391622 0.9432480718
2.53166164 0.4010568824 0.6296598328 1.003615073 0.5534246382 0.3765940016 -0.2061820741 0.1736913874 0.1596380342 -0.2275375701 -0.1705798062 -0.08414587038 -0.1747185975 0.07301424714 0.1056405547
8.488388566 1.184782218 -0.5969931879 1.592290421 1.230450726 -0.8732615696 -0.8919630702 0.1922682409 0.007982461678 -0.5159894598 -0.2738748447 -0.6239460771 0.1026889049 0.5835472713 0.4349233826
3.535015587 2.237116766 1.609994058 1.274667678 0.681932947 0.5559749391 -0.1511787041 -0.0848889947 0.09355704731 -0.07467230728 -0.09616703345 0.04708836168 -0.0766539145 0.01302685935 0.06906520178
8.967847218 -1.277175111 -2.572039073 0.8275372546 0.5257705949 -1.451642529 -0.08739816276 0.673562684 -0.2260373552 -0.7173089658 0.6421877757 0.08814213561 -0.01488450483 -0.5445121342 -0.315655419
4.380288304 2.444234011 0.3816037637 0.6767255741 0.1992086478 0.1589748707 -0.1321281411 -0.01060621993 -0.06561615271 -0.1492659035 0.09643435704 0.3898723606 0.424302029 0.3346010598 0.1824325547
7.305583706 1.534552868 0.4370847422 2.434288174 1.621835375 -0.2837061724 -1.293246366 -0.4643618173 0.3228189604 -0.05647818366 -0.7482132726 -0.4096862703 0.4689899837 0.4663293191 -0.5959011187
7.346231795 3.659167205 0.7717946933 0.4030909095 -0.2616122807 -0.1386855886 -0.2074462117 0.09068573447 0.09379386222 -0.08692681354 -0.06703729129 0.04776565468 0.008389291872 0.04639670819 -0.05227836506
7.212453224 -1.424537474 0.6544073628 3.036519359 1.615636074 -1.91336357 -1.949688372 0.1133652928 -0.1263589548 -0.9352829689 0.2213696086 -0.4287925696 -0.4776222801 0.1457374608 0.5488622837
4.01644046 1.280701671 -0.743335964 0.02383294762 -0.05428857315 0.02376595823 -0.1349792554 0.1397001108 0.03280397083 -0.1900719217 0.00433953271 0.1319881303 0.03576654834 0.04307576583 -0.06071046596
8.678485052 -1.946373671 -0.6854520934 2.053520819 0.6175514282 -2.088306341 -1.649742315 0.04926654326 -0.553277189 -0.8186337082 0.7963326019 0.09286460856 -0.09134855964 0.1194291293 0.2518662287
2.517617317 1.768078922 0.6257841181 0.5942978825 0.315604696 0.2028261205 -0.1923587353 0.009916323039 -0.06729296942 -0.3302181916 -0.2628860242 -0.03493299061 -0.04605577335 0.06202148645 0.01403579477
8.625433493 -2.502857497 -2.386138911 1.2408233 -0.3609168315 -1.792753017 -0.1455485938 0.4980471068 -0.3121062533 -0.4209751892 0.6688139298 0.1094475885 0.02942737077 -0.5081380495 -0.5808722585
3.610244666 2.048555438 0.09338780149 0.7742784417 0.404159637 -0.01686969175 -0.4487964235 -0.3360514428 -0.3490310954 -0.4861159114 -0.3434869016 -0.1565373091 -0.08738751403 0.06403909794 0.08134327116
5.585730035 1.17925753 1.620502654 2.880216083 1.523071536 -1.098224682 -1.000838984 0.6609132517 -0.2117584811 -0.792258889 -0.2623176175 -0.4244841454 -0.4005256882 -0.1895354633 0.02113029895
5.128518322 3.180510356 1.209592517 1.062170021 0.3560547231 0.1255656239 -0.1954634766 0.06394164405 0.01300239303 -0.2066600234 -0.1567772851 0.07297211046 0.1302532913 0.1720129041 0.07010719387
5.805556871 -2.41743124 2.105237481 3.185261662 1.264269928 -2.809641434 -2.255583755 0.5037989368 0.5860507902 -1.053803984 -0.022955663 -0.3447805923 -0.4421090384 0.5258363503 0.7329104593
3.299126785 0.7181115606 0.09452797589 0.3083343845 0.02951618771 0.3433248454 -0.2874891378 -0.2541199297 -0.006283881385 -0.2238487272 -0.1322343793 0.1554111396 -0.06180065461 -0.07159020511 -0.01853763622
