3.375830265 2.116422064 0.3050834779 1.030756573 0.559278577 0.372330426 0.05448441097 0.130280632 0.09590970603 -0.1150445307 -0.08483652282 0.03105174709 -0.02676553292 -0.111810741 -0.08075575585
4.047355567 2.863391411 1.160733179 1.450751724 0.6518607735 0.4074908408 0.04279764337 0.1270993579 0.08708584454 -0.07940114081 -0.01332128999 0.1179856138 0.06613546112 -0.04650266937 -0.01938217932
6.053028363 -1.702623046 1.714394495 -0.1404914041 -0.5624395982 0.1987147067 0.3278424023 -0.9908919083 0.6527077516 -0.4722783106 -0.4341544113 0.01232791753 -0.07175847652 -0.199437962 -0.009700861414
9.54672934 1.475305071 1.059493519 -0.2740125673 -0.9073599908 -0.8378296706 -0.9307544942 0.4062680967 0.4682416995 -1.015185126 0.3337575956 -0.09366879564 -1.064877086 -0.151324182 -0.1480192661
0.2701191609 2.709444734 -0.211380533 1.274636296 0.2788501283 -0.2701977951 0.8612490701 -0.1989785512 0.6386723886 -0.506032399 -0.02187991994 0.3424398383 -0.004071102307 0.1016485593 0.002156168752
4.285568961 2.089607107 -0.05404267998 0.2202961457 -0.1084216471 0.2188717088 0.129039501 0.285618317 0.1147347381 -0.1387133469 -0.02694318139 0.05779431585 0.03468724595 -0.04958962267 -0.0959301479
-0.04698342867 -4.036514564 3.070352863 2.155168995 0.7780936244 0.2097764899 -0.08418895281 -0.5065653258 1.11448547 -0.1994356333 0.1398420464 0.3654995999 -0.07595942848 0.005829228278 -0.02373523022
8.150245564 -1.995142108 -2.04798981 -1.679209158 -1.442517328 0.2459564293 -0.07319557631 -0.1887680457 0.6818764928 -0.7933280478 -0.09657897878 0.2603006019 -0.9467474607 0.002183572025 -0.5039853976
2.340832898 1.49679078 0.338036124 0.7699379879 0.3705084576 0.4861156206 0.1349768301 0.241973428 0.1825867376 -0.1962998657 -0.1161085701 0.1149784228 0.03534516075 0.01602141723 0.08523215181
5.795095881 2.310351415 0.437446384 1.141011391 0.4153303317 0.1961474517 0.04175250502 0.1993662958 0.03205084174 -0.07141782982 -0.07006637764 0.0120828593 -0.006001745597 -0.1779472176 -0.2024694367
9.283086596 -0.9867952599 0.6470761138 0.07589860601 -0.1608386739 -0.06528585999 -0.277127076 -0.1121386261 0.1690654044 -0.5163769239 -0.04328902388 -0.1872951812 -0.0549033226 -0.008002901388 -0.2040278163
6.466828203 1.381140621 -0.1669253558 -0.4800571994 -0.2492694082 0.9375144333 0.4551430749 0.7041255323 0.3220484252 -1.255588567 -0.8107701559 -0.4972517759 -0.5892456353 -0.174239104 -0.56227607
2.433284835 -0.08836668131 0.3478146097 1.18981296 0.3031277651 0.2215887279 0.0443293845 0.356679172 0.1199347837 -0.3419368825 -0.1221729061 0.1534502843 0.000588987124 -0.1408534639 -0.05792574142
3.766475802 0.8429912915 -0.3339415185 1.254213215 0.09305871846 -0.719086687 0.05880879493 0.9770342317 -0.04864016507 -0.5698516211 0.102812685 0.3819044132 0.02282334316 -0.2301862243 0.004117164901
1.861618516 -2.986712037 2.654022704 1.532233637 0.01930388956 0.004689777014 -0.0292546356 -0.8880050164 1.13836953 -0.3062165674 0.0471028172 0.3862970739 -0.1408465186 -0.08501308644 -0.05244885153
9.880561915 -1.103725826 -3.254303941 -0.4354247256 0.4341666108 -0.8721255603 -1.833211255 -0.985345001 -0.1137455463 -0.4386113399 0.3848223081 0.5105178215 -1.013912444 -0.2684304106 -0.6100568126
3.104808034 2.282129526 0.727496661 0.7028597516 0.1134433038 0.2753587459 -0.1471473216 -0.1102017664 -0.1524439694 -0.3009591427 -0.1132423972 0.09593180824 0.1600517799 0.1039926072 0.04954428248
3.899927449 2.105495615 1.730873293 2.274882831 0.4958318906 -0.04472869166 0.3362355018 0.6050821665 -0.1666196731 -0.6480640324 -0.05935835621 0.2242784298 -0.4673762969 -0.5068078493 0.04468602933
3.863523291 -2.618725615 2.511285817 0.7004017079 -0.3520968073 -0.131867864 0.1140106232 -0.6907214068 0.7195493531 -0.4578183626 -0.1584099922 0.2844948878 -0.2434439347 -0.09386907165 -0.0577174768
6.802134809 2.487693182 1.146159086 -0.343963769 -1.519306908 -1.450010051 -1.151263603 0.413939437 0.2261849799 -0.8909186196 0.0221143816 -0.3502743777 -1.172247723 -0.4026493707 -0.4260655379
-1.475507815 0.8617553522 2.101153959 -0.1748259861 0.773137362 0.3079577315 0.495876725 0.0268547727 0.5738160224 -0.3844934037 -0.2737317835 0.1175982725 -0.2748471248 0.02769468955 -0.01017168848
3.798637517 0.9584222531 0.3195762498 0.3520140453 0.1622421506 0.8409785292 0.3435362946 0.2771791727 0.05029685075 -0.3782604665 -0.2812684936 -0.1002194618 -0.2127899335 -0.3098105969 -0.3335252642
-1.713060653 -4.539571151 2.415582287 2.428549813 0.8418853461 -0.4056329112 -0.01240391237 -0.6697334859 1.437719273 -0.424140626 -0.02394903814 0.1692903796 -0.01025135687 0.1577864431 -0.1045299376
8.763547241 -3.003296868 -2.401265089 -1.647538008 -0.7656416878 -0.2261481099 -0.8113348194 -0.1956228504 0.7331277301 -1.185728824 0.7742909681 0.3513479183 -1.740954425 0.2380586384 -0.7154441403
3.318248729 1.318903018 0.009299379165 0.5119656638 -0.06334008726 0.1119704704 -0.1915173831 -0.1498129353 -0.151064231 -0.2086456305 -0.03669635472 0.1186899024 0.1114475304 -0.01221050519 -0.04698932919
4.969122783 2.352364633 1.014944084 1.216244736 0.4225375607 0.145114572 -0.1060909558 0.3472952825 0.06492459243 -0.6741227315 -0.7152882696 -0.334337165 -0.2932111849 -0.3696565074 -0.411013539
6.631766528 -1.65400203 0.1531854674 1.041374791 0.08592198637 -0.03953848087 -0.8137489843 -1.374512007 -0.47616803 -0.6825376421 -0.3009986439 0.2414421592 -0.6637945122 -0.3247012907 -0.3293014008
7.813732972 0.2394158823 -1.188047099 -1.650055816 -1.160925983 0.7914548769 0.2943670084 0.01950958975 0.5120088666 -1.084260135 -0.757693648 -0.1718123057 -0.5293319864 -0.1676859323 -0.8520083556
3.331074272 0.4992026047 0.9733211358 1.284557203 0.3306128965 0.1225336298 -0.5453263421 -0.1769272287 -0.08010926314 -0.2980148363 -0.07945295297 0.02916937778 -0.05360889168 -0.1348997069 -0.05210053659
4.739056545 0.4193886835 -0.1850347031 0.3118303081 -0.1455092498 0.1397999349 -0.2365532112 0.04932287085 0.1497485724 -0.1035550404 -0.128658037 -0.005629535619 -0.07592545462 -0.1244277991 -0.065562079
0.9420689614 -3.911372405 2.841609001 1.6537849 -0.1825958497 -0.1539688641 -0.4055357115 -1.108381375 0.7715124445 -0.3186600785 0.2487755911 0.3067573336 -0.4153608477 -0.357394403 -0.01902339145
8.110117308 -0.7822721829 -2.688085912 -0.2688118488 0.4467775912 -0.7166096665 -1.656622684 -1.273311349 -0.2482052482 -0.3884899592 0.07785147137 0.330512364 -0.7498115925 -0.4016937689 -0.577066089
