8.820429524 -1.841912589 -1.338783535 -0.05603221946 -2.371492104 -0.6384609558 0.859933225 -0.0142419729 0.02970353002 0.618758017 0.5067958773 0.2199367758 0.08507662441 0.02239578454 0.0512310826
7.735248665 -0.1854100486 -1.023431842 -0.134034344 -0.8396600506 1.778516498 1.341735951 -0.3023934275 -0.08812900881 -0.334472949 -0.3276373297 0.5512699964 0.2843433178 0.2741941863 0.8452145269
8.366848533 -3.136395727 2.444409038 0.5306796247 -2.739906215 2.508203167 0.8211563358 -0.8062958011 1.562926813 0.2795222994 0.2880255042 0.840377119 -0.2185226542 0.007436555723 0.4095839118
5.946105528 -1.16727522 -1.260361267 0.1036664863 -1.114016688 1.019844697 1.02990013 0.4171278886 0.9911589094 0.07592611762 -0.8282554735 -0.1275982729 -0.5596057147 -0.6943524459 0.1744191187
10.3845189 -4.505364267 1.343381649 3.692558577 -0.6902693302 1.396202283 -0.6830244941 -2.688506973 -0.2177851219 -0.1822614828 0.7467729332 0.3006048756 -1.25705809 -0.4078609541 1.231843535
8.741737116 -1.7328296 -0.008506927708 1.209082854 -0.9288623354 1.415367528 0.4393541079 -0.6057440714 0.7136643519 -0.04264837544 -0.310580379 0.3315239974 -0.5837490151 -0.6907374504 0.1026005867
7.286134229 -4.971729484 3.6723004 -0.3892901917 -3.727405052 2.941763988 0.04643325287 -1.189833288 1.542815835 -0.1430447707 0.2885459243 0.8829978375 -0.6668676172 0.05288388353 0.331931213
5.749693827 -0.6128697496 -0.02801148058 1.428046153 -0.1871998228 1.245558153 0.8349163544 0.1273431598 0.9183679881 0.4469196972 -0.05373986662 0.5138039679 -0.04021560355 -0.3697840164 0.1635468153
8.313828713 -3.216374079 -0.5893810231 0.6719434223 -1.005832151 1.602293657 -0.4621977672 -1.41869719 0.8117635335 -0.02011862015 -0.2625119782 0.6684234751 -0.4703638517 -0.6630227167 -0.06523068558
7.070883205 0.5884227941 0.4929323001 1.111354879 -0.4521492955 0.8809410884 0.509890277 -0.1776614369 0.5083406038 0.1401254354 -0.342240981 0.02427204483 -0.5647181708 -0.8174590604 -0.03339524194
8.026102408 -4.838087883 1.337616069 1.332019506 -1.837085268 2.271178301 0.2127881108 -0.9472493665 1.210081195 -0.06123162136 -0.03545716169 0.2700813812 -0.8981827625 0.008206550895 0.32168676
5.41361772 -1.178625259 -0.9330514122 0.2085003018 -1.417852427 0.4063947411 0.2566464459 -0.3575795526 0.6215904848 0.2931846072 -0.1347585079 0.4977127806 -0.2019684729 -0.6165945464 -0.1086659622
7.667570464 -1.35879801 0.365832821 1.961188841 0.2312451678 0.90631978 -0.3249068855 -1.393949613 -0.3094678006 -0.06619242422 0.09483329308 0.3345833358 -0.6749758227 -0.5116359887 0.5323223689
7.948824389 -0.9060529032 0.04485272069 0.5018939813 -1.042083383 1.37953422 0.3649208074 -0.7238639838 0.5747117822 -0.1025479999 -0.5714322205 0.3047773422 -0.418553218 -0.8677747756 -0.1494811137
5.742046793 -5.32271215 3.751814682 -0.4671259759 -3.132028193 3.150280998 0.06304256283 -1.547426949 0.9820661158 -0.143076564 0.2865697341 0.7092892079 -1.069770033 -0.2033924366 0.1751660882
4.51929385 -1.260603891 -0.6797475795 0.7923731414 -0.7153903651 0.8509547462 0.417667677 -0.3445601294 0.5269494724 0.2383854909 -0.160753419 0.5214187038 -0.07327117808 -0.3933752946 0.1831784926
11.17505326 -3.161346743 -1.279459633 0.4977268619 -3.066176863 0.2055175039 1.001186693 -0.9017389245 0.68124714 0.711788393 0.2452168252 0.1623848564 0.5702800148 -0.300263048 0.2128099499
7.455206321 0.2985635784 -1.008586173 -0.09667806944 -1.094303769 0.4619870178 0.3433141503 -0.1652793538 0.3867728136 0.1023232558 -0.3503871194 -0.04047329692 -0.5419598543 -0.5803354563 0.0007594857792
7.956617704 -3.389627477 2.049537494 0.3703302346 -3.172868067 1.289662632 0.4688457802 -0.7797412889 1.309010869 0.2356035071 -0.1802530882 0.7892249018 0.02921041059 -0.218725894 0.2503040013
5.665084989 -1.701516788 -1.256441319 0.1899909545 -0.9793326355 1.178269327 0.7523212451 -0.3894589221 0.09435594273 -0.5523559878 -0.8185715461 0.4068569176 0.08946911006 -0.2704976448 0.01253752198
9.243796424 -3.362286994 0.7093529944 3.7090122 0.301691229 0.6612242066 -0.4978025646 -2.200662735 -1.025711765 -0.02729795623 0.7674706451 0.1180513633 -1.199454764 -0.4042341912 0.9157068179
8.666963733 -1.428870118 -0.3260935265 0.5102458727 -1.452391919 1.043129412 0.2477693075 -0.6963529727 0.759990662 0.2475227929 -0.07475997109 0.5553773893 -0.3212494815 -0.5355979639 0.09533089158
5.520936731 -3.151879543 3.231095201 -0.3743469522 -2.981273468 2.435614876 0.2612281038 -1.171509244 1.456790918 0.3426024428 0.1926600502 1.021046718 -0.4469089828 -0.1198147741 0.1906845785
5.07913938 -0.9813586766 -0.4400108829 1.039476448 -0.5931560747 0.9287074572 0.4477788366 -0.3631315399 0.4648058134 0.06609576883 -0.3984399456 0.2766949587 -0.3121254524 -0.5654664285 0.01616625765
8.223254087 -2.325450656 -0.6296427842 0.4820810714 -1.472526822 1.070119562 0.1281932737 -0.9225113907 0.4487076347 -0.3050397521 -0.6526187495 0.2246599671 -0.6134326944 -0.7723283594 -0.05837923834
5.852887012 0.2286446853 -0.1629044192 0.9451217111 -0.4195348835 0.5551527033 -0.08374282231 -0.9615428482 -0.4140749068 -0.4453831085 -0.692766892 -0.1637859146 -0.5315743721 -0.7031574069 -0.1799143289
8.620836835 -2.57225634 -0.3317879815 0.932096998 -1.478733851 1.140609997 0.3245582318 -0.6269816709 0.858372081 0.06040688657 -0.2435397964 0.5709662997 -0.3173177906 -0.4561163838 0.1736012454
5.437946551 -0.2922945432 -0.7386002962 0.2266084614 -1.291640917 0.2055337999 0.2307369632 -0.1376271049 0.5965582146 0.2680232337 -0.2304016923 0.05211575276 -0.6679937046 -0.8923469688 -0.2068608595
8.273355659 -1.037434399 -0.9114487994 0.8064780072 -0.5903879544 0.4396721461 -0.9259880991 -1.277717188 0.5927793167 0.4038362745 -0.1987191614 0.1552155574 -0.6704823611 -0.8833296358 -0.01357182367
7.44225339 -1.77680803 -0.5414378633 0.5450598678 -0.935412351 0.8649876909 0.2110275102 -0.5547904269 0.4559379242 0.03724409715 -0.2797608858 0.3145854658 -0.4450507126 -0.6166447003 -0.01320194222
6.24487783 -4.66536843 2.215278427 -0.09006161706 -2.784061666 2.438190677 0.03385466398 -1.607175482 0.6071831565 -0.3328196576 0.07157605282 0.7083386369 -0.9473053522 -0.3393753343 0.1102589377
4.744535127 -1.357253057 -0.8675239407 0.5930709592 -0.97431167 0.5625117096 0.08371448104 -0.7291776931 0.1719378796 -0.1086390016 -0.5136665061 0.2528012767 -0.3507824657 -0.6923791952 -0.04435465902
