8.784676387 0.641872509 -1.431075755 -1.298803733 -1.44375705 -0.09233758046 -0.2857253174 -0.4007283749 0.4043587485 0.01534270522 -0.691235935 0.2861379324 0.8200818127 0.02630772827 -0.6874135094
5.687279632 0.1253863455 1.822298992 2.922911911 1.23867038 0.1889739464 -0.9823871032 0.1681254015 0.9583256344 -0.4075484973 -1.021190177 -0.7311226543 -0.5287752922 0.04651731439 -0.4007556727
5.885989854 -0.759450513 1.619842969 1.460585625 -0.04272369785 1.288574624 -0.09376642481 0.2656312436 0.6800602074 -0.4662785175 -0.1353987096 -0.2228290172 -0.7126446653 -0.1191266009 -0.471222101
4.578513484 -0.7328692032 0.7661365008 0.9092268637 -0.3734720818 1.260703538 0.01796551546 0.1462264581 0.6547588291 -0.2124923582 0.02090468165 -0.09340226403 -0.61495712 -0.1195329842 -0.3676625644
10.01417894 -1.27026046 1.370852288 0.9706569927 -0.4278923287 1.657282054 -0.3694687873 -0.2536978099 0.2499065632 -0.9200073091 -0.4636926791 -0.3118464576 -0.4700452863 -0.1716329947 -0.8745533571
7.756341483 -1.179249144 2.458160619 3.083888034 0.760762719 0.7735688181 -1.085989375 0.0797084455 1.125489518 -0.666122893 -0.9494369926 -0.6952422351 -0.6563913828 0.1403004013 -0.4768811224
6.370367232 -5.270767484 1.341597245 1.129978134 -0.9115338338 1.170542242 -0.627338975 0.6155470908 0.5659478165 -0.9331764015 0.4771976936 -0.2295355072 -0.8027282874 0.1800224663 -0.4884588432
5.033039308 -1.37361651 0.8769203843 0.8253339597 -0.7680019652 1.074707966 -0.03163793165 0.3793697677 0.7586677551 -0.2920065484 0.2069108078 -0.007224218377 -0.6886831557 -0.01914418716 -0.2846068181
11.6948427 -0.6743116297 -1.709779966 -0.4946082213 -1.219533907 -0.1153087745 -0.4892712337 -0.6861872961 0.1588584275 -0.1041640768 -0.3881362485 0.4826036032 0.6048019964 -0.07696123081 -0.703641125
7.335210184 -0.07977338999 1.684551408 1.38745968 -0.04533892052 1.082660712 -0.3266988683 0.1276707643 0.6321599012 -0.6740090569 -0.5218106622 -0.2762390352 -0.6559769095 -0.1934286229 -0.5063999622
7.851497284 -3.118736915 1.780051558 0.5092449087 -1.127861504 1.61292626 -0.6213957284 0.2257146308 0.7869333903 -0.6762618895 0.1155841285 -0.3618541193 -0.7880806484 0.02455016863 -0.5909721555
4.305613842 -1.272852768 0.2297346868 0.3990811846 -0.7912367492 0.9974784498 -0.02503584336 0.2474491582 0.7960460767 -0.05922834426 0.1928537644 0.00254807603 -0.5973955053 -0.07765092739 -0.3518027172
14.47597388 -2.196609835 0.9508278739 -0.2948386344 -2.226308642 1.150095438 -0.8206533663 -0.6194554681 0.8966259351 -0.5764301917 -0.4589416131 0.1834927607 0.1878020914 0.1960769705 -0.5638925956
9.640101953 -4.164580273 4.265237142 4.154637107 -0.1984589086 -0.06657100498 -2.623572075 -1.344918822 0.2549554311 -0.7558661321 -0.4466444921 -0.9551696162 -0.8387516746 0.5605394166 -0.1089992068
7.257432764 -6.698411845 2.848610985 -0.4860249209 -1.80870042 1.986205426 -1.169774347 0.633019573 0.5716972989 -1.267159612 0.4184381299 -0.5084895001 -0.5095837599 0.439271445 -0.5338832101
5.280335315 -2.312004982 0.9299048435 2.054194574 -0.2017842284 0.1726737866 -0.5562980124 1.133331725 1.127739034 -1.112879499 -0.3974582748 0.4657006838 -0.2319162019 -0.4610698098 -0.727115034
7.550509987 1.536686046 -1.021770819 -1.477050527 -1.771489671 -0.6702006692 -0.1920638245 0.16370411 0.2927914025 -0.09257625857 -0.3045823792 0.05025646509 0.1433175866 0.2204081021 0.07542356681
5.099304993 1.266502185 1.704006025 2.290295868 1.215527302 0.6172007804 -0.3598318493 0.1597215651 0.5565051786 -0.4137711602 -0.9716235718 -0.7426480418 -0.5895046166 -0.3284547168 -0.6385073385
5.881109283 -1.891349603 1.841568365 0.6320108748 -0.7860943017 1.32013297 -0.5200916305 0.2734447198 0.4963900213 -0.6457441427 0.2775969039 -0.3226268486 -0.7863846385 0.08249988946 -0.6260536437
4.701884519 -0.7482927537 0.5509487826 0.578779819 -0.802800762 0.8638993422 -0.2229628895 0.02639913555 0.5851582802 -0.3104410658 -0.1061993258 -0.2095190759 -0.7561856345 -0.2416701989 -0.4166203899
10.76537245 0.2529182982 0.6365544143 -0.7741916766 -2.57030365 -0.2165532732 -0.2334280364 0.1295098346 0.6739143818 -0.5632834972 -0.4969911531 0.1463790888 -0.2251745021 0.2308078025 0.374781788
5.895423095 -1.321394864 2.740730503 4.031909817 0.3776060511 -0.7120185258 -1.65095555 -1.323398473 -0.1324790815 -0.270773971 -0.7693473633 -0.8923418028 -0.6528329331 0.1884872587 0.04884636278
6.067863699 -5.191197648 3.277000019 -0.540355866 -1.404296217 2.095586656 -1.415801816 0.6644667741 0.5479916556 -1.147071159 0.586562055 -0.7394119156 -0.7058572325 0.1905023773 -0.982214864
4.673987281 -2.143946254 0.6958211664 0.6963709481 -0.9954178303 0.7731261223 -0.3443883066 0.2403069917 0.457664892 -0.6315427238 0.1179403455 -0.08556725368 -0.7417823662 -0.07577589188 -0.390735668
10.33944247 -0.6361001725 -1.490552578 -1.16186602 -2.097476775 -0.2231364437 0.06448925408 -0.0898236311 0.4363264871 -0.1079095437 -0.4289103637 0.4572826062 0.5384890019 0.003186536071 -0.4834515257
6.708534029 0.9651938803 0.6581373795 0.6592418915 0.1893688014 1.047733167 0.1932385323 -0.1350628056 -0.1725231935 -0.7625367308 -0.7203905639 -0.4816366214 -0.5842708507 -0.3989594478 -0.7146928122
6.937290931 -3.418260295 1.14865363 0.01504230628 -1.360674664 1.274279796 -0.7289884022 0.1670844321 0.7469040463 -0.6371906415 0.07693544833 -0.3519378833 -0.8421173802 -0.03076602052 -0.519302807
4.221439184 -1.38069974 0.223583135 0.3570210611 -0.99348647 0.6747850098 -0.3995869427 -0.09878656948 0.3873542195 -0.5227679614 -0.1756259962 -0.2409676717 -0.7859320877 -0.2550672696 -0.4585449379
14.30724211 -3.560343432 -0.06151206783 -1.326350644 -2.581077776 0.5126527184 -0.3981662484 -0.05950152673 0.888341547 -0.5380915407 -0.2890193811 0.4541815361 0.4420559994 0.08277038786 -0.7409220808
7.65785405 -2.881600117 3.114062341 4.229636014 -0.02995447184 -0.2375757842 -1.640920805 -1.416888628 0.13569654 -0.2413833222 -0.5145505143 -0.713047069 -0.8318116692 0.2653090259 0.09905948751
5.400003667 -7.112460488 3.076677015 -1.69601172 -2.005998043 1.56299319 -1.771996096 0.7586283209 0.3888313211 -1.214284037 0.9270426498 -0.5131531493 -0.4120385435 0.5056313989 -0.7437596072
5.107970725 -3.558978923 0.5701848848 1.929910456 -0.4789829138 -0.379715872 -1.047808724 1.213576786 1.284983723 -1.325160271 -0.4521158101 0.7262290486 -3.422340583e-05 -0.5256543872 -0.9603309022
