8.192189204 0.7492883405 -1.037710734 1.456527156 1.149457032 -0.40156804 -0.7082811202 0.2982869541 -0.1411491451 -1.329806927 -1.763296388 -1.034241893 -0.50960686 0.04342667948 0.3489775055
2.535696684 1.231121472 2.121751939 0.292685181 1.350084442 -0.3077426238 -1.558604761 -0.4991256063 -0.2669013806 -1.054588466 -1.553467001 -0.04790243926 0.01253202897 0.4785741419 -0.4329150115
3.918011563 -2.138302443 -0.2686539431 2.040596858 -0.9215347927 -1.884052094 0.1274513496 1.393954356 -0.9732886233 -1.452333304 0.1962045179 0.50619116 -1.070509819 -1.038735138 0.2578004791
-0.6458026367 -1.065155166 -1.526314439 -1.552220984 -0.7143694158 0.7322907052 0.09400706974 -1.64492254 -0.9403198028 -0.249552812 -0.3506127863 0.8837402498 -0.6809856002 -0.7166744718 -1.382294503
10.24337658 -1.444129054 -2.47387195 1.373996874 1.580741164 -1.217146163 -1.273409061 0.7805356318 -0.6562748732 -1.53774616 -0.6460048029 -0.007170272213 -0.5051355936 -0.2449303219 0.3546075527
5.379745265 0.7760197919 -0.543054692 -0.1979246951 -0.528917275 -0.5720600994 -1.006754042 -0.6158663528 -0.4178456707 -0.2852409274 -0.4887492393 -0.3078191911 -0.4661789024 -0.3924959024 -0.3083820539
4.039584148 -4.344216813 -2.757226342 -0.4624303631 -0.7313290829 0.9559720833 1.474944675 0.7090039018 -1.344472765 -1.287071112 -0.5592911696 -0.04737721464 -0.462465361 -0.18868477 -0.2336461337
-6.533235669 -3.419148972 2.496133216 0.3458143359 -0.4014421159 -1.278151381 -0.6396174687 -0.5265814242 -0.1744918688 -0.582055524 -1.154540114 -0.6362427243 -0.1558252822 -0.3020358313 -0.3264016366
7.011385164 -2.779636252 -0.5073796846 2.305511945 1.727359469 -2.372077366 -2.410561851 0.1875817812 -0.8218406809 -0.696383404 -0.1701451556 -0.3892610763 -0.5200976821 -0.05860285095 0.3216327328
2.543084447 1.016640673 -0.2943488266 -1.544609296 -0.09413274167 0.001539541418 -1.466767019 -0.6084281387 -0.3251838241 -0.5876493423 0.2359454124 -0.4605657075 -0.3273704346 -0.2186916214 -0.1201027242
0.7734891041 -3.008900531 -1.085665087 -0.5218926465 0.234844266 1.272652299 -2.507558952 -1.849708096 1.233959879 -0.3785074604 -0.4192022369 0.3387578223 -1.580503102 -0.3296839684 0.1823526224
-2.888891196 -3.143628857 2.158352094 -0.5366608569 -0.581208066 -0.8454325669 -0.8382159522 -1.653267344 -0.2717177041 0.3514167557 -0.4685659029 -0.3293799409 -0.5048433149 -0.6437354207 -0.1033894922
8.080473369 -2.943019418 -3.704104291 -0.5510729383 -0.2111592611 -0.4565687208 -0.1150625995 1.058054832 -0.05278375028 -1.515624106 -0.3976280583 0.2712686256 -0.3869470616 0.06326468354 -0.06806321513
5.22468907 0.6466473016 -0.4205363673 -1.809431713 -2.353456658 -2.356883354 -2.511261198 -1.229713138 -0.4236737721 -0.3417333186 0.4347022153 -0.08799529096 -0.1284031196 0.08742559842 -0.2050828827
1.197004578 -6.383486493 -2.911873467 0.001453929854 -0.2126927135 0.5684018311 1.300520665 0.5367372805 -1.063773849 -1.564533091 -1.025394703 0.227454407 -0.7011285001 -0.180783955 0.1887863068
-5.501852211 -2.956694717 1.146893319 -0.4990163688 -0.2144586786 -0.3607147381 -0.8601248344 -1.381789063 -0.5414682405 0.3566871307 -0.2591052692 -0.4989916928 -0.730867535 -0.5499599139 -0.06249742493
7.558570615 -0.6976693741 -1.098039195 0.8380093466 1.257150328 -0.1670976443 -0.7868388628 -0.1484602487 -1.178311906 -1.874531277 -1.278860977 -0.5370395562 -0.3062698459 -0.05611749965 0.1890027592
3.051281831 0.4063413731 2.19957958 0.9267744443 0.160669028 0.2629142221 -0.2365112324 -0.3704292807 -0.5155312351 -0.4833182583 -0.8261362434 -0.4630013073 -0.6280980812 -0.4777964121 -0.3992961837
5.134052291 -2.361846591 -0.6107313744 0.75676629 -0.01849501263 -0.529568184 -0.8593955662 -0.7125208177 -0.6534650521 -0.6996446346 -0.8771324072 0.07106866074 0.1027354129 -0.581431326 -0.4234321994
-0.5503091897 -4.0432681 1.638223507 -0.7577389114 0.2157095416 -0.3421911955 -0.7902971392 -1.020305725 -0.06435701837 0.7276464517 -0.3906284802 -0.3502396563 -0.2672699723 -0.3011410047 -0.5295694415
10.98123435 -2.600894709 -4.739117631 0.2959124373 0.3696718336 -0.5499980811 -0.5067969867 1.251577103 -0.106479113 -1.754761741 -0.3476763917 0.1468684154 -0.6193205308 0.161001981 -0.1829528855
6.580563689 1.020821593 -1.429562413 -0.9933374471 -1.312854495 -1.136915896 -1.72268861 -1.682962055 -1.07022393 -0.5993588722 -0.6019084505 -0.1054095481 -0.3595321159 -0.3724240166 -0.02333624465
3.817142492 -7.289888718 -2.800673727 -0.03426866706 -0.6864099434 0.2694851926 0.7032151202 0.9779882727 -1.179542711 -2.258276997 -0.6119263101 0.1737714155 -0.1223768466 -0.196980109 -0.1195311891
-4.795122562 -3.317338069 2.477349971 0.5635667433 -0.9797024708 -1.568237599 -1.018193662 -0.6918116038 -0.2990143869 -0.1532059253 -1.083242296 -0.4703066642 -0.3944802709 -0.5496724762 -0.3525260704
6.820225647 -2.351777076 0.334391201 3.609704843 1.009203447 -1.275861659 0.04283821332 1.416307144 -0.6840261867 -2.331377946 -1.470279709 -0.2886520502 -1.104920959 -0.2355396902 0.9276578211
2.315163884 -1.450664859 -0.979465268 -0.8586819984 -0.7605866978 -0.07706574948 -0.4292498594 -0.2466302302 -0.1948544421 0.1150681574 -0.1098640465 0.06314677761 -0.4187794036 -0.6183927732 -0.1648586745
2.805578876 -6.016651919 -0.5264104895 1.069567746 -0.4005653153 0.5761684415 -1.141818581 -1.694823801 -0.3177757208 0.2882627807 -0.6915109424 -0.2220348202 -0.5291412305 -0.8039953656 -0.3103963876
-3.754013176 -2.895465772 1.223089322 -0.03732684829 -1.232154475 0.2072041519 -1.038198501 -2.044867503 -0.3787049672 1.241181084 -0.5941056563 -0.9497485535 -0.6052929627 -0.009091006249 0.1583250964
6.035985335 -2.341127836 -3.659511584 -0.8379673477 -0.449093224 -0.2048258051 0.2134991234 1.035868889 -0.2774772082 -1.183624032 -0.4015431167 0.1480029415 -0.2560272544 -0.0692323047 -0.02370109465
2.960652944 -1.747977628 -0.9544473825 -1.740512364 -2.811238133 -2.707614818 -2.25916107 -0.4058399782 0.6241695082 0.4543632711 0.9608946364 -0.4053422053 -0.2597424465 -0.6247028436 -1.016910333
1.681020504 -8.024221453 -1.791275092 0.0101952834 -1.343352311 0.7650818497 1.264629827 -0.2051142156 -0.9538589006 -1.368415648 -0.8297107289 -0.2109824913 -0.5332185551 0.3474435099 -0.2110370559
-5.557248019 -3.260882942 -0.6756732197 -1.442740335 -0.9673275165 0.0654766366 -0.02008195105 -1.022064665 -1.251498809 -0.4784296918 -0.3848745239 0.2345559016 0.3619368168 -0.1284866897 -0.5481799094
