11.69320494 -0.9398031086 2.597216373 4.797607977 0.1744051854 -2.888176256 -2.034616851 1.42385871 -0.3652641414 -1.027145509 0.8224798258 -1.444746072 -1.151082701 1.609600479 -0.202026986
5.657802767 3.971390041 0.8791359112 0.8440503699 0.6222461942 0.8646649024 0.2811765073 0.01891953711 -0.03633142558 0.04850664831 0.04772717853 0.1435506751 0.05119693977 -0.0123933029 -0.1392340538
6.799894107 -6.975388908 2.625725654 2.282641672 -1.182460674 1.709133695 -0.4447369235 -1.126008571 -0.1981925253 -0.9191193179 -0.01675324001 0.6592267305 0.2292701857 -0.1324526058 -0.5735533358
3.218752482 2.569654498 0.1964036792 1.381362761 1.688950347 1.729403701 0.3404427728 -0.4502602452 -0.3483916598 -0.1829486674 -0.2327905903 -0.02648596033 0.1889489059 0.324893774 0.2467122165
13.95808452 2.891968814 2.457357324 1.233706564 -3.055377812 -3.278930358 -0.9619506368 1.04015039 0.04207305758 -1.25858202 0.2195421248 0.6073831754 -1.00290283 -0.3361597603 0.3141535611
7.451941983 2.574934902 1.596343277 2.805106633 0.7236133286 -1.330973082 -1.201553966 -0.04796442733 -0.1273870703 -0.2695634204 -0.3163074412 -0.7690028178 -0.7747055562 0.2369558704 0.4319634193
6.904223664 -0.9489094978 -2.648077813 -0.2589285096 0.6536537448 1.323836685 0.1601858241 -0.06627862835 -0.2082822576 -0.2361154029 0.3930070773 0.02178962981 -0.4147087525 0.3794607745 0.3021643922
3.36080613 1.375250708 -1.083893719 0.2653884192 0.2409711465 0.4612592537 0.1132518144 0.1843965635 0.2974396593 0.1578429332 -0.003014265627 0.05331225653 -0.02997062928 -0.03543182734 -0.1538086023
10.3105464 1.449122785 1.451236895 3.878569491 0.6696549518 -2.428992316 -1.636948382 0.5697735169 -0.07826165795 -0.4533590363 0.004293227541 -0.9347350826 -0.8129965614 0.7936793698 0.333760092
10.85256427 3.79952642 1.060218165 0.9510264665 -0.7151097163 -0.9323923425 0.01464285136 0.8006293015 0.01341232218 -0.7604025761 -0.6085448556 -0.662996568 -0.8271303927 0.05577910381 0.4244120863
10.0165225 -5.795151161 2.468256476 1.39457566 -1.87123919 1.66413806 -0.4727739636 -1.080313484 -0.04654342203 -0.7381962284 0.02326052997 0.40791232 -0.02084288116 -0.192598778 -0.640465861
3.839241568 1.488358579 -0.9927822051 0.2923285899 0.07937606243 0.2166315797 -0.06076590559 -0.1466888502 -0.3440672471 -0.4125683115 -0.3248966875 -0.11961206 -0.2148398471 -0.1738025773 -0.1942742854
8.738115839 4.673588317 1.976429258 0.4951723488 -1.867403261 -2.367375891 -1.113082551 0.1189960045 -0.1482469807 -0.3489702565 0.0576202842 0.06969991307 -0.5168963266 -0.4310577115 -0.06961848088
6.729724254 1.058646564 -0.007269222311 2.248072936 0.1282962223 -1.296757398 -0.4388196109 0.7249843409 -0.04109392966 -0.2805999339 -0.04352389034 -0.5602258353 -0.3164947633 0.4145667384 -0.432223916
11.63774408 -1.91514347 1.049578089 0.7929938671 -1.486608717 1.450641509 0.1181037422 -1.048163999 -0.2616348855 -0.7371857729 -0.3284388491 0.4563878149 -0.01827117442 -0.04898046708 -0.2736486521
1.399560962 2.659316752 -1.10257954 -1.979773092 -1.758191808 -0.2112494909 0.3642136536 0.7882030866 0.3763473832 -0.4360770851 -0.6682252292 -0.06701653604 0.1408449441 0.1709431473 -0.03392650123
10.44130621 0.368281089 2.616257567 4.893167435 0.3493194276 -3.48255049 -2.180024598 1.458757535 0.3601537748 -0.7442868302 0.3404619176 -1.368001214 -1.674727077 1.151275877 0.7084965966
7.192846478 4.621749542 1.823406179 1.117382343 0.2587994886 0.07257410113 -0.001113494561 0.1850338446 -0.07487562627 -0.4430497358 -0.7624734009 -0.7881146701 -0.6269374894 -0.1606244127 0.08782100054
4.367888168 -4.821373918 3.098201836 2.560143756 -0.8973416814 1.323158304 -0.5856476667 -0.8490074608 -0.5313198723 -1.699219369 0.04483807724 1.144187201 0.02998103875 -0.2395918511 -0.2155013451
4.711274907 2.44527925 -0.5237449755 0.4084554382 0.3211432242 0.5313610968 0.1471565921 0.2292648056 0.2525582933 0.03060320138 -0.1100759673 0.01716465501 -0.1099421619 -0.1683642818 -0.2545230932
10.46429262 3.75054613 1.926296847 0.876678733 -2.560349909 -3.279186874 -1.03346572 0.8669777917 0.001443337099 -0.7975481682 0.0820192044 0.185257609 -0.8016432794 -0.3329850231 0.2197980787
6.340725968 1.623541353 1.79798041 3.408302125 0.464838347 -1.989951778 -1.224164504 0.459351915 0.03320517699 -0.423366196 -0.2765256538 -0.7126916725 -0.6589554436 0.4475877842 0.3296397553
6.77074996 -0.6933739808 -0.6375228049 0.4850631027 -0.8191128848 0.06679465934 -0.2850797065 -0.3862779076 -0.3769342436 -0.4647224881 0.4220284051 0.4471682333 -0.4331584062 -0.07106154122 -0.007368344221
2.814236115 0.9929504879 -1.360234052 -0.1012005694 -0.2056850878 0.01707006943 -0.2965122229 -0.2975750154 -0.231454015 -0.2861011144 -0.3448588951 -0.1551201501 -0.1512953374 -0.07853840916 -0.1009639519
8.169704349 1.290218263 2.272786028 4.052837953 0.3279255697 -2.728777189 -1.559185177 0.7988280168 0.04431083902 -0.6151910359 -0.07513104417 -0.9300931401 -1.12883169 0.5446537084 0.4736962601
8.245797149 2.992605276 0.4434148998 0.6557094731 -0.05948592083 0.1110796699 -0.05119522991 -0.240410857 -0.6831155621 -0.5016681769 0.1977222961 0.08178061005 -0.3950455397 0.01927843667 0.110956352
7.117065417 -4.759071952 0.6883804989 1.686426234 -1.226406287 1.020019708 -0.1787394524 -1.176861556 -0.4130348187 -0.6115790817 -0.0008101721762 0.4775985447 -0.1001358906 -0.1073588806 -0.2693673953
4.033828558 1.980136817 -0.9270128787 -0.4470663853 -0.6270488802 -0.1673219231 -0.7272653462 -0.7904856178 -0.4439455032 -0.3091288013 -0.3101222521 -0.1372831102 -0.1137884413 -0.1306310364 -0.2108332348
7.083609928 3.702784574 1.693807128 0.5981131916 -1.755991056 -2.439928835 -1.246654884 -0.04506132458 -0.3467030203 -0.4063623896 0.1802164124 0.1433363816 -0.5721324505 -0.4733363893 -0.0720657376
4.456434708 1.89026926 -0.06337396868 1.461704898 -0.3915709796 -1.615901835 -0.6397942158 0.7670270709 0.2744831826 -0.258714597 -0.2218606997 -0.4259376524 -0.2654735771 0.5101293593 0.1060397696
9.396471825 -2.812699581 0.2152948647 0.2169854949 -2.2217437 0.4268369619 -0.07994935797 -1.206151516 -0.367817011 -0.3137924412 -0.3155621293 0.07532577385 -0.06182068357 -0.2070641849 -0.4663060577
-0.3665120987 -1.029836026 -3.435227704 -2.142922978 -1.473119158 -0.5681326746 -0.6379690101 -0.1859729542 0.2371843761 -0.06029386412 -0.3504918777 0.2283428906 0.6348696865 0.5053204051 0.2320377471
