2.26312377 2.383784802 0.8911156818 2.045543809 0.9905478374 0.4366132537 0.4465050344 0.5228463772 0.03740238486 -0.3076298014 -0.3192112595 -0.4125135605 -0.4894671602 -0.4635501459 -0.4754139015
7.165744757 0.6737211968 0.9103814914 2.711331691 0.4343306825 0.2068646726 0.7110724136 0.4696824829 -0.1920713728 -0.4250632237 -0.01389437528 0.4451111128 0.1322665765 -0.2193422468 -0.1571931358
5.211685078 0.4461548465 0.5818064722 2.586884636 0.6071078281 0.4610540928 0.8403790374 0.5866220616 0.2698461639 -0.02061727578 -0.2691756972 -0.1933481019 -0.4510594042 -0.3839847311 -0.3082080411
10.94878436 1.146948176 -0.02666213117 0.6272274218 -2.617314122 -2.87124972 -0.3179647478 1.519241997 0.4917749846 -1.355297554 -0.7081307744 0.06387785446 -0.2120977293 0.006532827823 0.7883624066
0.6320730305 1.637611355 0.2621756231 1.57530128 0.9202338279 0.4942373836 0.4856530068 0.7044843515 0.3179820758 -0.05052672699 -0.2819489207 -0.2361433248 -0.2999426704 -0.3002042987 -0.2564332189
9.441153368 1.300540705 0.1592588029 1.670803981 0.313639623 -0.1786511903 -0.23152339 -0.3369103063 -0.57411143 -0.8697713776 -0.5532160786 0.09549155813 0.09769260333 -0.1656718364 -0.1427289555
3.544413605 0.1839942063 -0.2039543172 1.925291591 0.3067393476 0.1900816433 0.5999561864 0.5967558202 0.3817283324 0.1587214637 -0.2164188403 -0.1410222745 -0.3915983272 -0.4622926047 -0.2873833253
12.06547537 -0.129395804 -0.2641189324 1.890509206 -0.4590861249 -0.3254381087 -0.9445437418 -0.8006076613 -0.1063044187 -1.214740757 -0.4021113183 0.2744562298 0.04305463698 -0.2163422999 0.09342543605
1.780588335 0.906376833 -0.2597913991 1.463366215 0.3935207537 0.1316900942 0.5497294706 0.7020672785 0.1613366006 -0.02485756577 -0.199042862 -0.1834169183 -0.2354877178 -0.205896903 -0.1872474254
9.097657246 -0.2034714966 0.4266923344 2.137232926 -0.2487485791 -0.1576000383 0.01959670479 -0.6203876715 -0.7245683238 -0.7377241453 -0.4075498247 0.2867888444 0.08455610797 -0.364331984 -0.3112072378
5.644097793 -1.025367029 0.05348643575 2.444204665 -0.1607287651 0.05521537797 0.6513593218 0.3706256378 0.005476039362 -0.4692693337 -0.4152616713 0.03929617997 -0.2907605806 -0.4361253444 -0.2926848299
13.47336073 -0.6079984938 -0.3013249082 0.8789646894 -3.442373733 -1.991714784 0.1511909341 1.020858323 0.7856874017 -1.869434392 -0.4165541446 0.1717742895 0.1816757989 -0.3394897031 0.9448951707
0.3704953873 0.9704503189 -0.4121990524 1.073008773 0.4344184458 0.1755210322 0.4037226997 0.6476521077 0.1792891692 -0.05730820436 -0.243113564 -0.3120026677 -0.4486270819 -0.3805177268 -0.3349298035
10.68087759 0.4049631348 -0.5737967946 0.05272769232 -1.499065003 -0.5421612806 -0.3172732278 -0.2626652344 -0.04319864415 -1.162281396 -0.8183434887 0.8290799847 0.8519775574 -0.01193026624 -0.1172309785
2.724703895 -0.2224612776 -0.4984716846 1.728280455 -0.03703297214 -0.3607893683 0.2163598922 0.3089925738 -0.1832294685 -0.3543753009 -0.4137709416 -0.2336316364 -0.3039290916 -0.3337562503 -0.2363746476
13.02770216 -3.218827381 0.6615001232 2.607527381 -1.604978083 0.2568742241 -1.038985313 -1.502631224 0.1184674173 -1.295723721 0.08204002134 0.3924920629 0.1592179769 -0.5585891015 0.1756428678
1.896138248 1.435902348 0.2330611441 1.86325393 0.7082935731 0.03707744336 0.1948796397 0.2731712552 -0.2008175559 -0.196028314 -0.3456117488 -0.4418264636 -0.5009199535 -0.4190918053 -0.3451705972
6.508564738 1.949412553 0.8798074059 1.804075756 0.739793666 -0.005260297933 -0.1689149543 -0.2282975586 -0.6336970478 -0.7429825102 -0.5672847246 -0.1413071681 0.0596205912 -0.04400927854 -0.3439557326
5.106336993 -0.2113646737 0.1340800148 2.375143429 0.1354681566 0.2123429111 0.5154560161 0.3560891181 0.1738822931 -0.2414261046 -0.4188079577 -0.2702845281 -0.5684931733 -0.5662473572 -0.2850219667
9.516878446 2.112543606 0.4194527565 0.1917080708 -2.490971451 -2.680913543 -0.4539981725 1.412455983 0.4116914811 -1.326534579 -0.775498766 0.07132535208 -0.3592472277 -0.05556062469 0.6555184774
0.3597500769 1.604707434 0.04454448635 1.141641892 0.5368337728 0.2049362617 0.1059749541 0.2044766048 -0.1614842808 -0.3045508761 -0.3469274877 -0.2924181346 -0.3255372136 -0.2863875442 -0.2536165806
8.036291271 2.090072965 0.06141056387 1.097909303 0.4798279359 -0.1838757313 -0.4149722001 -0.336554184 -0.5892757763 -0.7832681744 -0.7065731689 -0.2404373582 0.080963071 0.0180264865 -0.2222160964
3.876368472 -0.5481788041 -0.1819064841 2.205964106 0.03377803184 -0.105801149 0.4112671792 0.2641503842 -0.07364787782 -0.4430818884 -0.5261262249 -0.1877664158 -0.2952928532 -0.4121749491 -0.3972518618
10.59361379 -0.4025117669 -0.2529437589 1.811487782 0.3533634638 -0.4052904806 -1.933091816 -1.292398356 -0.01974696898 -0.917692105 -0.2022117948 0.7592583895 -0.008165913938 -0.3375679043 0.09390882421
1.761217017 0.3568848107 -0.5648550518 1.433205514 0.2061325595 -0.1844689846 0.2077791732 0.3939960253 -0.1251195883 -0.3104987628 -0.4086299557 -0.3755662242 -0.3932731607 -0.3511912432 -0.3015820652
7.760512285 -1.143143277 0.7465843959 2.115882362 -0.7285996069 0.1785902912 0.3801844799 -0.6102300258 -0.3384860373 -0.4848822003 -0.7766870303 -0.09224317662 -0.063468378 -0.2302885863 -0.2785078764
4.493448157 -1.607261631 -0.272489544 1.840220258 -0.8409713589 -0.2126776987 0.3771268451 -0.08418816608 -0.1063686047 -0.2934857939 -0.454130392 -0.2242710744 -0.4811352031 -0.3674755062 -0.2168485553
11.4406634 -0.2200162128 -0.6020393946 0.06450815243 -2.856333816 -1.642346413 0.1925327399 0.9431649723 0.4063061441 -1.564136716 -0.7793228813 0.6448393422 0.2811436208 -0.1831565155 0.5426504695
0.1682879559 1.028334119 -0.3973992336 0.8751379167 0.112819056 -0.2652020029 -0.07215841307 0.1839325842 -0.1046069624 -0.3092604333 -0.3800157496 -0.3328106112 -0.3526411371 -0.3136838733 -0.2965648158
8.084162646 1.551965289 -0.407597991 -0.3079222899 -1.583442259 -1.273104526 -0.178700239 0.4523337855 -0.3021305586 -1.280842942 -0.823009021 0.369847569 0.4381669838 0.2191686321 0.1809251991
1.82973988 -0.9442682242 -0.7177890952 1.513071387 -0.3875019876 -0.4678395788 0.2647955369 0.258552373 -0.2304305464 -0.3989973455 -0.4822593539 -0.3217285364 -0.5060019413 -0.5538663164 -0.4662996987
10.76220848 -2.230019189 0.6527778444 1.678148115 -1.758096775 -0.1812798149 -0.5076607259 -1.155570183 -0.2003316912 -1.153575488 -0.5719841314 0.6451333932 0.08266055676 -0.3057844861 0.2670266828
