2.691906491 2.336115256 1.047899243 1.122608925 0.757789929 0.8662443595 0.375832116 0.3487216688 0.1516489687 -0.123648968 -0.03000391025 0.08487849538 0.01071640696 -0.01240434268 0.01708493828
5.375005925 1.832400355 0.9991101027 -0.08004480779 0.4141613043 0.5234134957 -0.04543845407 0.06405343856 -0.6642702844 -1.040174872 -0.9621772867 -0.7750856266 -0.6627153091 -0.5586583779 -0.9254358627
3.630479307 3.097255115 0.6950042019 0.8594094301 0.501827139 0.5173109075 0.2635656416 0.2351656349 0.02416590512 -0.0787921225 0.1560895339 0.3051409943 0.2466838423 0.1267553074 0.08942598338
6.345352557 2.631006577 1.527713213 -1.84230506 -1.835340701 -2.045095196 -0.7257050763 0.9305163809 -0.1040393513 -0.6693018228 0.3990753788 -0.2577414787 -1.635725531 -0.5566502102 -0.3395492153
1.911396582 0.7200837218 1.204033144 0.5462226035 0.4366172152 0.5066140928 0.06081893331 0.3775683668 0.266804832 0.03766136862 0.1969241296 0.2345957931 0.003496951156 -0.06130741293 -0.01923627028
5.296897409 3.129960436 2.004930577 -0.5276840821 -1.108006345 -1.280150614 -0.8887704096 -0.01444222019 -0.5458280124 -0.5613276805 -0.2044878221 -0.9110180881 -1.455859536 -0.2554717899 -0.4274415695
3.926553819 2.617356004 0.05425311756 0.03294517578 -0.05642257696 0.409964309 0.4538431072 0.5891221857 0.3262027459 0.1162771329 0.3772902176 0.477940834 0.2016321337 -0.1003670275 -0.2588456346
5.527061464 2.796619272 0.3736791298 -0.8008698128 -1.040270477 -0.04973119179 0.9669346108 1.056440411 0.1169084534 -0.6886220442 -0.6772863828 -0.8222207381 -1.164340798 -0.7441131937 -0.3717240917
2.804034045 1.364979923 0.4133738817 0.2635467298 0.07545337224 0.4128913002 0.0615312839 0.294955794 0.1952038277 0.05344152829 0.3111322607 0.3221412111 0.04544114253 -0.0179012867 -0.04994217947
5.005653642 -1.4267821 1.521918008 -1.316559532 -0.1737308575 -0.5630818012 -0.1173382387 -0.4877642374 -0.3231508675 -0.07778944933 -0.6645424973 -0.2852790964 -0.6172762664 -0.5168529387 -0.3561203426
2.974534462 2.455978693 0.3294454158 0.7088374161 0.426883911 0.3704485657 0.01936184077 0.03040913 -0.1197447857 -0.2283239932 -0.04464328399 0.1401432189 0.1373118601 0.05101147818 0.02894893295
6.215888809 1.190422735 2.199971545 -2.314194483 -2.806985817 -3.277443352 -0.2857804616 0.6758586043 -0.7350910798 -0.5283356069 0.1273981176 -0.1339215569 -1.902073555 -0.09714023396 0.05305897437
0.5528393095 0.5646001603 2.101935293 -0.5638976815 0.4168486623 0.2167363927 -0.1773354177 0.01859711444 -0.09265739225 -0.2985539714 -0.1068960433 0.3783864022 -0.1457688377 0.02475501697 0.07388681978
5.405542672 1.916551181 2.662283564 -1.161876506 -1.771837439 -1.739644534 -1.015214469 0.1682792913 -0.9339857947 -0.7831888799 -0.1057709964 -1.088396644 -1.855259625 -0.03410668272 -0.3580713969
3.431570613 2.469279164 -0.2323950333 -0.1031918267 -0.2460747357 -0.1027041058 -0.3181002097 -0.1463686309 -0.04042279493 0.1626032524 0.4718043639 0.5077641303 0.2789983359 0.003980832002 -0.1440846408
7.052664696 1.578612337 -0.192206207 -2.359589412 -1.56730424 -1.111707869 1.142729629 1.368637508 -0.5784649061 -0.8899605333 -0.3046438048 -0.7287812724 -1.418267954 -0.4212959221 -0.6457129973
1.932894414 2.052094833 0.4406498525 0.5371815397 0.3672500145 0.4703572866 0.146201604 0.2178318041 0.06863187265 -0.08405995517 -0.01461593866 0.1165775787 0.08298856644 0.1165545812 0.1479251984
6.802921877 0.842123582 0.602190545 -0.3220586658 0.09955452664 0.2043247037 -0.4580654432 -0.01707476661 -0.7286700434 -1.056718059 -1.119780431 -1.197505347 -0.9161319957 -0.5763283736 -1.180536031
3.830930661 2.884796647 1.120173179 0.8073828395 0.2811843577 0.3078974266 -0.1380003931 -0.01652732886 -0.1368752393 -0.3665247748 -0.3000890883 -0.2314548579 -0.3159977982 -0.2661439383 -0.1901758027
5.980617518 2.296233427 2.609567833 -2.608897285 -2.623523688 -2.774633001 -0.5057893672 1.130843137 -0.3472716424 -0.6512461036 0.3766356933 -0.005183509724 -1.595368501 -0.2234320109 0.113398939
1.968812581 -0.2084185865 1.306338142 0.1130243433 -0.1024498612 0.08504709479 -0.1532600398 0.0829459355 -0.03145530274 -0.09601247439 0.03314212286 -0.001605237476 -0.2031400025 0.01310067756 0.0472111516
6.340174014 1.855108375 0.6481424093 -1.111721531 -1.053922857 -1.108954571 -0.466441055 0.5895439868 -0.4346168974 -0.8985316667 -0.3851077389 -0.5591617265 -1.215928842 -0.7827882675 -0.6714583939
3.715178544 2.173781468 -0.4184134873 -0.2523199839 -0.003614877385 0.5819490258 0.2918179465 0.2186737826 -0.08234424204 -0.3060017189 -0.1345805722 0.07470982837 -0.02580744529 -0.1862195072 -0.1984308085
5.178708837 0.4059446086 0.2126102822 -1.486954267 -1.119597369 -0.1984980242 0.8616895204 1.206591394 0.1423449414 -0.9132177963 -0.9598672908 -0.8058952028 -0.8221414557 -0.1993319377 -0.09254207184
2.803410898 1.670738489 0.7204337926 -0.347631304 -0.4090613464 0.2399233017 -0.1557791732 0.1243305645 0.05001672414 -0.212158193 -0.060456809 0.03283556338 -0.08332478181 0.0771203196 0.09798488991
5.929261704 0.1622469252 1.027671618 -1.543418302 -1.134295971 -1.803861267 -0.7667377979 -0.4397502355 -0.3725015516 0.3526182041 -0.4297934539 -0.2779662979 -1.069803292 -0.6126928507 -0.286998919
2.699265424 1.758653753 0.7460063792 0.75575811 0.2518948998 0.2609481479 -0.2414319968 -0.2767796465 -0.366553838 -0.4119971379 -0.1988177906 -0.04718382093 -0.08140046026 0.004260177465 0.06131133133
5.390825469 1.626743083 0.952357735 -1.970659715 -2.714124698 -2.879451295 -0.2035984072 0.7864402567 -0.6117255625 -0.4164355496 -0.03174556578 -0.5834123325 -1.907540067 -0.5310441918 -0.3348735511
2.067199552 -2.208339958 1.456597057 -0.9266872384 0.745663814 -0.2720382566 0.3912783546 -0.06416266109 0.07258311852 0.1818160555 -0.1731757667 0.2422665121 -0.1593422985 -0.1583349343 0.01667874188
4.46792258 2.12959706 3.040538007 -1.100190266 -2.0206165 -1.969163419 -1.224915265 0.1027847197 -0.9772223785 -0.9561384412 0.1330090552 -1.166095471 -2.127922262 0.0833687533 -0.599623877
3.473771758 1.817279784 -0.1058479473 0.4405171593 0.2511469977 0.1575691423 -0.3084704112 -0.1145484807 -0.03743415116 -0.02377014966 0.02508498327 -0.115556344 -0.1519763674 -0.0733041574 -0.1021865857
6.916107783 0.4943016891 -0.5391804775 -2.09570493 -1.648403578 -0.6858076026 1.440550866 1.221242887 -1.011031746 -1.307043396 -0.5698223792 -0.7592487639 -1.030115274 -0.1688580964 -0.1365828965
