9.946212074 2.5033669 -0.3229542145 -0.8548211632 -1.116160807 -1.664908355 -1.062377655 0.8965342542 -0.02037400575 -1.705241471 -1.876880614 -0.5090837146 0.5711529362 1.100540476 0.2916777532
2.381436199 -0.9507009148 1.403360332 -0.370899113 -0.7593605104 1.293275654 -0.597335491 -0.3291151576 -0.1803423557 0.1404721354 -0.7869453457 -0.06060492513 0.3620472015 0.003356062043 -1.077847996
5.618576917 0.07112258331 1.613383748 2.751451944 0.006176744968 -1.325793329 -1.068401871 -0.5579218629 -1.130002354 -1.576360376 -2.129676177 -1.141498747 0.05709384787 -0.7184655799 -1.751524563
-4.911597343 -1.814745006 1.457049698 -0.8393207669 -0.43763565 0.2548349516 -1.401654897 -1.943215233 0.1619816888 0.9711074045 -0.9747115632 -0.5481295353 0.1208757799 -0.1095465208 -0.1745309752
7.858619399 1.079011902 -2.058006091 -2.552142529 -1.128363606 1.055341052 -0.05227765088 0.3088519728 -0.5888726604 -0.06175452624 -0.1047980503 0.2309963415 0.3064634524 0.7634247197 -0.7825053167
-1.391666594 -3.223036007 1.688323535 -0.08448914006 -0.4378936572 -0.6101083801 -1.446085369 -0.8798318362 -0.2728053759 0.5476032053 -0.6060105469 -0.3739130776 -0.1548000921 -0.05274155939 -0.1154695484
5.863021327 2.484685989 1.04780175 0.9361873118 0.09146283063 -0.1871234648 -0.7067368094 -0.8806086482 -0.8402088368 -0.9095083201 -1.079032363 -0.639433258 -0.8316658824 -0.8086500018 -0.6704819686
-6.061038285 -4.147818823 2.119611952 0.4562754178 -0.2662488896 -0.9000381277 -1.938284238 -0.5971844691 0.3551620644 0.6545148745 -0.9388731467 -0.8092254078 0.07179691478 0.2123239358 -0.5187755166
7.427886952 3.17876289 0.1988938321 -0.6232589676 -0.9588384306 -0.8376019626 -0.5390976512 -0.4077679465 -0.9233665273 -1.026031643 -1.330602985 -0.7924707092 -0.2515118931 0.2817651082 0.427565185
1.150321193 -1.583403268 3.095435874 -0.7906680591 -0.790689646 -0.3783219615 -2.815540788 -2.118615797 0.1527148374 0.03150774354 -1.068091817 -0.4543397864 0.446213064 1.023260171 0.07201717183
0.04043168725 -1.38100364 3.538028923 1.447124018 0.455153932 -0.4407527722 -1.472304864 -1.358776564 -1.209166476 -1.011914385 -1.56545135 -0.947104188 -1.04764033 -0.7686467029 -0.6192296318
-4.675484913 -2.429300053 2.042193475 -0.1078474521 -0.9332985316 -1.325960716 -2.992889358 -2.15823396 0.6750129721 1.120453867 -0.9200508225 -0.5234673445 0.5574556008 0.3826927737 -0.3804215316
9.743002433 0.2291740356 -2.895138832 -2.563284294 -0.4062396179 0.9030103786 -0.9494017142 0.6122083919 -0.1862749711 -0.7216987945 -0.1483923647 0.4417147805 -0.08717642469 0.5187668567 -0.2174744453
-3.349263484 -4.67923034 1.226543985 -0.1758226971 -0.1548971599 -0.9100456005 -1.349065365 -1.157970643 -0.4116481197 0.008322532695 -0.4159414604 -0.4082431304 -0.1281372906 -0.2041216905 -0.1343328401
4.924634785 0.04636409653 -0.975655467 -0.3728975504 -0.6963719483 -0.3171303666 -0.9095874712 -0.6156998946 -0.4252025568 -0.04727097999 -0.2846320833 0.1414382839 -0.07276806369 -0.3119962909 -0.264655626
-5.562430783 -4.906258097 1.226385561 0.9280748281 0.3233581593 0.2076522419 -2.317260924 -1.83666312 -0.1184602702 0.4105984713 -0.9035386404 -0.6880176098 -0.3825029287 -0.3686005797 -0.6699138369
8.031419292 1.035929133 0.1042000108 -0.1958540331 -1.058598299 -1.527126751 -1.116421954 0.849664694 -0.5339320343 -2.18820332 -1.971287394 -0.6045978401 0.7156403347 1.229577883 0.2910389268
0.02088530131 -2.128801648 0.9471939371 -1.391030526 -1.319305995 -0.2650160732 -1.302912419 0.1529291929 0.2632590684 1.024058166 -0.4767082676 -0.5545767877 -0.1318346931 -0.1531636563 -0.6198478315
4.3830704 0.9658088147 1.724234431 1.703684214 -0.2175322622 -1.221805832 -0.9017996188 -0.6664239196 -1.596011619 -1.524346265 -1.647444092 -1.391717657 -0.5061520425 -0.9826768274 -1.336139808
-6.113284326 -1.614785034 1.477657121 -0.5032633072 -1.421486141 -0.4964291333 -1.153709743 -1.076188544 -0.4286355967 0.8861810294 -0.8440950085 -0.6656556092 -0.1731281731 0.07291472552 -0.4623168314
8.866260694 -1.128944654 -0.9910856356 -1.885672375 -1.506671511 1.490740815 -1.048646041 1.425486704 -1.208329356 -0.6180519412 -0.1220385792 0.7280085692 0.2643275399 0.4887651739 -1.472969869
-2.265558876 -5.007842541 3.169778312 -0.3688380847 -1.094930994 -1.233426887 -0.441052049 -0.1998677505 -0.1545985985 -0.4704362824 -0.9414792899 -0.1740474681 -0.2613052361 -0.4114609523 -0.2965712794
5.911669815 1.375854271 -0.1806228249 -0.01984865049 -0.683948955 -0.693724965 -1.135113529 -1.332775622 -1.278331225 -0.3676896064 -0.4266409653 -0.3763964921 -0.9410115662 -0.9884816771 -0.7591124595
-6.865087994 -5.0272318 2.140188547 1.026723304 -0.1389288372 -0.7511321424 -2.266834222 -0.3191101965 0.08537576473 0.4813504924 -1.075261715 -0.5163817644 -0.2347223857 -0.06502086869 -0.6190523224
6.232729147 2.199268348 0.1782058969 -1.702939975 -1.779714 -1.813983133 -1.60883248 -0.3536133864 -0.8228315212 -0.3825279345 -0.5216945924 -0.3217294958 -0.1241691233 -0.09640975643 0.3967549557
0.3005236711 -3.499292204 3.982658234 -1.674833606 -1.631238502 -0.7646909597 -2.858808788 -2.337271612 -0.9043305784 -0.01927676804 -0.2414475869 -0.8799444881 0.7602344494 1.420256342 -0.1809212778
3.282130996 -1.819619107 3.231388537 1.485006936 -1.24257611 -1.578902844 -1.472451124 -0.6945199093 -1.294112429 -1.947229451 -2.249742877 -1.494048869 -0.7712046037 -0.8640314091 -0.9111709891
-5.12923515 -2.08630249 2.767710852 -0.1038608571 -1.359963667 -2.117714914 -2.572326894 -1.491537625 -1.171427268 -0.002127955527 -1.104592199 -0.3260618958 0.4237140799 0.6185370801 0.1024116238
9.433842954 -0.9669125298 -3.786104342 -2.318758187 -0.1056483597 0.2400661022 -1.181021041 1.440482724 0.2337721558 -1.225965699 -0.07394557488 0.8374316422 -0.1357037876 0.2973840974 -0.8440591517
-1.850280342 -6.748440557 1.021163275 0.4589463576 -0.1329333905 -0.3224343224 -1.819075159 -1.148322497 -0.01393914936 0.1805454941 -0.688984351 -0.4154650079 -0.4321419745 -0.09031429984 -0.6530889764
2.898555257 0.7093440144 -0.06260993598 -0.2143275039 -0.4205708119 -0.3545467819 -0.7019199585 -0.542915658 -0.7464075927 -0.1437023122 -0.4708498263 -0.2832937426 -0.1477021839 -0.4244060514 -0.08995266712
-6.340112363 -3.589910121 0.3998660593 0.8155826407 -0.3149077141 -1.18906211 -1.879448077 -1.650264345 -0.7609662096 0.2467096089 0.2649951893 -0.3908239145 -0.541425184 -0.6582015681 0.3042915938
