9.776438694 5.459476542 -0.116416138 -0.9109815841 -1.049571535 0.120303233 0.5456856474 0.229451552 -0.8597349943 -1.783745672 -1.601975824 -0.9224770521 -0.2422385375 0.0289811252 -0.08872553512
4.71155066 4.632407445 0.7121013113 0.8370313359 -0.6337462677 -0.7245833359 -0.8866081935 -0.4079049106 -0.3208263861 -0.5746457758 -0.4471525963 -0.1340097369 -0.2061266274 -0.4388188811 -0.1788849779
14.07824135 2.919386874 -3.47315845 -2.555984034 -0.4439187121 0.2284418552 -0.5988475908 -0.9047191947 -0.659949454 -0.2304967768 -0.1203905698 -0.4457799248 -0.6810892033 -0.3662529659 0.2245834338
-0.2937632905 2.321468084 -1.36665998 0.3477257941 0.08219639696 0.02399924278 -0.3358110859 -0.4134461753 -0.4504677164 -0.707692384 -0.3728996021 -0.3061189038 -0.2820558781 -0.45376884 -0.3888817728
11.79867599 5.208040479 -0.2167961566 -1.579522827 -3.068786706 -2.180124978 0.197111908 1.095086473 -0.4258567911 -1.206016487 -1.126906424 -0.9208279348 -0.194591891 -0.04611580263 -0.2467024121
1.482103674 0.6230888819 -1.133298311 0.3478944824 -0.1339495866 0.06944723317 -0.2527086669 -0.364624267 -0.4207880279 -0.6581489145 -0.3857936436 -0.157503886 -0.2781214643 -0.4060606586 -0.3809502035
13.16121248 0.4219043593 -2.86725605 -0.2879505438 -0.6898112775 -2.743830179 -1.493632987 1.0382611 0.4971323218 -1.024143274 -1.174705794 -0.1845775707 -0.05838666505 -0.2741797965 -0.1079887117
-1.054277417 1.670461931 -1.694665381 0.1376947621 0.07638990803 -0.0005947262836 -0.1856862344 -0.1233159497 -0.2231099326 -0.5793347388 -0.3183655582 -0.1664893844 -0.1639906394 -0.3376631339 -0.3217566528
7.445184026 4.816667961 1.172448428 -0.2967458004 -1.505576063 -1.25642216 -0.6275868527 0.124275345 0.02832974662 -0.6114942028 -0.9739607189 -0.6842304488 -0.4802343719 -0.4050381138 -0.02230268309
2.846540853 2.922248229 -1.376363187 -0.3515351419 -1.02522423 -0.7356217838 -0.6317586403 -0.4403249186 -0.2389094399 -0.5335469448 -0.3690072318 -0.2260119972 -0.2098897404 -0.355483999 -0.3526107209
10.56936092 3.518412119 -2.13977336 -2.572564636 -0.9764653264 0.574641493 0.2497214596 -0.7042924911 -1.361329073 -0.9875259245 -0.3587246748 -0.1224573091 -0.3557449725 -0.4344733341 -0.114967591
0.07422972263 1.545095685 -1.849593595 0.7838513758 -0.3233655584 -0.1210363178 -0.2374478684 -0.2197387381 -0.2537368133 -0.668338221 -0.292236756 -0.2008986422 -0.134822488 -0.4310938448 -0.1888233605
7.529963495 1.464777224 -1.191232622 -0.7391883061 -2.009341686 -2.865645717 -1.333140591 0.9968540298 0.9204090539 -0.4594418841 -1.009649717 -0.5181345038 -0.1499683227 -0.0501271275 -0.2221957384
0.9434920072 -0.3056803132 -1.714641753 -0.02109420554 -0.5677453869 -0.2287517992 -0.2751144319 -0.3625686131 -0.4256586701 -0.7782727908 -0.5137671576 -0.2462867692 -0.2804070751 -0.3321985845 -0.2935670216
11.61776123 1.267583647 -1.232835734 0.6047046872 -2.275682144 -3.79257444 -0.2983467386 2.263610175 -0.1473931605 -2.060660467 -1.275487872 -0.153473721 -0.1079818017 -0.4019662891 -0.2213468582
-0.9777733442 1.815545989 -1.703681563 -0.2132186728 -0.3925373032 -0.4354383815 -0.6513078645 -0.4981769042 -0.6136400413 -0.7542383852 -0.4501966697 -0.2948870828 -0.2760589317 -0.353115645 -0.3466572806
7.330199389 4.057437802 0.4127030114 -0.7074859941 -0.7479158814 0.19835693 0.4572407748 0.06220890024 -0.9336251528 -1.576568158 -1.564650919 -0.9310858267 -0.2855094543 0.02951222373 -0.04462217346
1.923842088 2.791455652 -0.2615458934 0.686885162 0.105772044 -0.01239024596 -0.3103599408 -0.2787400608 -0.4342120587 -0.7123450664 -0.545286539 -0.3565869138 -0.4538123649 -0.5302487202 -0.3778328639
13.23443055 4.603386817 -2.819759079 -3.029965362 -0.7846198782 0.9113528559 0.6223078045 -0.5382237399 -1.72780876 -1.2924278 -0.4346759123 0.009987955003 -0.1535831087 -0.6809105358 -0.2063519275
-0.3936311 1.302307133 -0.9339907455 0.08895487661 0.1323025645 -0.004950029032 -0.3390703085 -0.2175426075 -0.3443827116 -0.7205294105 -0.4922076249 -0.06891194967 -0.2944218058 -0.395142553 -0.3914555038
9.644640727 4.759464889 -0.03575886878 -1.886107879 -2.665370982 -1.736726823 -0.3583191104 0.5676300916 0.0442475576 -0.9249551315 -1.281588848 -0.8040465432 -0.2805846842 -0.1492000197 -0.129174414
1.249043121 0.5976657643 -1.363864426 0.1177978288 -0.5610174663 -0.4213567371 -0.6153076557 -0.6318409499 -0.5244703675 -0.8090273681 -0.5694873789 -0.337086443 -0.2956608291 -0.3868075817 -0.2956606843
11.03065283 2.48117269 -2.634883496 -1.783597395 -0.7192528564 -0.8111071197 -1.078495288 -0.2685558156 0.06732344633 -0.2967636585 -0.7653325665 -0.6223049968 -0.2856931151 -0.07815917491 0.02495336573
-1.5534038 1.307488556 -1.522132684 -0.1433047713 -0.1831692534 -0.2010685106 -0.39036398 -0.3048783822 -0.4619939775 -0.7553336407 -0.4758554122 -0.2690814043 -0.3774739744 -0.4624023477 -0.4149460594
7.616207848 3.585660871 -0.2482710662 -1.549589471 -1.985108097 -1.305151026 -0.3814776799 0.3152221662 -0.1232153939 -0.9235245382 -1.153891596 -0.6282980999 -0.2422280227 -0.1623281673 -0.1839629851
2.89290496 0.9408915961 -1.366450023 -0.2125640752 -0.9668600047 -0.6599354107 -0.4691021263 -0.2187600195 -0.1961861725 -0.3875044016 -0.3531408842 -0.4201289106 -0.4415810868 -0.4841341457 -0.3137506019
8.841631394 2.999601263 -1.786260956 -2.304320275 -1.152455496 0.06794889572 -0.1162933745 -0.7247995851 -1.121036356 -0.7448563392 -0.266354719 -0.101783122 -0.3164666137 -0.2854611856 0.03066583311
-0.2676392812 1.107057574 -2.389501932 0.2922749778 -0.7215229565 -0.2946653105 -0.4830115606 -0.3945839045 -0.5392647324 -0.7725502268 -0.417544986 -0.2152234247 -0.1585268511 -0.431145203 -0.2622093493
7.604118386 2.014571901 -1.769115894 -1.637881539 -1.408996383 -1.165243263 -1.018074438 -0.1958020206 0.1480871671 -0.05623942945 -0.5900098231 -0.6521514932 -0.3889826587 -0.03293450193 0.05381951703
-0.2671199185 0.5660621092 -1.401893742 -0.3376237313 -0.3393497532 -0.2967538463 -0.4921988946 -0.4373614798 -0.4507667374 -0.6950745522 -0.5287538042 -0.1819852795 -0.295530915 -0.299621351 -0.3584426432
10.06820021 1.367407122 -1.553541038 -0.3796556065 -1.830589695 -3.033224384 -1.133596796 1.211619642 0.5345179996 -0.9077638262 -0.9967683368 -0.3123901269 -0.1925605726 -0.158708541 -0.1633551207
-1.658437367 1.066548375 -2.040645811 -0.5561374041 -0.4348211862 -0.4191634402 -0.6332597997 -0.4610226952 -0.5410628972 -0.7857507241 -0.4055296733 -0.1068057426 -0.1000962849 -0.2254475749 -0.2439578654
