6.252951917 2.139302604 0.6947483949 0.8019226786 1.193510796 0.3702386557 -0.880603617 -1.293384903 -0.8673754989 -0.4674055546 -0.5706098488 -0.3943552185 -1.215282892 -1.203912491 -0.878174282
6.47506691 1.209515214 1.546494102 2.185839909 0.1724970639 -2.473438149 -2.925858917 -0.7710233452 -0.5064945132 -0.3289348569 -1.156102818 -1.212533094 0.9285413329 0.466893717 -1.803957084
0.6796974318 4.35296889 -2.637392442 -1.066842054 0.4172064212 0.6636483798 0.4401646587 -0.08505088667 -0.3703678826 -0.3531276194 -0.4312058499 -1.046524045 0.1761364766 -1.114971112 -0.7382627051
9.444383707 1.915420097 -2.643416882 -1.772556537 -0.7318925648 -0.719423689 -0.7109551557 -1.357513435 -0.6143312375 0.03394767468 0.3277327169 0.140350333 -1.138878163 -1.254412399 -1.675762589
4.259440216 1.301533802 -0.5118286672 -0.2487213496 -0.210652516 -0.2667772888 -0.4335519442 -0.4075082501 -0.4407075412 -0.3444840187 -0.4303283203 -0.3702752516 -0.3741980548 -0.4918591912 -0.4651456417
1.241939645 3.489935596 2.423995864 -0.9299953942 1.54709132 -0.1143740786 -1.274209401 -0.9688765622 -0.6154194064 -0.3811716907 -1.302935213 0.04482216173 -0.6093660859 -0.6125096747 -0.5328573629
-4.405630718 2.389591141 1.41285664 -4.166749852 0.6491414638 0.2178878094 -1.945594711 -0.6564669118 -0.5279456181 -0.01955980061 -0.8240380711 0.1379932979 -0.2460255886 -0.7689169398 -0.2972952539
6.617268575 -0.2620849891 -4.393200845 -2.080977188 -0.1944761084 0.7108431845 0.2367437013 -0.05453735916 -0.3900845654 -1.286924554 -0.9726821198 -0.17154649 -0.0633433648 -0.587102027 -1.514373727
6.92712866 1.674495637 -0.5722015257 0.003092598798 -0.4225283621 -1.214099496 -2.250214612 -1.834594953 -1.108590588 -0.4367673787 -0.3278225467 0.08139389689 -0.3079590254 -0.4197325687 -0.2531956819
7.904877999 -0.5616668209 1.209727397 4.485777814 -0.2942752779 -3.373519335 -2.392334827 -0.6885168836 -1.048239676 -0.7483075199 -1.59573885 -1.104941602 0.8753319171 0.7513965244 -1.427503792
-3.644544186 3.245601957 -0.7186743662 -2.588548612 -0.4305248788 -0.4388096235 -0.9153025715 -1.312275038 -0.1645098584 0.0002977845826 -0.4233845409 -0.5746311498 0.2649876805 -1.010473148 -0.7721228689
9.548568169 -1.407039912 -4.734430599 -0.04195099521 -0.1800539659 -0.1636104742 0.04727662389 -0.03658637621 -0.2547080085 -0.5089170504 -0.5638931371 -0.5956289167 -0.8711738 -0.3062434662 -1.804083054
5.235518317 -1.529748977 -0.9577792754 0.97672732 -0.3178395403 -0.6498940532 -0.05368078581 -0.1961312597 -1.046224864 -0.5678278816 -0.4125783558 -0.04673310836 -0.6150959113 -0.5299840735 -0.1684779978
3.58676088 2.506909761 4.082219777 -1.241586072 0.7732576035 -0.1125526269 -2.532633405 -1.427349286 -0.7708699142 -0.567605118 -1.172410565 -0.07356442422 -0.1618250324 -0.4452285352 -0.7128471807
-3.644248673 2.324162015 3.268851791 -1.599964664 1.115286144 1.194208344 -1.310691447 -0.6307615985 -0.2947528585 0.2725783018 -0.8627648907 -0.3938214811 -0.5637884997 -0.3416551683 -0.3770502807
6.767905006 -2.699126875 -5.113453861 -1.942008494 -0.813757298 -1.044170828 -0.7504992747 0.8151645246 1.780547841 0.7100182817 -1.030736177 -0.8547457756 -0.1652459303 -0.5239855505 -1.507175682
4.898205067 1.036561625 0.119152247 -0.1895873526 -0.08502118457 -0.4592057611 -1.6305978 -1.336375555 -1.422943639 -1.100655466 -1.121199818 -0.5400614894 -0.4259323232 -0.5661059791 -0.2026910668
5.00616075 -0.06206079564 1.375908758 2.672025344 0.2644566731 -2.61163096 -2.915725815 -0.8835727686 -0.4600104544 -1.069724439 -1.962497061 -0.8547093716 0.5678860868 0.3626082919 -0.8994104166
-3.769699666 3.992081346 -2.849384674 -2.507119295 1.015721561 -0.1293892108 0.1219051977 0.2253135644 -1.201151691 -0.5343244085 -0.2788813288 -0.3596109782 -0.6824606936 -0.8249241259 -0.7887198226
7.011352915 0.6091235661 -2.892009626 -1.216126283 -0.2712742357 0.007166295596 -0.246824766 -0.2191953493 0.1920966807 0.2625407095 0.01630317555 -0.3280749983 -0.9028249919 -1.245327412 -1.38441115
4.124193412 0.5607478732 -1.463091046 -2.008519795 -1.863460059 -0.9835574457 -0.5112713694 0.2166938562 0.5766246524 0.4566411166 -0.4162857734 -0.6123872719 -0.6393863795 -0.8429209139 -0.748266767
-1.551749813 3.807953642 1.81082895 -0.7646901391 0.7136748574 0.41564704 -0.271170168 -0.6360144004 -0.5024910555 -0.2649433191 -0.8288958926 -1.26404987 -0.7711355748 -1.004076302 -0.6745455365
-5.644137432 3.365282587 0.7781093213 -4.483377405 0.9592273504 0.2892211557 -2.082795655 -0.805793318 -0.351569381 -0.487172952 -1.0931732 0.4095847067 -0.7105938407 -0.9080648491 -0.298360384
6.865694532 -0.306582258 -4.657680631 -3.60960126 -1.704274774 -0.2160197035 0.3521984514 0.2841926126 0.2231506573 -0.2473349404 -0.2254656471 0.2300356895 -0.3358328752 -1.190126096 -1.887815771
6.781524568 1.569721995 -0.07156137971 1.303585396 0.3705065913 -1.174979501 -1.986664497 -2.183064863 -2.800779476 -2.144531517 -0.6120401325 -0.2038392269 -1.35979878 -1.201159921 0.3890856706
6.133695465 -1.262774892 1.573951905 4.494945785 0.2346879398 -3.601470395 -2.408186958 -0.5138521364 -0.9915283013 -0.733145194 -1.504302322 -1.421016309 0.5405005388 0.3921387811 -1.038458085
-4.514651154 3.076409411 -2.064447614 -3.021431894 -0.1777729759 0.425397091 -0.5284586727 -1.854141072 -0.2046032584 -0.1660291309 -0.861864014 -0.9587483701 0.1570470739 -1.13759803 -0.1015795478
9.853504122 0.08010890088 -4.936280525 -2.261944384 0.347239075 0.6740296253 -0.4636162543 0.1543107459 0.1517594719 -0.7313271711 -0.5080229641 -0.5636298838 -0.4271814183 -0.6121331608 -2.10402081
2.519684046 -2.479421923 -0.3483417201 -0.03494755656 -0.06704154371 -0.2298445041 -1.701060173 -1.550266027 -0.4371805235 1.042671022 0.04741779678 -0.6105164291 -1.217414469 -0.5130278043 0.6046513875
0.8025132462 2.293063351 1.829390459 -1.915616144 -0.658791545 -1.017874019 -2.407233668 -1.171009664 -0.5707470251 -0.6142384402 -1.163290951 0.1234237388 -0.3649078182 -0.7502271205 -0.4163665596
-6.453490111 1.949351726 2.112744718 -3.26986882 0.2362943626 0.3743056561 -1.320862864 -1.117498317 -0.5200385898 0.1479939979 -1.303812807 -0.1073952111 -0.3895393453 -0.2640367488 -0.6113700669
6.351595964 -1.860856903 -5.077085012 -2.72161599 -0.3674395261 0.4283640325 -0.5826449969 -0.6339222806 0.1088815297 0.794779182 0.05344046536 -0.7479324937 -1.142386071 -1.055306824 -0.6494737772
