10.3956969 -3.749209906 2.651617615 1.876234081 -2.630126797 -0.03892918994 -1.166536339 -0.9356785656 0.4978022237 -1.760964915 -0.7300638905 -0.2213811822 -0.7656790784 -0.02846966412 0.2882630881
10.36632176 -5.832143385 2.224137312 0.9720309933 -2.625896888 1.51086936 -0.9995601909 -0.6830471779 1.069625613 -1.453879729 0.1539879839 0.005406936502 -1.15062545 -0.01395581451 -0.3712873392
8.154504504 -3.661262238 1.538346156 1.200865946 -1.898691813 0.2689381614 -0.7349683383 -0.334690125 0.503509502 -1.16084725 -0.1644361181 0.3726305516 -1.037740349 -0.4424226568 -0.2490510217
7.868680806 -5.559023572 4.82654837 1.312234543 -2.875538348 1.148581476 -1.383183873 -0.3936792951 0.6878837377 -2.137668487 0.06314391026 0.2376467244 -1.186511654 0.3888770798 -0.03121295171
7.048414535 -2.200336277 1.904499277 1.511231313 -1.205050395 0.3820410862 -0.7559461981 -0.637166154 0.1472230621 -1.175419731 -0.5661880198 -0.00667492075 -0.8515027616 -0.2413175882 -0.2981657941
7.254574326 -6.423658477 2.136059343 1.116808964 -2.074729742 1.172838056 -1.034101756 -0.7640869347 0.8741515573 -0.8437520052 0.1332150066 0.06982789374 -1.349160895 0.1831398877 -0.09832418013
5.306154421 -2.367683462 0.7857439822 0.721225932 -1.155200931 -0.2451260689 -0.4491938704 0.2357895048 0.4557816705 -0.6304051435 -0.1788411186 0.1632791159 -0.7290494792 -0.6760474779 -0.5509261494
10.61291213 -7.100587202 1.252415818 1.820049248 -2.084290129 0.629260968 -1.748289382 -2.702686063 0.4847430792 -0.4565587515 0.5467571696 -0.05710327773 -1.031832866 0.01246815754 -0.04829060631
9.338354964 -4.846527538 -0.0121059098 0.8300977949 -2.862855786 -0.5076679107 -0.583632136 -1.159451343 0.7674079986 0.150373721 -0.8103613599 -0.4284841599 -0.2016249579 0.02459132417 -0.4378616945
9.686604515 -4.751471916 1.634118084 1.000410698 -2.343787614 0.7338921392 -0.8352494835 -0.3483285273 0.9535160738 -1.169724179 -0.0707634804 0.1404747831 -1.207226248 -0.4028323954 -0.4010532383
6.695104106 -5.429779312 1.809107112 1.520702277 -2.063715797 -0.06190771109 -0.6340959386 0.2252267328 0.5112849833 -1.58193492 -0.06137010567 0.6616983105 -1.14148106 -0.5671781996 -0.2821601893
8.036228349 -4.649145222 1.660923699 0.6301187894 -2.020229335 1.214504077 -0.6942502142 -0.5878044276 0.8471338435 -0.7882138719 -0.05094030632 0.05175875212 -1.144858035 -0.08626285589 -0.3209655408
6.949247976 -0.3386074384 1.540328037 1.282083182 -1.478723525 -0.847635049 -1.029810447 -0.6520527775 0.06657471518 -0.8340799476 -0.9419513851 -0.3283942466 -0.6301638593 -0.4001653831 -0.144381291
9.22837716 -6.263420265 2.039791093 1.49336528 -2.528146612 0.2795342438 -0.7844631283 0.1114581389 0.8516211239 -1.801829574 -0.03254048401 0.6336331707 -1.168941709 -0.4349063936 -0.3318217992
2.512282935 -2.333597941 0.6716079387 1.136138214 -1.012236511 -0.901780259 -0.2415480784 0.6128381011 0.1739837565 -0.7694831483 -0.128278591 0.2758119378 -0.7008828925 -0.7858185696 -0.3500721026
7.142774941 -4.523858285 0.9880962768 1.782020411 -1.290855219 -0.0001080567389 -1.948037885 -2.180101674 0.01491747799 -0.2081833065 0.1081195669 0.02495200378 -0.9939198747 0.2366047242 0.232192551
11.11255574 -3.616313862 1.599896846 1.088977364 -3.225688063 -0.9077377481 -1.38211432 -1.009899068 1.176389372 -0.9159295781 -0.9301592868 -0.6675584377 -0.08361495427 0.01491797567 -0.08883634843
9.421325789 -5.891490172 1.723720237 0.213550589 -2.670593018 1.37747892 -0.9772966411 -0.5984921091 0.9334142028 -1.18763493 0.05868138403 -0.1352612218 -1.245654708 -0.0006277891846 -0.4189290437
7.115425364 -3.573494162 1.051002344 0.5221178448 -1.71550363 0.6725290974 -0.7060628011 -0.6427564661 0.4804737312 -0.8143190491 -0.325334853 -0.06968193521 -1.102580668 -0.2960997051 -0.2687517229
5.949866578 -4.27344066 3.660948054 1.630464796 -2.249959741 0.6275350012 -0.8285569815 -0.3017591928 0.3794886643 -1.759597918 -0.2189808085 0.41620382 -0.9862282974 0.1378995444 -0.0293759505
8.55431152 -1.565630251 1.844048091 1.361619682 -2.397781085 -1.016268847 -1.117839353 -0.7959554705 0.3499864186 -0.7636479329 -1.019967214 -0.4914467927 -0.4838430056 0.01290134459 -0.1010699937
8.844413059 -7.737775326 2.306927286 1.082507216 -2.73094045 0.9367789181 -1.303083242 -0.6643894 0.9083650445 -1.55173913 0.2066020831 0.13684512 -1.610169316 -0.2344424522 -0.3248679904
6.35045332 -2.396394204 0.3396181089 0.2521474524 -2.300327209 -0.9199145611 -1.120312157 -0.7341469286 0.09650222974 -0.9207731703 -0.7661994206 -0.05923505646 -0.4829103549 -0.0365583075 0.04725932921
9.128424141 -6.073548903 0.4036507745 1.77524703 -1.618096989 0.223007049 -1.652189657 -2.532937784 -0.0101411095 0.03704372999 0.3422036569 0.1106277699 -0.9401416148 -0.1284329854 -0.1314679209
7.211999982 -3.542644785 -0.5638433858 0.6030801379 -2.362018413 -0.8874307044 -0.5574498654 -0.9957973556 0.4274304876 0.3376840892 -0.7823383133 -0.3358730942 0.05499484291 -0.1493774092 -0.6744952558
8.721591735 -4.906278706 1.6836008 0.7103397956 -2.412138217 0.6311291994 -1.218941915 -0.9502561447 0.4231538318 -1.363794803 -0.2777523998 0.1013969025 -1.022734155 -0.008193915083 -0.1885796226
6.142420985 -4.360196527 0.8715149803 1.143162184 -1.827723727 -0.2936159564 -0.4662255678 0.2267253821 0.4298792922 -1.345629702 -0.303900798 0.5090205663 -0.9486682496 -0.6885061318 -0.3125648876
7.439893964 -4.823923349 0.94166993 -0.0394397149 -2.689170399 0.3862495013 -1.044936987 -0.7077549862 0.5427043419 -1.031238075 -0.2081653956 -0.06269267588 -1.195509917 -0.1310853985 -0.2795697681
7.114779789 -0.3845105766 1.403644234 1.249169976 -2.097139394 -1.789383781 -1.388963784 -0.7798337008 -0.02414364833 -0.6912208535 -1.109941203 -0.6229586133 -0.1093171338 0.43421938 -0.01680025807
8.255372512 -5.952388081 0.479373113 0.9993774706 -2.048555557 0.2456750128 -0.7735581788 -0.3152435162 0.4504695353 -1.473824979 -0.2000106142 0.5271188999 -1.077009322 -0.5121890475 -0.3089150474
3.166363778 -1.121604706 -0.07121377297 0.1582810237 -0.9812128886 -0.2660477551 -0.3730461292 -0.1302395952 0.08817588658 -0.3962712344 -0.2870755739 -0.1338436757 -0.6256205196 -0.4329719506 -0.3449699201
7.316884128 -5.215469967 -0.2507482964 1.714645115 -1.264063346 -0.1567816506 -1.389266289 -2.214928264 -0.2447277638 0.1837889324 0.1585956638 0.1678241141 -0.7336286193 -0.3320303143 -0.2028534388
