5.441200766 2.948492933 0.5823534231 1.311287441 0.6600150099 0.4902455467 0.06657568339 0.1878046961 0.1121924789 0.2261257634 0.1889675957 0.02398058879 -0.1132431312 -0.01225610133 0.06999903484
4.984757139 -2.705820604 1.478187134 1.103541069 0.005275733802 0.7159520861 0.05991717913 0.09982091188 0.01187433468 0.02464195656 0.08362336408 0.03030522167 -0.09859941191 0.02768461384 -0.08874158604
8.971063638 0.5454580338 -0.8434914565 1.548471456 0.558954196 0.02112004424 0.1302749493 0.3629386516 0.001841789878 0.1461726785 0.1008843299 -0.07265170415 -0.07810304807 0.06508191569 -0.01924649021
5.833922205 -0.1694734124 3.572517001 1.903954843 0.2519782374 0.03688961874 -1.16172558 -1.572960596 -0.493442827 0.3828073629 0.04618447242 -0.5761154071 -0.5023530688 0.06689343503 0.5139633204
3.13880722 1.000696942 1.076047755 1.262041295 0.6493436195 0.7981936813 0.3421513836 0.5971784251 0.2837395864 0.5750628254 0.5911730862 0.3325740764 0.08846278808 0.0243511164 0.002861451089
1.940436783 -5.158258759 2.338946052 -1.406428429 0.9736635625 -0.01943081608 0.120585736 0.09423861427 0.2867134058 0.05259136382 0.2264952749 -0.01999216999 0.05639312855 0.09115766702 -0.1983540903
10.63498775 0.6236642702 -1.259870244 -1.797696244 -0.7299666085 0.8206883537 0.3628300906 -1.822054383 -0.1897818304 1.547009902 -0.1866367016 0.3571533398 0.3585319408 -0.5810577244 -0.4910556602
5.610916366 0.6680049434 0.041848118 1.144676477 0.5880103117 0.4218533086 -0.003197350611 0.174740576 0.04404725953 0.1702897615 0.08749835008 0.01903078183 -0.0636688358 0.02024207849 -0.0096598022
3.657264863 1.931263939 0.1311716862 1.049807686 0.6419149001 0.6384743764 0.3133285415 0.404779249 0.2439457852 0.4895649372 0.4621108693 0.3571587808 0.1633544683 0.07605940503 -0.02371065444
4.635239195 -5.118830762 1.670526452 -0.08294725104 0.06498986862 0.7187072999 -0.4681006659 0.5348142751 0.06249071833 -0.1042279874 0.238177877 -0.1595326166 0.1266468826 0.1317063488 -0.06891080041
7.778372954 1.877320051 -1.103197263 0.09324749652 0.1589053292 0.2534138005 -0.08082647444 0.1091843593 0.17697039 0.3588025749 -0.02622278051 -0.03600463523 0.05147268175 0.041933235 0.2093245256
6.882500019 -1.072281963 1.4787016 0.2615721313 -0.07685135212 -0.3755161377 -0.6973291784 -1.935601912 -0.4871338473 0.8724524769 0.7822417197 0.5529627462 -0.5053548468 -0.4453526326 0.6629296326
2.405282927 1.302657825 0.8053108182 0.9669650373 0.5801055774 0.5304031752 0.2913406321 0.4909630915 0.3174036742 0.3728932712 0.2955627947 0.1922034185 0.06654838261 0.04355023719 0.04645267787
-0.8578187109 -3.149755397 4.20660276 -2.054209497 1.184170441 0.5854272853 0.4082492208 0.05797500049 0.3321363006 0.2978335336 0.2860011646 -0.09147419592 0.1374275214 0.3550859655 -0.524339555
2.895332782 -1.961300558 1.91573529 -0.06119055845 0.2141231651 0.7973304396 0.08434662638 -0.1261689041 0.06643589026 0.3692557573 0.2023209042 0.116444133 0.009763700153 0.09991099722 0.02506142373
4.124429014 -0.5505433972 -0.6816992126 0.5978512101 0.6515709481 0.672360077 0.1043472428 0.59013691 0.4474300481 0.3463545263 0.1409994878 0.1545472478 0.08885423841 0.1573325553 0.1252036372
4.531387694 1.766584067 1.565913712 1.815313434 0.7672522941 0.7371684319 0.1232304096 0.06811994529 -0.06057689469 0.2330961454 0.09433975609 -0.1037038716 -0.2995791153 -0.1742254329 -0.1212360478
6.047656563 -4.357888912 0.6012858473 0.6136734757 -0.3230867696 0.6475375901 -0.5449128126 0.4366365453 0.05188143581 -0.09248510827 0.2963947997 -0.03713080044 0.1016278133 0.1501900526 -0.1358557152
8.538896019 -1.426575621 -1.264453243 0.5473355069 -0.4127639282 0.1560311621 -0.05494409848 0.02733743009 0.0671950212 0.05617361551 0.02282559662 0.1731855642 -0.02820483256 -0.09038347416 0.07488088963
6.489897609 -1.30705364 3.10592638 1.743175417 -0.01920631016 -0.4128801845 -1.156268251 -1.642546567 -0.5385666945 0.04189697808 0.4209639534 -0.2293335533 -0.5748757858 0.107719786 0.5790342538
3.04193926 0.3216505207 0.7860275928 1.371353046 0.4395473181 0.4841205624 0.1466170271 0.4873033536 0.2430615953 0.4322359019 0.5590051114 0.4270911724 0.02285892456 -0.01549086927 0.02434730575
0.6260109808 -4.641597385 2.743591549 -2.322754903 1.243482251 -0.4084016451 0.2125978704 -0.2443953904 0.3890866058 0.04010807386 -0.0015683939 -0.03292334372 0.05673986601 0.0391476069 -0.1878805983
7.510768143 -0.7827689771 0.6153446385 -1.744534934 -1.06405946 0.7212325588 0.439205641 -1.454736617 0.06355118236 0.6858398517 0.2363499345 0.714552435 0.03897304529 -0.4697602564 -0.3133971208
6.589245487 -1.156727375 -0.1947336764 1.247991287 0.2139814391 0.2187998015 -0.1527079419 0.1109623179 -0.04725753605 0.03581936903 0.006549082254 0.1408390326 -0.05697644342 0.05886378331 0.0286099477
3.344603785 1.152746533 0.9166570432 1.1482407 0.3810150941 0.375814593 -0.01661078024 0.233651222 0.1018116533 0.3891544016 0.3806943533 0.2901699009 0.09723627808 0.1505679433 0.1111188822
3.392042244 -5.261607418 2.055503263 -0.8054029816 0.4540070349 0.2774799542 -0.3464231142 0.2152090053 0.09747604141 -0.1217128335 0.3696942409 -0.1316860646 0.1276207782 0.2282850537 -0.1040993313
8.125032029 2.229687156 0.347191858 0.919154171 0.9825681321 0.01521841101 -1.80443872 -1.677224514 -0.3761524921 0.3464561084 0.02838737521 -0.1085814548 -0.1538858411 -0.2702397271 0.1822701388
8.061351898 -2.272324421 0.4730522344 -0.6197723476 -0.6360361325 0.08152153169 -0.2074774216 -1.869135034 -0.2691204717 0.9504787419 0.956817219 0.7910241094 -0.5077364525 -0.7164502636 0.1923056245
2.098824131 1.036632143 0.4567494971 0.6604870742 0.3129891763 0.2991211275 0.09425966552 0.2148697787 0.08951114869 0.2256444427 0.1901151271 0.1240881647 0.01826056069 0.01845416678 0.03666959676
-1.261072808 -3.885834209 3.346070411 -2.80395087 1.72898131 -0.6274290431 0.2462340741 -0.3030895611 0.2345972892 0.08095526614 -0.06437526401 -0.03891894997 0.1699263084 0.04286288666 -0.1357637713
4.703008244 -1.117834523 1.993234642 -2.353148138 0.6385122081 0.03352365573 -0.1550671692 -0.1867833459 -0.6035225484 0.8838712977 -0.3678906777 -0.09652128591 0.4058116446 0.07211809649 -0.06047776872
4.800235798 -0.8214122104 -1.340403074 0.02626121384 0.5666768366 0.826727645 0.4170113963 1.198532798 0.8497533722 0.3255533518 -0.4271208045 -0.8402921145 -0.5218252202 0.3195296742 0.7273770033
