5.164190814 3.565123367 0.6049759458 1.30558017 1.584064368 0.6289754872 -0.222532888 -0.506786939 -0.3557510927 0.2617391097 0.0483220032 -0.325825806 -0.3184085441 0.01650043836 0.1758136556
1.727205717 2.75731232 0.005154753256 0.8434287995 1.241841126 1.40166752 0.8537813095 0.5637397589 0.3880421567 0.4792102505 0.3906999878 0.1012672578 -0.2036133469 -0.121181695 0.081955762
4.389626278 0.2741760108 0.7139511191 2.465768735 2.918297293 0.6504061511 -1.197743938 -1.136332313 -0.1889008215 0.6015885065 -0.1723763357 -1.427156927 -0.8099499226 0.2538959081 0.2902756695
0.3661864791 1.88584663 -0.8023526258 0.08007791885 0.8180348736 1.359328904 0.9434103412 0.6357709167 0.4149449743 0.5160779354 0.3463832821 0.0002337563478 -0.2439567371 -0.1189912276 0.03622980518
2.323706445 0.8013923314 -0.6138578999 1.947562737 1.853970196 0.5551346973 -0.3630846287 -0.2685593681 0.06381896447 0.3006807307 -0.1896772202 -0.9338281902 -0.7146935111 0.2591100971 0.1752048942
0.7483628848 2.044084815 -0.9418179563 -0.1892946788 0.4661879601 0.9072719976 0.512301168 0.3219166497 0.270489287 0.3919883075 0.157363008 -0.1281485339 -0.2849027778 -0.122978131 0.08161825142
6.066911732 -2.33785482 0.6768166669 3.139529201 3.870103888 -0.5497642366 -2.904919296 -1.045018184 -0.729209732 0.02981122726 -0.04477513622 -1.779408656 -1.54949752 0.1659676908 0.4110713496
-0.002550810468 1.705485857 -0.8394242309 0.04962238337 0.576643527 0.9438638617 0.6163754076 0.3715577371 0.1359333141 0.2271366362 0.1993025958 0.07768564487 -0.07627781181 0.05222909906 0.1726220633
3.52490925 2.505240456 0.01747064957 -1.032979246 1.735470104 0.09701604074 0.8496702578 -0.3025233998 -0.02505834042 0.3007291883 0.3964570292 -0.09374532986 0.2002529302 0.0742223377 0.005466617026
0.9884373411 2.357411296 -0.4353247698 0.3601656305 0.8743008692 1.228486114 0.7948111937 0.5216687389 0.2924084163 0.3379539158 0.1632274714 -0.1294697454 -0.3400149217 -0.1220604513 0.05967164937
7.232655098 0.8909634044 -1.109911261 1.246759806 1.781212746 -0.199304749 -0.5141641338 -0.8500478626 -0.756800091 -0.1950454599 0.1718887656 -0.4720416138 -0.8198721258 -0.09233759507 0.06504321584
-0.2614640204 2.226304642 -0.0345954436 -2.945838341 2.194817993 1.046614289 1.599687587 -1.010577118 0.7113570416 0.6228327371 0.4389026255 0.08414150842 0.8545323981 0.0005923337264 0.1777371327
0.667897899 -2.706451201 0.4643539035 -0.3942647947 0.5729160831 1.933116191 0.5037770067 -2.61518971 0.02369348066 1.404120025 -0.2702802877 -0.5970675502 -0.04688676853 -0.4178459913 0.09366080272
0.2407268973 1.897500399 -0.6515938157 0.3101029326 0.8838508614 1.166437666 0.6774770005 0.3422911241 -0.005730742632 0.02064613262 -0.06456612385 -0.2555560955 -0.4002891548 -0.1774961772 0.04297036182
5.816087436 -0.9002669888 -1.121645335 3.591574058 2.465013843 -0.8093639425 -1.612503324 -0.4292759028 -0.5744283161 -0.414853199 0.207053794 -0.9456147034 -1.604459921 0.04376385354 0.6090833055
0.008293041322 1.463416993 -1.204154762 -0.2379310867 0.5073990388 1.038374711 0.6997363428 0.4233803997 0.1353241961 0.1378021764 -0.04066277565 -0.3700685632 -0.5044904555 -0.2575870661 -0.02478001863
4.877131376 4.396730424 0.3007952223 0.3254360059 0.3320706283 0.4201752734 0.05432198364 0.01381638346 0.1221474006 0.4416173989 0.3625086397 0.02898264459 -0.1462580778 0.02321810827 0.1022633255
2.01383363 3.311658133 0.8456233969 0.4858756791 1.203348644 0.8972703122 0.5820204898 0.01742692345 -0.07819502064 0.1804053596 0.07966249833 -0.2484483606 -0.09203527995 0.03522262643 -0.001680181632
3.89309936 1.072695374 0.09622994433 2.672984595 2.090932122 0.06244731754 -0.9510949157 -0.3466571834 -0.2368694041 -0.07757784622 -0.2960241193 -1.09643594 -0.9102802746 0.181159713 0.2500562308
0.4134443357 2.080872485 -0.7414088432 -0.1694491125 0.443033088 1.097407089 0.814048192 0.4575505512 0.1652038222 0.1963904448 0.03040280544 -0.316402085 -0.5601745807 -0.3893012539 -0.1457580679
1.147186338 0.2114913391 -1.449652728 0.757197002 1.145159905 0.4196627424 -0.2250326637 -0.01750054014 0.3344376893 0.3142986108 0.01245460148 -0.319783388 -0.4129360824 0.06518362672 0.1358169711
0.4523211355 1.87428382 -1.149976168 -0.4759036422 0.1718008967 0.7303660162 0.4009912525 0.142393813 -0.06532264678 0.03354905466 0.005649386173 -0.1880068949 -0.4021736869 -0.2929963261 -0.115984701
4.575246261 -2.077434391 0.6382489088 2.648980932 3.178048329 -0.9242745492 -2.797674199 -1.028599209 -1.233709497 -0.2121123135 -0.08904155538 -1.998414036 -1.332496635 0.1860435581 0.4666786369
-0.0004851007291 1.630150783 -1.148938604 -0.4152037358 0.3291913114 0.8545796778 0.5427067918 0.3976860547 0.3420740753 0.5400172134 0.4133585158 0.08885753536 -0.1961939369 -0.1038090957 0.04938038027
4.584639045 0.09834746754 -1.037877196 0.02975487336 0.8822535257 -0.3429356621 0.2933334126 -0.4162450203 -0.2075214866 0.136137363 0.4488679277 0.2105552284 -0.1545020524 0.01395312251 0.08758742471
0.5250512936 2.249766284 -0.4501141262 0.1319398944 0.6080053926 0.9859808703 0.4702207171 0.173154591 0.05271454055 0.2934590404 0.3157013579 0.1080405368 -0.1364225185 -0.06585192634 0.04365018929
5.537582789 -0.5299129989 -0.327809291 1.972134449 2.47855038 -0.9198194485 -2.284510459 -0.9021885895 -0.5146156282 -0.293804718 -0.2872160434 -1.353178742 -1.207235442 0.2643845354 0.1786619158
-5.544678148 2.015535057 1.738051385 -3.126685923 2.476005504 1.674314689 1.600727795 -1.032227759 0.5102399104 0.8744950936 0.7948368921 0.01813407968 1.013664929 0.3083880854 -0.06139411213
-0.0561536285 -0.6823491058 -0.7073683447 1.076849441 1.431130637 0.02685007494 0.07632453382 0.1476461784 0.06474535775 -0.1316619791 0.445042949 0.2692896688 -0.6493485115 0.2566548662 0.2550086272
0.2990991556 1.870537094 -0.8038994665 -0.007316365037 0.4989396662 0.756890785 0.3028401662 0.04494375135 -0.09960575599 0.003145207163 -0.1096254174 -0.3287384658 -0.4736014154 -0.2465695842 0.006239208731
5.964963393 -2.274289615 -0.9443057301 4.407802876 2.400440699 -1.65191674 -2.262471397 -0.06214047834 -0.4793071492 -1.01766385 0.07141212865 -0.9148512803 -1.796625769 -0.006117908404 0.5687145813
-0.2496702588 1.308336562 -1.287177644 -0.4109122808 0.2620988105 0.6939869058 0.3173004518 0.08485425858 -0.1647187341 0.01972776925 0.02462875256 -0.07147033167 -0.1902405911 -0.07778016659 0.0874094871
