6.563519478 -0.3154621859 1.176704028 3.643411813 2.043908212 -1.365541549 -3.001776999 -1.053563274 -0.2266637261 -0.7044116141 -0.9035139917 -0.9747889504 -1.023800152 -0.02321231516 0.8433556682
1.261411908 -1.090362815 0.2677006433 0.2509705322 -0.9775067199 -1.602936385 -2.343867007 -1.229746603 -0.5582952099 0.09267948749 -0.2518436474 0.2122927595 0.6644859966 0.3647716932 -0.06385896443
11.05402914 -0.4573132714 -4.68171356 -1.738117198 -0.1659516135 -1.289901384 -0.5787487677 0.1651141479 -0.2378804369 -0.9965184333 -0.6924027354 0.2233146812 0.4470891921 -0.3405963593 -0.2240523985
2.850557389 3.869164377 -1.892592204 -1.37127837 1.340689519 -2.25441547 0.8949499865 0.6402980744 -0.1285153854 0.2459573725 -0.7505680813 0.4517407033 0.7123918388 -0.3735513268 -0.5990049639
3.22112554 0.6640861925 -0.5181368506 -0.4041574902 -0.683332017 -0.4370726086 -0.6684419875 -0.8216346953 -0.5991684602 -0.4223520035 -0.5664083607 -0.1508913225 -0.09494099637 0.04925868147 -0.1445155841
-1.252845156 0.5386143934 -0.2139531716 -0.7809642427 -0.9211869087 -2.449321329 -0.05018577031 -0.8115359652 -0.170074037 1.379766141 1.183001878 -0.5711018666 -0.4728257813 -0.3102340791 -1.404342965
7.020588119 -5.891164236 -3.915657099 1.192158538 0.3006046929 -1.273750111 -0.5560912243 0.02922089806 -1.101716105 -0.5073676707 -0.7866138893 -1.751894244 -0.7779516206 1.387744172 0.6511216073
-4.973710496 3.891244127 -0.5140665608 -2.338916231 0.06057622969 -0.9668622321 -0.4134420223 -0.6692338276 -1.337675977 0.7732732574 -0.6341269961 -1.137314872 0.0142466855 -0.105733452 -1.395498115
4.437031447 -2.716129893 -1.62208056 2.266154785 0.8842535548 -2.059011597 -2.574107576 -0.5839872771 0.1554435948 -0.4567408741 -1.258938114 -0.7965614474 -0.5420078179 0.2492927572 0.3516964542
-3.407524336 -4.792086422 1.920973128 1.627566759 -0.3384375275 -1.456691249 -1.078975549 -0.7771513869 0.1661916287 -0.06068459046 -0.4911890857 -0.7734225494 -0.5872680724 -0.2199747594 0.3498136475
6.802886869 1.18784214 -1.884851027 -1.439240249 -1.71767552 -1.618649336 0.1836248057 1.032582352 0.6997828006 -0.9808416676 -1.366390054 -0.02698245686 0.5113146276 0.1914162468 0.1505153641
0.3402450968 2.375812906 -2.3860846 -1.840064981 0.659437128 -2.048755151 -0.1714960476 -0.5206454257 -2.232433695 -0.879398925 -0.9823751398 -0.6185788485 1.150652456 0.1621099895 -1.1030727
5.820924923 1.734393049 0.4862502212 0.5374961078 -0.06347704971 -0.5089515105 -1.424648859 -1.258362912 -1.229300394 -0.8155667706 -0.9457783273 -0.6452036745 -0.6219739141 -0.4947609287 -0.05624662374
-5.219234035 -1.241232268 1.562228081 0.332163322 -1.830299569 -0.6975268454 -0.4831314176 -0.5868516187 -0.4727692955 -0.1427127322 -0.6907593001 0.04105389518 -0.3003429567 -0.6154315361 -0.4760048859
6.572675888 -1.90560318 -2.858738053 -1.757436593 -2.158523607 -1.271933841 -0.1588503518 0.5480190893 0.1364429331 -0.4242071425 -1.335460597 -1.352456701 -0.7972507592 0.5393906378 0.9247212842
-3.919079376 0.9781188959 -0.9507122982 -0.466285243 0.7876681281 -2.46681274 -1.717739862 -1.816585964 -1.178898216 -0.4690007552 -0.8912667247 -0.7493268209 0.8195803308 -0.01744527216 -0.851008332
8.503445157 -1.44537932 0.4328666149 1.856014096 2.570266594 -2.208935899 -3.745827493 -0.2573860573 -0.4535777507 -0.9934948113 -0.2445347651 -0.9540724237 -1.389135165 -0.2115575389 1.470774856
-0.8740311531 -2.171091165 -0.1902977496 1.073301039 -0.9716179336 -1.608031128 -2.03750196 -0.6329984421 -0.3228277878 -0.1770312799 -1.014906848 -0.008094071412 0.3175717863 -0.1268785213 0.001904338595
7.999161723 -0.710071686 -3.296114692 -2.217290084 -1.591578166 -1.783593145 -0.4823466468 0.5086452629 0.1044463461 -1.145094715 -0.960208749 -0.1430794169 0.4254158829 -0.1742337784 0.053559192
0.223741889 2.414942641 0.08083076076 -0.4144242821 1.490816401 -1.334672189 0.009943991912 0.007134813928 -0.4234359742 0.3524120442 -0.612735774 -1.193140286 0.1838854866 -0.3556035921 -0.6122475155
4.346401719 -0.54370443 -1.14626697 0.06391067105 -0.125128468 -0.5818747857 -1.365173727 -1.185903107 -0.3803465012 0.07010814669 -0.5964450234 -0.481872374 -0.4550498174 -0.1147801695 -0.008348019505
-4.724517323 0.3946899846 -0.1801238408 -1.547333056 -0.9094241566 -1.918483101 0.004680369327 -0.4483037639 -0.487448129 1.210730782 0.5407595875 -0.8199069786 -0.8125086195 -0.6484035893 -1.214983714
6.329503765 -2.866996417 -4.365991854 -1.482437541 -0.4447815844 0.6000938217 -0.3011870945 -1.058776793 -0.2990459995 0.9403437609 0.5718805345 -0.6446528272 -1.038171666 -0.8296724897 -0.9652876646
-4.572449188 4.575283263 -1.500658371 -2.682420464 0.3078054529 -2.43091044 -1.243748972 -0.875676339 -1.057324998 0.357033411 -0.2657952134 0.005553546854 0.8817641567 0.1883831443 -0.5954916082
5.942711145 -1.270092196 0.1165785781 2.311666353 -0.03216301123 -2.732504333 -2.692870061 -0.9880621578 -1.445498947 -1.282295306 -1.052486691 -1.235323686 -0.681094026 0.1177398277 0.3069565049
-4.694226547 -4.435594198 1.695134769 1.704424665 -0.3083866219 -1.769414387 -1.491121266 -0.7367816059 0.03252690242 -0.2057866728 -0.6966305241 -0.3942085185 -0.3403746026 -0.541072038 0.01768642127
5.144478671 -1.129156566 -2.822452319 -4.070851686 -0.9789920667 -0.6331007714 0.05831349059 2.03762291 -0.5387569237 -1.415767795 -1.497962281 -1.078071008 0.03534878113 -0.117693168 -0.2246267126
-0.4438600556 2.946337973 -3.614915664 -3.406012981 -0.0743135142 -3.348371013 -0.312149512 1.922258822 -1.204359511 -0.5099499648 -0.09389431511 -0.09120186432 -0.07450555205 -0.3113517947 -0.8710843581
5.391222671 1.172419049 -0.2351845279 -0.3772330592 -1.228805328 -1.776390485 -2.331044716 -2.086430392 -1.431253302 -0.5076878437 -0.2357561479 0.1573708762 0.07988386401 0.1143311799 0.1155988101
-5.918658838 -1.105815044 1.233030229 -0.2138068988 -2.250102697 -0.6597360076 -0.1772010715 -0.4992303755 -0.6254754419 -0.2652863131 -0.7420656203 -0.4462203862 -0.8160994174 -0.751127412 -0.5463066033
5.649197822 -1.536583664 -2.280141197 -2.127934528 -3.424720758 -2.392174288 -0.005356336931 1.184748265 0.5009040857 -0.08106201174 -0.3454373746 -0.4689563337 -1.181527703 -0.6537852304 0.1849955131
-6.242726279 1.817304689 -0.7704821515 -0.81121716 0.8158791675 -1.993834809 -1.928073098 -1.391182182 -0.3874666254 -0.005808681257 -1.392365871 -0.711354331 1.469992671 0.2570359851 -1.086642717
