7.482238999 0.9500731029 2.226070801 0.9050866194 1.369394138 0.2316235702 0.3535166309 0.4400841931 -0.3682742843 -0.5792665934 0.03197743757 -0.1218024967 -0.5693152997 -0.08769550407 0.112534009
4.798741189 0.7487213803 0.7858451948 0.3623608112 1.009217285 0.5711005342 0.210604488 0.598374011 0.3341451828 -0.005521124396 0.1142627487 0.2982723232 0.1344773133 0.1366810291 0.07882338272
8.528413307 1.105481246 1.242399981 -0.3254238399 0.1973559881 -2.784880655 0.1863404975 0.8577181711 -0.2201004589 0.2716251758 -0.4312009767 0.06988392502 -0.2748119105 0.4858297742 0.8316218057
5.315115601 -0.809842837 1.717271248 0.785550005 1.425542452 0.01357089106 0.4990050351 0.969611616 0.296631686 -0.3708515546 0.3688363056 0.3639136178 0.1399572883 -0.2415143903 -0.06258496716
6.916469105 2.049667826 0.852032521 -0.5684236998 2.266629634 0.8911904739 -0.2997837001 -0.1267517198 -0.8162296224 -1.367023262 -0.1218532463 -0.2130268455 0.2616105182 0.2600942705 0.1448207089
1.317532092 -0.0415814791 2.896442498 -0.2826001193 2.70465065 -0.1214200622 0.1679377555 0.4873699569 0.2862476182 -1.070613282 -0.02309538583 0.05268743015 -0.2115651859 -0.2012341868 -0.160581311
6.80148806 0.7028264466 3.60130123 0.10876933 0.8150986907 -2.005868094 0.4239029678 1.169241852 -0.5665762646 -1.806050718 0.5728278201 -1.185634611 -1.299192776 0.6864917357 0.9247913008
6.062757268 0.1644609541 1.361465945 -0.1177686628 1.394335073 0.1100519939 0.2718266136 0.4146247291 0.2456267482 -0.135563135 0.0357730618 0.1856586915 0.01496876678 -0.03385710911 0.1482047018
6.93534376 0.5186979094 0.5384202419 -0.7002671032 0.6793964986 -0.8607531638 -0.406892421 0.1422021677 -1.314041915 -0.4538167452 -0.4795229876 -0.4850022541 0.519043135 0.6390644527 0.908453791
3.129228378 0.8705342781 0.1315595059 0.2128114426 0.5900434361 0.4018769659 0.05250579734 0.2219812374 -0.0312718608 -0.22132382 -0.07304755182 0.06250045422 -0.05994120132 -0.07562188439 -0.1020264818
8.140627918 0.271700458 0.1901532311 -0.03936691563 0.4816940696 -3.119115949 -0.440176398 1.462663984 -0.1749585854 0.08145910244 -0.9201334899 0.125246621 -0.2061855189 0.3799904278 1.20927538
5.522669769 -1.316273761 1.063530659 0.2108620943 0.8644727172 -0.4325940783 0.07875766684 0.5591661046 -0.127045101 -0.9143401945 -0.01832450553 0.2423893105 -0.1524678728 -0.3402415931 -0.06230033125
5.475148192 2.188308974 1.868514375 -1.321817055 1.994226922 1.216763415 -0.2186430251 -0.2120739432 -0.3197684638 -1.512675846 -0.2966286337 -0.490094732 -0.1453432237 0.148521878 0.5357349296
2.799214842 -0.5091265667 2.079718843 -0.9011888634 1.907781363 0.959558133 0.00604363386 -0.9142975522 0.2530351081 -1.109212382 -0.2141117609 0.2250320043 -0.1367102107 -0.04260928526 0.0007225817303
5.86524974 0.8398662395 2.98909684 0.6615277895 -0.264320028 -1.151662778 0.2849021024 0.6870144414 -0.846374848 -1.245242145 -0.04190838388 -0.9417163118 -1.24989765 0.4113557178 0.5638646858
5.793947024 -0.5762988586 0.6208069265 -0.5707040377 1.074575614 0.3001710181 0.1097978082 0.286415256 0.1460214276 -0.3075493604 -0.05994593094 0.1094382588 -0.1245182697 -0.1669824691 -0.1341060523
6.109154344 1.546652613 1.693728111 0.9214823915 1.184804204 0.3854970865 0.2456097718 0.3498383181 -0.3047800217 -0.432933086 -0.0135449639 -0.04985188891 -0.3606931348 -0.08886577892 0.03290788214
4.467869152 0.1369680716 0.07722840025 -0.2504434839 0.512683643 0.2728384213 -0.1940692511 0.1626502094 -0.1357049279 -0.4136687433 -0.1888244449 0.05165442812 -0.1630964191 -0.1407380812 -0.1639739695
7.531081583 1.246874458 1.401399181 -0.2353442421 -0.1187348421 -1.741106272 -0.0114421046 0.57925797 -0.1083366321 0.3344154568 -0.2467893511 -0.07679808394 -0.2073665154 0.4946638933 0.8050311466
4.596728626 -1.313435713 1.105022252 0.09885112355 1.244909569 -0.06770768698 0.4498123535 0.8298568689 0.2451466828 -0.625163714 0.1809553627 0.1862235856 0.08487302755 -0.1986935096 -0.1828568523
7.285078822 0.9167454703 1.36488042 -0.9442661618 2.232658521 0.3427449339 -0.5329800561 -0.1375023083 -0.5302288952 -1.301913732 -0.4131827763 -0.8497438866 0.02382698844 0.3748020838 0.4984259182
-0.09018271492 0.1031823452 2.646372433 -0.4159243378 1.798727045 -0.6117094276 0.9438303146 0.4187031626 -0.1006836392 -0.9386223244 0.633675918 -0.2884111841 -0.1427147271 -0.09662331441 0.1208479022
6.755443675 1.54426277 2.190869386 -0.3489897071 1.499961524 -1.264088875 -0.8433614888 1.116032249 -0.2758057318 -1.447600407 -0.1699370102 -1.385627259 -0.856317906 0.7713171159 0.7380916754
4.756456468 -0.6689948793 1.053214579 -0.7194494522 1.320749419 0.2184995215 0.113888514 0.1366023168 0.1350767273 -0.2950542237 -0.113433874 0.01209937103 -0.1049681636 -0.08246760412 -0.06226654
7.426705297 1.137809829 0.004993020943 -1.51697311 1.875707187 -0.665613859 -0.5249444049 0.2001706206 -1.77340385 -0.4074200508 -0.3408283943 -0.4988373303 0.4747526011 0.2452813366 0.359212709
2.983683681 0.100953174 0.01925668463 0.221421158 0.2833981784 -0.02375093565 -0.1802407203 0.2266035598 -0.2964688445 -0.552633194 -0.2322034832 0.04137581666 -0.2899256873 -0.2596871464 -0.1366033461
8.513700689 0.8092440187 -0.01243500932 -0.7011114541 0.9942922798 -1.789359293 -0.8435378168 0.8691435316 -0.4623038199 -0.3465706627 -0.4945561817 -0.4551675275 -0.001054264563 0.6025908337 1.024465425
5.055966215 -1.363358254 0.6498702877 0.02925409931 0.6278533126 -0.7895944525 -0.2124208181 0.3744668414 -0.5446234758 -1.124511843 -0.2124721605 0.08280867749 -0.3788545502 -0.5721287094 -0.332307899
5.230159803 0.7967427291 2.139199158 -0.7965301166 1.878989018 0.8391795425 0.1125797639 -0.4758396653 -0.327392473 -1.549710415 -0.3992476005 -0.1771925655 0.008265376595 -0.02766571645 0.2874139813
0.2478088015 -1.416630978 2.132420794 -1.337578543 2.141623455 0.9064777404 0.04039311172 -1.01730473 0.7922799013 -0.9167734496 0.350754081 0.1244879047 -0.2426440715 -0.08842983553 0.283527667
5.056403492 1.526740092 2.855410744 0.6269480792 0.4756402212 -1.30094955 0.30572427 0.9016140646 -0.8662063907 -1.51104373 0.1766738735 -1.073104552 -1.023057553 0.6329071146 0.853208313
5.840121774 -0.5620714118 0.6115903126 -0.7307308245 0.9178490248 -0.03433832099 -0.2439575585 -0.1043624637 -0.2352861907 -0.5936093353 -0.239162867 -0.04015550682 -0.2015180335 -0.260817689 -0.1554039576
