3.216748988 2.188140541 0.3531076279 1.092817751 0.6352494052 0.555784058 0.4067027969 0.3509917651 0.1658904244 0.00363403347 0.03239126802 0.1350014133 0.03382949889 -0.03689222862 -0.001865686096
5.308908642 3.706765286 1.496384179 1.361393225 0.474839344 0.2534478552 0.03649267785 -0.0335356015 -0.05679821569 -0.03642505812 -0.01673159725 0.118591858 0.03712214862 -0.08331674154 -0.06259074573
3.779909788 0.6679114924 -0.04455837561 1.134158303 0.1247453214 -0.04151650555 -0.1534143366 -0.09976780648 -0.08396681254 -0.1075890296 0.01408245427 0.1975602227 0.09063544866 -0.006789259682 -0.02460018228
6.976155976 -0.7263608975 1.343737129 -0.1458511436 -0.01439813158 0.1223376466 -0.09452511285 -0.02987710771 -0.2378674487 0.1417711938 0.03077418659 -0.09189852233 0.02623118819 -0.2935163384 0.07976095198
1.156320844 1.495603428 2.072118753 0.8407227304 0.6516397701 0.2019089242 0.2211539221 0.2343479034 0.1588117582 0.3428644111 0.2763310474 -0.06593622155 0.2832692688 -0.114790372 0.3132941352
9.345941237 1.060405525 -0.5984403976 0.880190346 0.220745431 -0.409845614 -0.07406730904 -0.326682949 -0.1483733304 -0.1159969081 -0.32123864 -0.06440959102 -0.4049022816 0.09082242336 0.2587806798
2.399381508 -1.481030241 3.951878211 0.4716468826 -0.3578644524 -0.2531269581 0.3038166573 0.2966326724 0.1141925703 0.08993673293 0.101104683 0.02392452953 -0.01704987333 -0.4577599933 0.06547172152
9.310544534 -0.4777997417 -2.267675921 -2.171757995 -1.263207601 0.5682028998 -0.6194052259 -0.4068033783 0.503434966 -0.8797090747 -0.260841285 -0.123178211 -0.9629716502 -0.1479933173 -0.6512841902
3.568252027 2.253990708 -0.08535793524 0.2380924384 -0.4596144899 -0.3686579378 -0.09658293122 0.1948078359 0.08554562258 -0.08337894543 0.1415350305 0.3803800412 0.2443043164 -0.002310376781 -0.05797969694
4.42450967 2.133733504 0.3179365473 0.3569875358 0.2150049739 0.2629719017 0.2576348003 0.2464535101 -0.01586484218 -0.04431258492 -0.004871442627 -0.03891097645 0.1315980859 -0.2050721763 -0.06657867522
2.210274535 -0.3494404004 0.7569268374 0.8988735038 0.2326950596 -0.01829648411 -0.1081285646 0.3455959927 0.137575807 -0.2560045231 -0.02506750516 0.2323647659 -0.05869398266 -0.1616335012 -0.06217522121
6.708375572 2.439809213 -0.4516896508 -0.5171497436 -0.6131794106 0.06069681555 0.3266529922 0.2070291857 -0.2491395278 -0.8450798698 -0.2647518112 -0.2492237361 -0.8817601076 -0.6590601715 -0.8182875839
2.739919938 1.576576133 -0.2468843111 0.3461984567 0.1566239193 0.4176204444 0.2663755052 0.3084066907 0.2482205757 0.1021020683 0.08671179748 0.2265163107 0.1744048968 0.01534488454 -0.02747951329
7.87164054 0.2936826843 -0.6600935382 1.40004392 0.751425875 -1.25232303 -1.675900671 -1.623398658 -0.1038877242 0.5548351234 -0.1606394595 -0.4779340205 -0.53189824 0.7872546883 0.6357655529
-1.880950052 -2.805767213 4.768387908 1.715220234 -0.4089314519 0.3032163684 0.8439416362 0.3188835846 0.06140815852 -0.1640158765 0.2599294426 -0.1934351216 -0.0256908026 -0.4393141203 0.5079370564
8.351381731 0.8707749632 -1.484527349 -1.280349667 -0.6255197875 0.1937146943 -0.3771819317 -0.4784977774 0.1115432022 0.04865037315 0.1517092058 0.006343028425 -0.7109011833 -0.3028544062 -0.4413741935
2.450193396 2.314364184 0.323377207 0.6376423471 0.2543540388 0.3854487428 0.2200041688 0.1783224654 0.0345108112 -0.09212806185 0.01135778619 0.1747779004 0.09427837183 0.002951824207 -0.01723322027
3.76223642 2.986918691 0.8427649556 0.8595736258 0.3514386356 0.3002916267 0.07678706944 0.1159064222 0.0650073374 0.01556550124 0.07660666343 0.1626504189 0.1513700872 -0.02538123319 -0.01135435318
3.394420713 -0.6627615368 -0.2324512171 -1.873385002 -0.04401341442 1.052054207 0.8956153171 -0.7862816367 -0.6157292225 0.2869144867 0.2879670729 0.2933623071 0.3582096137 -0.1733685286 -0.2699105143
5.246720181 0.4796296308 0.4446118078 -0.356423033 0.07389158605 -0.5498271672 -0.4711254063 -0.591058815 -0.09782737586 0.6361654839 0.02605367171 -0.5522153508 -0.3048598347 -0.5274760257 -0.07595939046
2.473794962 1.144684152 0.8206281603 0.9148295265 0.1059603884 0.3244005553 0.1163615518 0.06904043879 -0.1130129789 -0.2028372966 0.01821976845 0.1057531078 -0.009573427421 0.01583865571 -0.01745837051
7.271292735 2.269427228 0.1395258302 0.9054813764 0.3146919167 -0.9977127325 -1.146553781 -1.054843293 0.4021267697 0.1017062794 -0.3193061715 -0.2795208603 -0.3383512878 0.6253003794 0.3117620848
0.1699178764 -2.15709422 4.333978023 1.083942983 -0.2805306777 -0.3812253027 0.36277932 0.2950077847 0.05099945176 -0.1404892362 0.1031764844 0.1315943482 0.1267932673 -0.4477285793 0.2137095416
8.075117357 -0.1238914781 -2.349425879 -2.301624943 -1.146616384 0.2456674583 -0.6391192584 -0.3529919762 0.1540641936 -0.8030954222 -0.3350727194 -0.2324852527 -0.9133404197 -0.2964137586 -0.7972688728
3.272331776 2.571973909 0.2860910171 0.5451303209 0.1094326874 0.1695572677 -0.1589095739 -0.2252270798 -0.2984887686 -0.3026452325 -0.1379220513 0.08990239686 0.07807793888 -0.01108571513 -0.02918570737
5.269123841 1.897406377 -0.2739325583 0.3329131793 0.1659949695 0.8045771714 0.8646791614 0.2171696313 -0.6003255351 -0.5642751742 0.07097914421 -0.0970913058 -0.6082192584 -0.5162600643 -0.6561964164
3.550982054 -1.555149934 0.4977485817 1.371803914 0.08999063129 -0.3938968247 -0.7706435892 -0.3700767309 -0.02141850313 -0.19423246 -0.2897035649 -0.001630675563 -0.03720574116 -0.1651336796 -0.05964545429
7.513868288 2.004575694 -1.31863354 -1.105739297 -0.7575045249 -0.3014590588 -0.2612545002 -0.4904997185 0.1577524993 -0.2986194096 0.04956557223 -0.2440224885 -0.8984316155 -0.5724908995 -0.6341059652
2.640336589 1.602080867 0.06402058206 0.2948099587 -0.1240539813 0.03185561014 -0.1801975975 -0.1733491541 -0.2950442623 -0.3405238276 -0.1718932506 0.0226501289 -0.003356737081 -0.0287165812 -0.07359058732
7.622772967 1.472329368 -1.110373633 0.335093645 0.2234887731 -1.268165816 -1.384153534 -1.351939138 0.4800971556 0.5498271631 0.04912624444 -0.4205459627 -0.8333728915 0.3504015989 -0.04064165243
-2.078883509 -3.399956338 3.959778063 1.347533581 -0.4488152801 -0.4327904955 0.3349925626 0.5007029697 0.02935306488 -0.1348862338 -0.03460445341 -0.06771715834 -0.03603462468 -0.3238258441 0.4468444187
7.889139418 0.07864451909 0.1513525535 -0.6576446207 -1.192411461 0.1330699828 -0.5056846255 -0.2878307065 0.04983463083 -0.3879942525 0.1038909341 -0.2381065297 -0.8332959933 -0.4291053501 -0.8713392243
