5.50791611 4.247555796 1.585950716 0.5318214355 -0.1496165493 0.04904155127 0.07760824017 -0.1264560463 -0.2961000017 -0.1423541015 0.1165411731 -0.0427241726 -0.1474441916 -0.1766072662 -0.1079489193
1.818271255 1.42451543 3.413142023 -0.836733377 -0.08004242152 0.09491372679 0.2470639722 0.05886779143 -0.256287394 -0.1934991098 -0.08617138838 -0.708895122 0.06288490083 0.3922581509 0.08341577737
8.148292349 1.484764393 0.05875968944 -0.3203856883 -1.175755826 -1.033200679 -0.5937234757 -0.1068153217 0.1106012354 0.0429656914 -0.9374057877 -1.263245516 0.1154521374 0.8473064112 0.5920459374
-1.376361934 0.5815273287 4.629196373 -1.895213573 0.6570387297 -0.2729106786 0.5956819194 -0.167271052 -0.3174659919 0.5025847323 0.257456636 -0.9978053335 0.3302988097 0.4096763501 0.01670559444
2.566332162 2.013633024 0.2658095277 0.1942279565 0.1573458497 0.3993402316 0.3530764955 0.1847612383 0.1921992366 0.2519526678 0.268699637 0.1374835209 0.1125790633 0.02808775768 0.05118822718
1.909307544 1.387686524 -0.1494808966 -0.1331323995 -0.02512471415 0.4040050931 0.3801224799 0.1187430416 0.08556128828 0.2374567732 0.2739157935 0.190940148 0.1576986698 0.02637042017 0.02363624868
6.709850676 -1.158152497 1.219535024 1.891966643 1.114865695 -0.9987739737 -2.616042681 -1.637894991 -0.8036295509 0.6062964916 -0.07038565678 -1.664629697 -0.5919739575 0.6769219359 0.3451696727
-0.7693482508 1.489573273 2.976383136 0.05300062175 1.097110696 0.04299256414 0.6541231145 -0.008383095089 0.635084485 -0.3931408264 0.2788144295 0.3992646889 0.1783653726 -0.04994909325 0.1213053131
3.059314243 2.475734466 0.9621003637 0.8082045133 0.5283391278 0.7083575155 0.5821672963 0.2390550994 0.1213998146 0.2128192624 0.1599658265 0.02247874401 0.00415049324 -0.1349420092 -0.1042046579
0.359755428 0.805178816 1.386217938 -0.6517729523 0.2574530446 0.4835047296 0.3400151847 -0.2825136771 0.5434728363 0.08360896849 -0.4631409416 0.09413520371 0.2739975097 -0.2661998997 0.1535914066
8.652941942 0.05321594779 -0.9554109515 -0.9283501539 -1.907044906 -1.010698377 0.1909366055 0.1716636476 0.112014843 0.3134730115 -0.6920856303 -1.029390063 0.0669840643 0.188979313 0.4993826861
-4.061419368 0.691079756 5.013974267 -2.498454535 0.5266267551 -0.5169192883 1.361658901 0.01042766052 -1.003625723 0.1387228513 0.676009518 -0.8208277258 0.4249878411 0.1440654441 0.5021700646
2.50273564 1.803931022 0.0868935294 0.007323757658 -0.1552978211 0.06447200401 -0.03492837196 -0.1201448806 -0.05151861479 -0.005751185541 0.008411819443 -0.0892378639 -0.08449993458 -0.07386949073 0.03280855942
1.63614006 -0.1438697311 0.3887946085 0.2652828387 -0.3056977492 0.2956287571 0.4961724321 -0.343912675 -0.04870370661 0.03316544861 -0.02724163536 0.006092973702 0.1113611477 -0.1606610396 -0.02833106966
6.413351469 0.8980304664 1.309760575 0.6728416728 0.6314847118 -0.5555124576 -1.444719016 -1.332304575 -1.642122277 0.004868810767 0.5316532959 -0.7170375363 -0.5046207415 0.1690382288 0.2246617259
-1.146152844 0.5494889851 1.401211235 -1.469703471 0.2829978486 0.4549700245 0.6174553511 -0.8892618892 0.3579808722 -0.4056193506 0.2591741314 -0.0787970045 -0.1907537246 -0.3947590323 0.01889792313
4.074388036 3.325043995 1.510389136 0.8695653907 0.3001747911 0.4267471498 0.3792756938 -0.1306381262 -0.3417365263 -0.09218908418 0.06930891665 -0.06641896693 -0.0300840968 -0.1448384023 -0.1234726836
1.265849517 0.8584882494 2.359627654 0.05079673272 0.8649581038 0.1846388751 -0.4135395708 -1.430373482 -0.6167214191 -0.2992326306 0.06384243815 -0.739249767 0.1688367401 0.2711737022 0.01302200146
6.683443159 1.302975175 0.7441483556 -0.8615857393 -1.905260839 -0.994249132 0.2072198505 -0.3464404672 -0.7525248465 -0.2506787107 -0.2548135506 -0.6527958456 0.02881328029 0.8545584217 0.356722239
-1.97291016 -0.4526978855 3.049856442 -1.950791966 0.252690272 -0.5025369158 0.5229083143 -0.7423604146 -0.8713606832 0.4077726599 0.2900648512 -0.8698743675 0.3178554527 -0.1712355388 -0.04239454338
2.226128088 1.748957495 0.3759167162 0.4406595069 0.3117846724 0.4462714525 0.2773556642 0.03093676857 -0.06299561329 -0.1087335071 -0.1666596669 -0.1755923275 -0.03878380993 -0.1028573707 -0.03937104789
2.050616631 1.023518615 -0.1597199023 0.2907565734 0.001329464826 0.002338817772 0.0434806043 0.0661360927 -0.04738096754 -0.1955168666 -0.06399498944 0.0006940088586 -0.02233148431 0.02201391751 0.1389347396
6.209795572 -1.344373545 1.692406639 1.428954366 1.0423952 -0.9403963509 -2.14825549 -1.423075837 -2.037611699 -0.2224332583 0.5785562829 -0.8590813108 -0.9358130219 0.2980363094 0.9815654348
-1.69318027 1.152097088 2.825355711 -0.7521872156 0.2888886197 0.005963554919 -0.008362122282 -1.454028739 -0.3625203134 -0.7902354435 0.2936954657 -0.2984069104 -0.2175104634 0.07334051106 0.2483010693
3.142130208 2.329867691 0.7905550739 0.5533572264 0.2945544029 0.3489172863 0.1335147679 -0.1133042 -0.1604410674 -0.217714278 -0.19108958 -0.167204229 -0.06806043464 -0.07011464002 -0.02875949149
-0.3918579968 -0.1216331515 1.987958913 -0.3004815565 0.4833045014 -0.005253027622 -0.2486228609 -0.9016208551 0.7554025473 -0.07836479409 -0.6596776308 -0.3100542404 0.1231661759 0.1066518026 0.05533734727
7.469150972 -0.1413917279 -0.3978096549 -1.072337638 -2.390460302 -0.764851213 1.100354206 0.3844104669 -0.7954209133 0.01929982067 -0.1729344457 -0.8756947198 -0.2843643905 0.3140700848 0.2601010356
-4.14601696 0.7719399912 4.247256114 -3.231038925 0.2367331553 -0.5609140306 1.032565621 -1.076662831 -0.8960309947 -0.05206322225 0.2114786226 -1.175987116 0.3724393716 0.06392798513 0.2010917213
1.979746847 1.305064261 -0.3251312134 -0.3802604475 -0.427343875 -0.1609792304 -0.2009441783 -0.2416917386 -0.1489618561 -0.05513297815 -0.0541528232 -0.09138571867 -0.06449136876 -0.02548473164 0.0350673272
0.0176070664 -0.7083661416 0.6599737366 -0.05264206991 -0.2421760537 0.3744025288 1.002508244 -1.340466379 -0.2351791963 -0.441530287 -0.3399614665 -0.07651438929 0.1689452469 -0.3938654407 0.2807631279
5.736252599 0.5482217291 1.317910841 0.5339200787 0.7813831484 0.002696315686 -0.8472180746 -1.721571232 -2.077833701 -0.1788107096 0.5889763705 -0.7839050582 -0.5177666456 0.05579560285 0.3231777994
-1.761530312 0.1845310653 1.968441132 -1.522505035 0.3681560007 0.3345912027 0.6991655014 -1.431378668 -0.27679962 -0.710668073 0.2060113819 -0.1902130411 -0.03775373646 -0.2091075759 0.1430960632
