2.507130308 5.539248309 -0.2589087282 3.597425488 1.695416424 0.6263657687 -0.916331012 -0.6389875061 -0.1653692003 -0.5359174914 -0.533427536 -0.8981848412 -0.5732292982 -0.3134636071 0.3058761561
3.236979903 1.466002614 -1.172040554 0.8821106045 0.4652599083 0.5795940007 -0.1761010627 0.9568570227 0.002424110473 0.08737830834 0.3221328765 -0.1004233012 0.2214761101 0.1948851623 -0.007642498776
2.184226994 1.653155703 -0.7926990678 0.6183761929 0.1609141085 0.4408724436 -0.5428225444 0.2973905014 -0.08604108146 -0.07080840502 0.04633576649 -0.1107774879 0.1055755832 0.02412278424 0.01872468461
6.339606733 2.481496395 -2.222097501 0.0800308654 0.03103645463 0.5886016197 -0.6978467452 -0.4700252347 -0.4891793163 -0.4561724833 -0.0269436082 -0.3137856787 -0.5822965246 -0.5797336449 -0.6259522747
3.663847004 1.94120851 -0.1354786797 4.445848224 3.003583279 -0.5523162022 -1.51701297 -1.289246899 -1.042931162 0.2835617837 -0.04407245239 -1.634257206 -1.576819978 -0.2695339204 1.119566086
3.69403853 1.915364489 -0.8123179421 1.039400319 0.4345939936 0.2636917377 -0.6445488916 0.5465732543 -0.2477669533 -0.02969594312 0.2398312515 -0.1694973024 0.1513932874 0.132338175 -0.013348452
0.4729028474 1.196022469 0.6054584899 3.908149363 2.239110617 -2.413388803 -1.823490228 -1.626469196 -1.398930188 -0.3536585605 -0.9692128962 -1.481803892 -1.531711453 0.1036523967 0.8863906044
8.213386369 -1.243641349 -5.021636397 0.7188802321 -0.4791422857 0.4917569026 -1.017808543 -1.459514397 -1.59503546 -0.08409939258 -0.6152733472 -1.269491215 -0.8225532911 1.058652844 -0.5432148529
3.99448727 2.906460072 0.234539883 2.92560835 1.978493749 0.3603627606 -0.9787305419 -0.1551220064 -0.2740233735 -0.102642165 -0.2443042263 -0.8805637891 -0.6957144476 -0.1281736505 0.2723423177
3.107906217 1.312580065 -1.252309827 0.8201614352 0.4102637479 0.2925138679 -0.627986917 0.4669080412 -0.3579312073 0.03576188561 0.4432825274 0.05404788444 0.4040040308 0.391175416 0.1135305013
0.8772665841 2.131300132 -0.8631430062 0.5819573811 0.1220286985 0.6196082784 -0.4336331382 0.07550470186 -0.0118215466 -0.1794222426 0.04913252621 -0.1189205403 0.01795865814 -0.1174828794 0.1822494157
3.584382788 1.082684207 -2.314640173 -0.4024861164 -0.7747927115 1.429085442 0.8700769974 -0.123987011 0.1139466303 -0.9298355918 -0.7985093688 0.03509381684 -0.222605619 -0.06656308089 0.2337651677
3.320967435 2.118948852 -1.031501297 2.854313724 0.7882331094 -0.4030754702 -2.084340522 -1.736423585 -1.338537139 -1.019485572 -0.3986927377 -0.8303389774 -0.4647743564 0.3011801604 0.9169676624
3.519517948 1.596946903 -1.250940428 0.5341907006 0.04807841599 0.08802023595 -0.6456891012 0.6404702728 -0.254420949 -0.001636804986 0.2873522329 -0.0952270202 0.2668989412 0.2503043589 0.07036683174
1.315561327 0.741543583 1.235611521 3.830544742 -0.1361912082 -0.7780437966 -2.760968534 -1.771662316 -1.131019289 -1.072927038 -0.842800616 -1.111650874 -0.4817130674 0.181880925 0.9981699587
4.866922753 -2.784003947 -4.888641664 -1.408642591 -2.339959211 2.075864437 1.949760496 -0.5273322043 -0.4823407642 -0.1674506914 -0.6697796972 -0.9925373486 -1.297829122 0.1493378155 0.5628114615
2.590024132 4.77795321 -0.4675008375 4.241291498 2.422671154 -0.3729142748 -2.656102795 -2.219675663 -0.839126261 -1.182771478 -1.065553936 -0.8909533103 -0.7860705193 -0.4836977691 0.7990516573
3.314780076 1.482411743 -1.230342889 0.8082682436 0.4083988119 0.4192197116 -0.4410010062 0.687935239 -0.2334977272 -0.07212219281 0.1555846057 -0.3170312984 -0.08161748568 -0.1313248642 -0.2351614092
2.018600066 2.547842256 -1.796319999 0.8844275045 0.2225476291 0.535135846 -0.2931548489 0.2447129711 -0.4321545326 -0.3387348559 0.1792646827 -0.2522951429 -0.1133508818 -0.0272301795 -0.02612356777
5.735999207 2.327881635 -3.516896603 -0.8064321971 -0.4346791138 0.5036834958 -0.5365794183 -1.290750837 -0.9962566101 0.2632042897 0.2273596117 -0.2999061633 -1.18693121 -0.4771960742 -0.104255548
5.479006758 1.19764338 -0.1218426425 3.793198462 1.668189445 -1.330186016 -3.238677803 -1.895423418 -0.7524603468 -0.7119848873 -1.380228425 -1.451611813 -0.3727476444 0.02035559203 -0.04007161557
3.377977928 1.626034147 -0.9473016023 1.092056621 0.6438142345 0.497022593 -0.5254634123 0.4470160486 -0.5695192153 -0.354903933 0.08247586294 -0.185706858 0.1983044136 0.2214138092 0.06323648668
-0.01163600864 2.344543026 0.8764146679 3.26761301 2.007147742 -1.487409763 -3.1659408 -1.986633687 -0.53167336 -1.151738189 -1.019546672 -0.9720281656 -1.41564743 0.1177164361 0.7219563746
4.67750967 -0.7299176606 -4.438015522 -0.3920852441 0.3273748144 0.9254388514 -1.206551132 -1.745021941 -0.7471346817 0.2874872639 0.416737541 -0.1479048347 -1.483001902 -0.6973497344 0.08947694671
4.412545198 2.528772968 -0.3738045916 1.755728774 1.025871603 0.3983119676 -0.8570607964 0.09004672673 -0.5390636671 -0.41383085 -0.2588853348 -0.6359871302 -0.1991362846 -0.007956692653 -0.02728117405
2.926648584 1.224857505 -1.386245661 0.5898356116 0.1641501811 0.2135528604 -0.6315526115 0.4573896876 -0.4930193303 -0.2999339357 0.0230901665 -0.2961769074 0.1162313741 0.1318179666 -0.02184289417
-1.557901748 2.360602847 -0.5591123416 0.7246153587 -0.1629564747 0.9861800429 -0.5933440276 0.003588704928 -0.004550320061 0.03241940353 -0.2503172112 -0.1474883686 -0.03263745649 -0.2546684541 0.1099416975
4.94529073 1.191712754 -3.134329985 -1.179517365 -0.6130562029 1.105720805 0.6047576176 -0.6344606198 0.1198353748 -0.7715381944 -0.5738303287 0.1160621418 -0.9695694874 -0.4630146039 0.2441971754
3.332023555 2.250358849 -1.518948417 1.830142176 0.9212175346 -0.3007458276 -2.477291762 -1.557203122 -1.66855176 -0.372132389 -0.6495400359 -1.030192828 -0.8911333617 0.1881078318 0.3357718002
3.565532187 1.666020477 -1.200002957 0.7173472649 0.2117604397 0.1324195438 -0.7677528108 0.349655909 -0.5280211081 -0.3344545046 -0.02094073061 -0.3155528327 0.08101647659 0.1103633038 -0.03289935324
1.898625932 1.854412144 0.5543306275 2.140529404 0.8809378076 -0.6423646522 -1.487328636 -1.158968927 -0.6716194049 -0.8547224583 -0.9702030794 -0.6603149957 -0.6876266077 -0.04203551314 0.3424028939
4.31863632 -0.873999337 -5.098483172 -2.518301537 -0.9235376416 1.5161672 0.8921619212 -0.7946712231 0.01183412834 -0.4112092261 -1.064436356 0.1446940618 -1.870161923 -0.5023617552 0.5075557749
