7.523290869 4.130643133 2.376280936 1.829512918 0.9044427278 0.3232963951 -1.042442175 -1.249318061 -1.046112563 -1.062796582 -1.24275427 -0.8492766075 -0.7640467329 -0.5377363361 -0.06550812304
-1.396684358 1.877628206 0.6456428547 0.7837884951 0.7209248556 1.000931014 0.3089373281 -0.4767928176 -0.3555144546 0.4385743098 -0.6743989129 0.2840249026 -1.335376329 -0.9749471261 -0.432629097
10.95190783 3.507169666 1.328236794 -0.7621685625 -0.6164520972 0.3668287941 -1.550899652 0.3848069607 1.127481114 -1.277359703 -2.149338155 -1.376396848 -0.7402115983 0.3786492727 0.2883924702
3.630473645 1.124663553 0.0653258707 0.3985319982 0.3769909045 0.3708477695 -0.1546280562 0.1175891356 -0.2052108991 -0.2004053732 -0.530106016 -0.1399247927 -0.4645769217 -0.5771322291 -0.2831545951
4.553917272 3.63385406 2.814328376 0.3135268876 1.628420733 -0.5146991036 -3.302896904 -2.949276113 0.9732727196 0.4924983021 -1.56894997 -0.3482605848 -0.4638434456 0.03392434131 0.2707719005
-1.763936812 -2.870280881 1.581851414 -0.02622115326 1.035410723 -1.160970978 -0.813311612 1.022370193 0.7308919758 -1.105236823 0.2517041577 0.7707056852 -1.10034064 -0.4570226134 -0.1476496526
9.002274374 2.865937424 -2.222921647 -2.819292752 -2.035217551 1.551197333 0.01934154241 -1.82639931 0.7498251283 0.1637132665 -1.060240673 0.2654371146 -0.4305563661 -0.3612260142 0.5167755111
0.4181854223 -4.333416936 -3.909321925 -1.419355199 -1.77984434 -0.8390516986 0.5988722441 -0.09482823372 0.3851667615 0.2735757228 -1.045257318 0.7016386418 -1.122869914 -0.3652316459 -0.07168691511
5.88005939 4.258392675 2.442753227 1.576017539 0.5947553295 -0.1137721987 -0.8445019579 -1.039689849 -1.070969091 -1.00883411 -0.9857275304 -0.8352404501 -0.616145646 -0.3348607249 -0.107751081
-3.815268421 4.100100446 -4.893533134 1.656132434 -1.15560578 0.2185768877 -0.2164701743 -1.098701135 -0.3075394342 0.2343758749 -0.9131575178 0.2383465066 -0.8942515093 0.01498231346 -0.2765488008
10.94047916 0.6875027747 -1.258967039 -0.3666329556 0.7807297368 0.4904353553 -1.67722152 0.0484489463 0.7243193385 -1.633079196 -1.799618128 -0.4408171206 -0.4264557544 0.07256549056 0.1299808391
2.495889157 -1.73948897 -0.6311831626 0.004831780968 0.032230912 -0.07298488819 0.0511841355 0.5043436152 0.5475975764 -0.6398312612 -0.4367700591 0.4480354099 -0.536868441 -0.3323857657 0.1079722848
7.503754609 3.212166058 1.789462922 0.4961246299 -0.3906570853 -0.5419363873 -3.590808564 -0.9900155424 0.9496421071 0.374517114 -1.176415177 -1.23410503 -1.351242275 0.3662082806 0.2571581893
-6.656144691 0.07527863183 -0.5799796487 -1.103460836 -0.7749520106 -0.4770608926 -0.4068878815 -0.4824596696 -0.5285230115 0.06804018998 -0.4892839331 0.6565877029 -0.5975898051 -0.176391914 -0.08325128805
7.875685625 1.486702437 -1.598531658 -1.918292105 -0.489020944 -0.2936494004 -0.9791025297 -0.3990763227 0.74071416 -0.6732773007 -0.778600385 -0.3321447467 -0.07931752741 0.04210611678 0.1597579604
-3.336564182 -2.276268102 -2.290708895 -1.781849014 -1.758085356 0.2012145823 1.030814472 0.5177738602 -0.3503711454 -0.7793413073 -1.028583955 0.5194232662 -0.3401482099 -0.1961806066 0.2654268024
8.248538585 2.630166573 2.093300059 3.002274934 1.191249522 -0.5289943975 -1.493971474 -1.535579656 -1.324066339 -0.9053519539 -0.9314461433 -0.7424264956 -0.2470718508 0.04954995519 -0.2760613453
-2.435891524 0.5801633128 -1.152807218 -0.9637979495 0.1352523283 -0.8102741314 -0.1363264568 -0.6725625251 -0.5357457504 0.2475052576 -0.3811001664 1.087030957 -1.143735945 -0.1106703378 0.07610760056
7.7240892 3.533009007 0.9411940696 -0.3249378881 -0.04198047919 0.2945439603 -0.5103184406 0.04580659443 0.3548965805 -1.297158063 -1.885636706 -1.382278379 -0.7736889626 0.2016475458 0.3414403677
5.560287398 0.8603028435 -1.035803127 -0.6239022734 -0.700329462 0.01588534718 -0.607528843 -0.5978785465 -0.470389331 -0.1183655269 -0.3752204094 0.1272524739 -0.4355296811 -0.7360889986 0.0412220446
5.860197141 2.460394097 2.280987208 0.9338660666 0.1570587369 -1.027978884 -3.335145497 -1.326873664 0.8787024858 -0.1051424697 -1.527208708 -1.112662065 -0.5912055917 0.08568145473 0.4482874448
-4.270039654 -4.163804704 2.368901961 0.5597335888 -0.250753493 -0.9407845385 -0.5115321752 -0.07802823633 -0.4437503143 0.05801904307 -0.3031387527 0.1851594855 -0.4798773382 -0.1528489123 -1.026177337
8.375848639 0.8842810056 -2.081428721 -2.249541637 -1.344962983 1.551327835 -0.1499264352 -1.618347823 1.161287544 -0.2217913917 -0.9654743797 0.4632567174 -0.8227234348 0.1841609281 0.2386452221
0.002332839695 -2.861810714 -4.35118754 -1.307380082 -2.611173772 -1.422553492 -1.133900815 -1.743453244 -0.6028483052 0.2473082008 -1.648011146 0.4970882802 -1.007743679 -0.02287071506 -0.1368182039
5.607902018 3.056973015 1.670599028 1.508863934 1.079579086 0.3455827547 -0.9113839425 -1.129703221 -1.056809357 -0.8853707792 -1.052552373 -0.828174764 -0.6860337138 -0.4427516639 -0.1877924053
-3.740019462 3.262295654 -4.160679385 0.901733248 -0.6735900151 -0.2969911022 -0.3480788777 -1.014347209 -0.2909470572 0.6579407074 -1.132475827 0.3942311207 -0.7213744476 0.06037449563 -0.3978808599
8.449173606 1.514033817 -0.8002765369 0.1806665055 0.3790985302 -0.1492781807 -0.9375924582 0.5851218413 0.6026678092 -1.243898148 -1.781581222 -0.8288367481 -0.7370614414 -0.9720607912 -0.5994715298
3.507978767 -1.98628595 -2.190437815 -0.8058055097 -0.9303742362 -0.2333749068 -0.4835933408 -1.084729237 -1.00203743 0.2806084801 0.2709081859 0.3004429064 -0.5625519202 -0.6184072267 -0.3447194046
7.433257924 2.727507562 -0.1409690918 0.06300840317 0.0007220620818 0.2609422528 -2.811731226 -1.37405645 0.2325108931 0.02562134274 -0.8892767397 -0.7823433713 -1.082113644 -0.06209635801 -0.08172583176
-7.581615935 -1.765757812 -1.607446978 -1.104129827 -0.1838026469 0.5546741626 -0.4071367229 -0.9149169089 -0.941759218 -0.3886481954 -0.4154951852 0.7686521824 -0.3858681243 -0.3242385803 -0.3763609681
6.61080052 0.2812191212 -1.44637383 -2.489300639 -0.6427654087 0.8072775927 -0.4500478342 -0.6973488068 1.001389025 -0.1049877447 -0.9021369568 0.03808912228 -0.4642030795 0.05152486132 0.08796619149
-3.768054549 -2.731788605 -3.003552926 -2.098972572 -2.083917895 -1.073148189 -0.819579375 -0.1495350538 -0.3060340715 -0.2369816409 -0.3894305882 0.422434681 0.09971533978 0.5479557304 0.1755449013
