5.624995119 0.6438769302 0.6485167664 1.035017185 0.8601773749 0.2981871926 -0.06471696552 0.02260586033 0.2234335993 0.05976649647 0.03339174345 0.0972515625 -0.008980966894 -0.04408599057 0.2339620657
5.532264643 3.343294871 1.208660063 1.432659304 0.9037785716 0.7093072422 0.3180417697 0.3609562532 0.1924396842 -0.0890874491 -0.2604954207 -0.3154209182 -0.1792263201 0.08345700787 0.009330605671
2.661687078 2.490053071 0.429339615 1.050176887 0.6719010438 0.509781625 0.28069459 0.336720587 0.2031276772 -0.005249275051 -0.02054470862 0.08735584837 0.07893779035 -0.01775720366 -0.05353968973
8.118450042 2.973679756 0.3513882618 0.8970626898 0.5899437976 0.3141994691 0.0828930645 0.2956504976 0.2043761477 0.03915167567 0.03152692362 0.01961196192 0.02285888097 0.1815392916 0.1067232127
3.620508335 1.765046013 0.7041031759 1.037477467 0.3930937947 0.1382102515 -0.3489575721 -0.1901128674 -0.04441492702 -0.02590846916 0.1298992241 0.2242117437 0.2151470125 0.2852826373 0.138920203
8.324034648 0.6067765907 -0.1496683951 0.4021978795 1.707577143 0.5585683903 -0.615108074 -0.4787671838 -0.2334874696 -0.651920192 0.01287502659 0.4659850873 0.1326118601 0.08858045796 0.03255720095
3.642365683 -0.6096514734 1.23379873 1.793610339 1.113553471 -0.06555814336 0.03561521917 0.2756596023 0.5037394461 0.005027285872 0.0559865013 0.1200775983 0.1618430735 -0.00545916709 0.3130399245
9.877497625 0.6951186432 -0.3143681188 -0.2371233721 -1.186260663 -1.042624495 -0.04382966845 0.8946726982 0.0928407557 -0.6922475334 0.4694791917 -0.3912185096 -0.2737689051 1.013269935 0.3015175205
4.618106116 1.616516756 0.0004497552915 1.438105053 0.5487238253 -0.2840464524 -0.4641942758 -0.113718569 -0.1326889744 -0.1143529478 0.1823998991 0.1794283577 -0.01012278882 0.1421795307 0.1980266073
4.458632417 2.378728753 0.0797223691 0.4899163945 0.03304320877 -0.08698770235 -0.2451604851 -0.04061513329 -0.05349752558 -0.1189008139 -0.00121904002 0.177625335 0.2131926221 0.2631623445 0.1579271949
3.371439927 2.339806788 -0.1985032991 0.3628483802 0.2372887705 0.3353904097 0.2218627289 0.2754484303 0.1364557909 -0.06824930319 -0.03570450845 0.09523172187 0.03644937973 0.03526446649 0.06688040346
9.269453138 0.9879391158 -1.565255872 -0.6125191248 0.2013031284 -0.4841956269 -0.5195803862 0.1753251505 -0.09512679044 -0.2421109458 0.516267851 0.3603291615 -0.08251368224 0.4222897867 0.1056059273
3.560135718 0.4968493993 0.3042663881 0.5898067814 -0.01274156221 0.3735771662 0.1678181914 0.1569968073 0.1462480529 0.04739608291 0.04427152133 0.146527143 0.08163259756 0.1389805522 0.06138566032
9.305821547 -0.7081516694 -0.7345113107 0.05593622903 1.03097009 -0.2768674812 -1.583045376 0.3476555967 -0.3486962921 -1.635816039 0.7725245043 0.8479160418 -0.3088203987 0.3982605464 0.1845193517
2.215604408 0.6346794266 1.222175735 0.7864370065 0.1054805404 0.2343056475 -0.1445229233 -0.1325292125 0.01632389096 -0.106613792 -0.1313864197 0.07699306693 0.1553863389 0.2606347941 0.1506007929
8.641216109 -0.3588563093 -1.35633098 -0.1037510077 -1.549919542 -1.332319712 0.5872983287 0.7144827356 0.07154012234 -0.2743102041 0.2798842174 -0.4127425073 -0.2078444582 0.8691028613 0.03171179566
5.392299281 0.08444113613 -0.202410472 1.606196487 -0.07890886098 -0.6437806225 0.02775981949 0.3566997511 0.3011861556 0.2201378875 -0.04303276162 0.2167097699 0.4859257173 0.167151487 -0.2571835664
4.200179044 2.533251107 0.8893157989 1.195096801 0.6999869807 0.6296776273 0.1816128004 0.1458621669 0.03653430567 -0.06238273537 0.05840341659 0.1365240888 0.02328521987 0.1557493954 0.1297361246
2.398760062 2.007947953 0.0794347828 0.7648560384 0.4415005286 0.2502492885 0.03146446298 0.1275523607 0.02523408227 -0.02138821487 0.1478784736 0.2628080891 0.1642121364 0.07154656198 0.04188411359
7.738848312 3.104719182 0.3738568963 0.2314697681 -0.1782177558 -0.3596987325 -0.2817794679 0.1320228354 -0.02170373828 -0.1544855047 -0.09129345474 -0.1070907813 -0.0826232558 0.2285846749 0.2743740143
3.387617328 2.812582652 0.4467099091 0.7196745717 0.3035650214 0.1374355089 -0.189391554 -0.04859360261 -0.05040592641 -0.1876962801 -0.03038231695 0.1848047803 0.1614377466 0.120931007 0.05991762924
9.026703077 -0.6844325413 0.3026601982 0.3002396759 0.4689978134 0.2142424518 -0.05983230137 0.07250299924 0.3165147025 -0.04885593875 -0.1086220315 0.08098323644 -0.07513690791 -0.1300179928 0.2043766316
1.614717544 -1.830051223 0.9675247851 1.515330197 0.9493161926 -0.3116658095 0.2023929562 0.2504178577 0.4383424044 -0.08017581028 -0.02767635254 0.1866152499 0.5157253977 0.1821028441 0.2961694688
10.08980953 -1.014868502 -1.306321288 -0.3978181264 -1.285058368 -0.9306091936 0.06424822796 0.6732678458 0.1286373916 -0.6717305762 0.6424490508 -0.2853169431 -0.4018640838 1.009834036 -0.04021946608
4.92360914 1.378193857 -0.4674954986 0.5506367734 0.04120897962 -0.2780633245 -0.5997752541 -0.5388302672 -0.4537835459 -0.1765292397 0.2200176964 0.2892544257 0.09341620186 0.3386327141 0.246589166
3.9846729 1.607419101 -0.2615695179 0.4718971111 -0.1225904846 -0.4145221571 -0.1709425375 0.3369366092 0.001584948266 -0.357233106 -0.1309916677 0.2969028544 0.2594420846 0.1565085796 -0.02798076476
2.935478426 2.210009317 0.1479859086 0.7193920564 0.1249101046 -0.136347076 -0.2043786288 -0.0333403896 -0.3787427846 -0.6057789908 -0.2272672204 0.08573286418 -0.03439584689 -0.04445700658 -0.02072436752
8.681770152 1.560947807 -1.380418493 -1.255152264 -1.411494678 -0.5817111077 0.1712022493 0.5537182014 0.01078427505 -0.2793489111 0.1819404383 -0.2075175435 -0.361687402 0.5448169749 0.08876018614
3.41497702 1.336016229 0.1981645067 0.5842211618 0.1019829047 -0.1177175076 -0.643087141 -0.5219006325 -0.2912912143 -0.1630656745 -0.0385782394 0.05136940472 0.02508080244 0.1843100816 0.1849340093
9.042301669 -1.388364154 -0.5568964511 -0.4193420165 -0.4159303009 -0.7306779148 -1.004031656 0.6718330147 -0.2719347228 -1.201747984 0.9860688685 0.5461462357 -0.3818582952 0.6188254208 0.1437899919
-0.1950599834 -0.7122934872 2.101071349 0.7076241197 0.04073405991 0.6491527243 0.4771439908 0.4828735095 -0.4519556699 -0.4160367845 -0.4620628355 0.1756236747 0.1121555824 -0.1689938775 0.02764214135
7.735606777 -1.524835811 -0.8502887915 -0.6729523917 -1.372560436 -1.182477393 0.02712063682 0.8982172403 0.3326073659 -0.8835249181 0.4332442722 0.1697218342 -0.387733929 0.8491514758 -0.238222529
