0.4713493017 -0.5012012402 2.608461383 -1.350613336 0.03731896155 1.181647686 -1.075568113 -1.605037134 -0.7173597738 0.1740323426 -0.4614560753 0.3659106813 0.2695393758 -0.1855645432 -0.4664188475
10.91915811 -1.746417209 -3.371368201 -1.398398871 -1.50373267 -1.088346187 -0.4859631303 0.4283071305 -0.02949584543 -0.6628901278 -1.130420615 0.571163044 0.1089306822 0.03402199179 0.3396945177
-1.647225049 -2.509635593 5.447987558 -3.883112071 -1.404096648 1.616293473 -0.7661509467 -1.888303152 0.05822939325 1.000825747 -1.92572557 -0.3474158655 0.7496769747 -0.645491262 -0.5754510177
8.967074672 3.561191877 -0.610112199 -1.425944699 -1.441411169 -0.5083297591 0.2510569959 0.8362591052 0.763393702 -0.05646507575 -0.8771623349 -0.8476146198 -0.5727973569 -0.5093062976 -0.9246894574
-1.575637166 1.143076556 -0.04548694107 -1.612528226 1.012039221 0.4760713015 -1.460974398 -1.299698568 -0.3001866955 0.6457713406 -0.3021858349 0.478771128 0.4490154311 -0.8644211892 0.4892824307
8.958147151 0.1154920542 -1.90982718 -1.563922405 -1.354491539 -0.3550653521 -0.6133559143 -0.8026607593 -0.8509790493 -0.7115042936 -1.070744655 0.4147391282 0.7069810621 0.2656662816 -0.2074225437
-7.168768647 0.1528055702 4.243809868 -3.667589383 -1.774927046 1.262025217 -0.2303358388 -1.576544497 -0.3916877468 1.265937492 -1.142748257 -0.5751111087 0.2310862284 -0.5690398465 -0.4663170081
5.073812052 1.16616949 -0.5291076487 -0.2464773538 -0.806728294 -0.6006157157 -1.169940784 -1.228131907 -0.9273615575 -0.5291989768 -0.6874718616 -0.1884071566 -0.07525753717 -0.1496702415 -0.09370510338
-0.4408598733 -1.451727503 1.93643733 -4.082834435 -1.976154795 0.5935950608 0.1283165734 -0.9629836903 -0.2058228101 -0.1181149772 -1.294566559 -0.2723000464 0.1199683378 0.08045431777 -0.0255288567
8.810861502 -1.507235143 -2.963630216 -2.295685484 -1.285006111 -0.09037999795 -0.6997835002 -0.2125531237 0.3580038245 -0.5447592861 -1.452198701 0.7778578273 0.2661350507 -0.3304939907 0.5348885416
-5.113352807 -1.709256846 5.150352287 -3.969403306 -1.59887693 1.149817182 0.3772367368 -1.788869894 -0.03874852941 0.3089114033 -0.9671151149 -0.6987162978 0.490024667 0.1534066491 -0.05855690895
6.726668818 -0.1833522033 -0.1021993166 -2.111400472 -1.521860899 -0.07342284403 -0.2130206471 -0.4213886561 -0.507582282 -0.951585464 -1.060909831 0.723884129 1.087505919 0.09605183219 -0.656046986
-3.164403319 1.756590747 -0.5111960559 -1.593501074 1.230312049 0.8087867596 -1.467041742 -1.576410153 -0.7870433243 0.5335385595 0.1279537878 0.141232664 -0.3661745551 -1.160422514 0.1667821594
7.230438738 -0.9599258756 -3.221849728 -2.044452133 -1.478524743 -0.4736822143 -0.2772392547 -0.08886470323 0.005499137147 -0.5808107573 -0.9640547988 0.1665464143 0.3328085387 0.003018423297 -0.2462564199
-7.804796369 -1.277833013 4.647152404 -2.315000256 -1.994242571 0.6578108551 -0.09230342082 -1.329372417 -0.6326786331 0.2794923478 -0.5262243924 -0.2655694349 -0.1783187913 -0.4235708005 -0.05028342146
3.448274265 0.2772512913 -0.3339259197 -0.3683103712 -0.4260053981 -0.2404309675 -0.7795685848 -0.7666978886 -0.4327085843 -0.07212041859 -0.3702860747 -0.008798738325 -0.1848660912 -0.3414953546 -0.1794305746
2.233177326 -1.086095212 0.9935987922 -2.420822807 -1.652359629 0.7470925553 -0.5037706531 -1.129364289 0.2276691375 -0.06948173237 -0.924026306 0.3464056339 0.5309876798 -0.1972718458 -0.162509095
10.81367071 -3.395561357 -2.8780737 -1.063739427 -2.374601409 -0.7795939088 0.03516027274 -0.009937378513 -0.4681761542 -0.4138772379 -1.150964419 0.6593240359 0.1222871574 -0.3366817792 0.3242302684
-3.390109926 -1.144237174 4.510414465 -4.224051662 -1.191228836 0.9568372706 -1.02078235 -2.072396029 -0.5241627964 1.683588604 -1.204251869 -0.01223818403 0.4228921884 -1.198916324 -0.9755035675
10.190899 1.68041245 -2.498833407 -1.981119358 -1.230823154 0.001685381056 0.09962633975 0.2574324494 -0.04544826198 -0.2809476601 -0.1606401824 0.219944793 -0.4112695832 -1.071182957 -1.357204884
-2.37911416 2.996850301 -1.23344202 -0.7023452754 0.4279293024 -0.3298732772 -1.027840125 -1.286343709 -0.7372641559 0.4523759601 -0.3344318969 -0.09055222679 -0.4218186658 -0.7882784886 -0.08500735587
7.583265515 -0.1893650535 -2.800932625 -1.412541961 0.1575463695 -0.1228398801 -0.8936852188 -1.710228914 -0.4463023483 0.159220309 -0.4056187142 -0.5487186202 -0.7712096625 -0.3095211773 -0.4587538338
-7.028794316 -0.8082794587 3.197557542 -3.471411097 -0.8633241532 1.77197165 -0.6159712976 -2.418321825 -1.237058495 0.8019161397 -0.8233955123 -0.07820001989 0.3561669738 -0.4380419593 -0.9597808893
4.682820313 -0.2254869993 -1.440342155 -1.153205534 -1.198895271 -0.5314910157 -0.7286837275 -0.6814874919 -0.497404947 -0.1436740246 -0.4358262601 -0.00301557267 -0.09259119133 -0.3470093825 -0.4522667348
-1.436670802 -1.938225704 2.279409648 -1.082044388 -1.533386718 0.1881987124 -0.8741675127 -1.814985675 -0.7283566288 0.3441872231 -0.9984472187 -0.09168734094 0.114645717 -0.5892539312 -0.002679360289
8.501051621 -1.925771899 -3.369112007 -1.457771183 -1.883756434 -0.6106153797 -0.1985655759 -0.0278864015 -0.1993068901 -0.454285435 -0.9971806221 0.3056012891 0.2361213862 -0.06989477268 -0.161902289
-4.651685909 -1.070003801 4.889712725 -4.802594327 -1.024886184 1.368822371 -0.7073029528 -1.853856068 -0.09497687823 0.8422810702 -1.75953617 -0.7589006613 0.1931704765 -0.9621408311 -0.634931407
6.606744261 1.699223823 -1.769997457 -2.367336541 -1.548466473 -0.6824079678 -0.364961667 -0.0606575079 -0.06989886625 -0.137723687 -0.1655232507 0.3749055982 0.3023705024 -0.2582723002 -0.9455179371
-4.153577332 2.684259769 -1.69047502 -0.8534896226 0.6167944612 -1.817928467 -1.98421838 -0.6206337393 -1.174913762 0.04496197031 0.0008951478405 -0.02549452923 -0.06000648346 -0.7434247397 -0.2438770509
5.421187706 -0.8399391181 -3.399287878 -2.477447654 -1.28772469 -0.3187575011 -0.1607336755 -0.1337299214 -0.1717444985 -0.05758442001 -0.1985510088 0.1792724306 -0.2334204828 -0.7159426254 -0.7388469059
-7.883032771 -2.877719055 3.832587976 -0.7931885608 -0.9723600224 0.4013138731 -0.9150930552 -1.020473117 -0.3659711341 0.3926586396 -1.124346753 -0.2697809962 -0.006700378893 -0.2153400975 0.02932563593
3.67804817 -1.711913003 -0.8350200331 0.7606621611 -0.5635742542 -0.6633124795 -0.8135637137 -0.9974673242 -0.7819217846 -0.07332775424 -0.02983590995 -0.0748730832 -0.5101694397 -0.3913256546 -0.1797412045
