10.13023211 3.489195844 -0.09041074275 -0.7316188831 0.2190784518 -0.2105526888 -1.122574053 0.1110175105 0.1338456364 -1.290963313 -2.138361104 -1.409159415 0.2837729436 1.309905847 0.1463220807
3.065145736 0.7957048316 0.3002939656 -0.8285174745 -0.1147271908 -0.5657671241 -0.6984942952 0.03424714257 -0.728541783 -0.290399786 -0.01558799444 -0.07592687525 -0.3891992836 -0.3489833532 -0.2929840062
6.938218336 4.583519601 1.984438868 0.1007036454 -0.4764017453 -0.5904268293 -0.4271528469 0.4978758116 0.1704030019 -0.2615464784 -0.2150027346 -0.1371081259 -0.2038268526 -0.2539167645 -0.1480556003
2.271807794 1.200394774 1.261325178 -0.547873984 0.1962450755 -0.6836217966 -0.7755647392 -0.07244014247 -0.9268703507 -0.395388766 -0.288522922 -0.1705497837 -0.3344023549 -0.3524468352 -0.2371222051
12.22802597 3.544664786 -0.4669820228 -2.049970247 -1.401294993 -0.7594361543 -0.1956989683 0.8616350145 -0.3586267166 -1.334058766 -1.072097736 -0.3062975342 0.3253287785 0.1752467447 -0.3278204634
1.563349531 1.021096015 0.1395223839 -0.2261641175 0.2486880474 -0.2360094669 -0.4583678768 0.1068528056 -0.6528750285 -0.4648315116 -0.2998318644 -0.1358669435 -0.2130890823 -0.4004205134 -0.2713270681
8.841820182 1.036533785 0.7192396456 -0.4753293771 -3.128494921 -2.106935102 0.1681951344 0.5869391152 -0.4537137006 -0.1368883081 -0.3538222725 -0.9555115666 0.1939872384 0.563982304 -0.6187023407
1.862843985 -0.3009359252 0.3264745737 -0.02723357574 0.04490514866 -0.5426720613 -0.7782903377 -0.03688720785 -0.6807531849 -0.3120197532 -0.1997237058 -0.1001000376 -0.2468683276 -0.4307755906 -0.1991073118
9.844073406 2.064845008 -0.1516679061 -2.269267498 -0.9064941973 -0.6113505443 -1.766854111 0.5152875155 0.3099668578 -1.424776442 -1.090374766 0.1555726403 0.2262285471 -0.01378363181 0.1767017959
4.807294338 -1.433372427 -1.510312165 -0.2166753507 0.53547625 -1.444286561 -2.665126695 -0.7673888403 -0.1546214235 0.3855917566 0.1637075536 0.4041527338 0.2480691539 -0.4834081828 -0.2556374069
8.834922722 4.826661252 1.027075956 -1.78165693 -2.02158398 -1.18986911 -0.3523556292 0.6661931903 0.1605281386 -0.433323051 -0.5056718759 -0.4533398589 -0.3336160738 -0.1095665779 -0.08222365691
-0.1236743963 0.4949895247 1.388112124 -1.683662347 0.2034740038 -0.9411252567 -0.7216543263 -0.099983796 -0.7670187186 -0.3100811949 -0.2752318598 -0.2405481882 -0.273745359 -0.4362408635 -0.2845251121
11.63286587 0.3779271469 1.228952898 -3.246690033 -0.4045442727 -0.3439643092 -2.67905971 1.045568976 0.5042820989 -1.549914037 -1.02499647 0.2854316418 0.2724099224 -0.4410749533 0.4253735138
1.063232176 0.314374907 -0.2678162073 -0.6788324087 -0.16831371 -0.5821335245 -0.8000920065 -0.1452568416 -0.8420325448 -0.6445035793 -0.3977395933 -0.1706836899 -0.1673057982 -0.3458005801 -0.2228058661
11.4235884 -2.122096285 2.064785184 -1.213827652 -3.543614291 -1.488123431 -0.7178254414 0.2382500645 -0.08686027956 -0.1313631285 0.2224790097 -0.6526806802 -0.682633526 0.2879592666 -0.008682252337
0.6052558969 -1.218858993 0.9217680855 -0.307191291 0.07438163819 -0.7786238768 -0.8221556893 -0.2103095953 -0.9485208291 -0.471436404 -0.3601221425 -0.1352803541 -0.1536355517 -0.3151344979 -0.1428539133
7.669220167 3.397410892 0.1594531689 -0.4097034669 -0.2701661137 -0.3227316356 -0.6408524923 -0.04773037038 -0.2083412478 -1.191747256 -1.85896018 -1.21596027 0.17943186 0.9144313041 0.1473771451
3.375477646 1.50176813 -0.03194451487 -1.602678103 -1.330949496 -1.713318742 -0.8197361428 0.1975765741 -0.7209727705 -0.1117888406 -0.3378533929 -0.0245389313 -0.1091732075 -0.3850617931 0.01116688621
5.009475616 3.135967049 1.410646601 -0.2582133302 -0.3447157556 -0.7459673685 -0.7809164939 -0.1131534257 -0.4763840901 -0.3623457065 -0.2555180512 -0.06837440962 -0.1923872339 -0.4342487866 -0.3581878806
1.011164218 0.8413745803 1.156511995 -0.8764439634 0.2844106218 -0.6219422148 -0.7978187293 -0.3472814232 -1.099094727 -0.5615655522 -0.5008308188 -0.2783755741 -0.3699999913 -0.3169775208 -0.08119014813
9.247159506 4.105024573 -0.2845547759 -1.530903936 -1.003538844 0.08831133863 0.2337196615 0.2518466224 -0.556471556 -1.472803924 -1.536000244 -0.733560881 0.1468904178 0.6053343952 0.1227720558
2.18107183 1.232627584 -0.6254822073 -0.3046368352 -0.2380654061 -0.4797158281 -0.6953282847 -0.3130425459 -0.7846468605 -0.5859421281 -0.2447035374 -0.1363149584 -0.1762650638 -0.320401129 -0.2643189125
6.773105236 0.5622000971 1.169362156 -1.532956782 -3.377310711 -1.675854862 -0.5765588961 0.003531188184 0.03750687905 0.4695382806 0.2445719226 -0.5175263512 -0.9536214059 -0.005355605755 0.3228074889
2.11795221 -0.4828071488 2.75383494 0.2154975833 0.4007457357 0.195923231 -0.6142926804 -1.455081345 -1.467566169 0.4173301871 -0.1105863997 -1.048691933 -1.214083725 -0.3490559311 0.4654343317
10.80774418 1.914793001 -1.978678529 -1.64704712 -0.7598368113 -0.8398854135 -1.103619571 0.01041752032 -0.1283826449 -1.359490448 -1.705835666 -0.378183116 0.6969849467 0.2023209499 -0.6794548831
6.829188562 -3.425620363 -3.375137933 -1.172190154 0.08041212599 -1.323029327 -2.653536567 -1.247514848 0.1255497825 0.8131129956 0.116574993 0.7055178872 0.2173818646 -0.8670438819 -0.08772260035
7.452330441 2.405620747 0.06561108715 -1.958794068 -1.505260236 -0.7992207579 -1.141200001 0.2699970021 0.1169085193 -1.042937454 -0.8920879298 -0.04715731847 0.0319611012 -0.01302953852 0.1398802016
-1.281305638 -0.5553108077 1.395513259 -1.175706519 0.3080118299 -0.846237417 -0.6253516433 -0.1199963896 -0.7883901309 -0.5591126797 -0.4829226862 -0.2536948973 -0.4384155471 -0.5134120064 -0.3183665028
7.687141998 3.249502726 2.283769447 -4.805768511 2.686229435 -0.4379593203 -2.090743762 1.582494628 -0.2017863524 -1.567973862 -1.687740152 -0.8131936096 0.1323769836 1.43310905 -0.003454970864
2.158631455 0.5029885916 -0.06488969537 -0.9473000276 -0.4112047664 -0.8602616543 -0.9768751258 -0.3093434636 -1.016811174 -0.5844032973 -0.3438479467 -0.1895927293 -0.305672254 -0.3944155993 -0.2576325119
8.564183401 -0.6824643963 2.414565172 -2.675821674 -2.54377069 -1.726633609 -1.20947555 0.6401995416 -0.04577337601 0.413900754 0.01641733349 -0.204134356 -0.8013668307 -0.4647783524 0.7900879107
1.070542253 -4.091808328 1.822176788 0.474655336 0.08178579864 -1.368850796 -1.063469969 -0.6766847599 -1.378476527 -0.5715550267 -0.2897870939 -0.3196026602 0.05315154532 -0.2506217804 -0.2407784953
