1.37020214 2.006570016 -0.3178672522 0.7305163173 0.5186273511 0.5991197577 0.2637925456 0.4144000543 0.01140142914 -0.2254870043 0.04440665119 0.3398183322 0.4987480043 0.4761351197 0.2658726454
4.963796387 -0.1072838132 -0.9757215646 0.1248209725 -0.4691454017 -0.6645154717 -0.1797176762 0.1690935297 -0.02041437852 -0.4084563906 0.3784825326 0.3518051198 0.1147915839 -0.3599870732 -0.4396698058
2.999695408 0.2234098291 0.9800442133 3.685623351 1.643254246 -0.5908607779 -0.6112260759 1.093003756 0.02905705384 -1.208347709 -0.6091795978 -0.4143195267 -0.07336768366 0.146285313 -0.4973225792
0.2255092651 -0.0880901199 0.1325867103 1.753731494 1.298930627 -0.7987141173 0.06013334331 -0.343447808 -0.5155812925 0.0326449996 0.8000172116 -0.5870309298 -0.08426522203 0.3105540747 -0.09507910524
0.9195764495 1.662203456 -0.4285464256 0.7636789302 0.6167319789 0.9420460892 0.699884519 0.7675216231 0.2802304103 -0.005724676749 0.06868679147 0.2276346617 0.3790750666 0.3198741265 0.09926745135
1.474648064 -0.5853217206 0.549368774 0.4525571799 -0.4188997414 0.07051178464 1.324836636 0.5024848706 0.1374645351 0.1674743679 0.5540658061 -0.3358339966 -0.08531280107 -0.2373170889 -0.2068283969
3.244470947 0.7292192976 1.870486576 2.627964193 0.9975229756 -1.050666284 -1.222943885 -1.160154903 -0.5573651119 -1.01520818 -0.2522934612 -1.097390064 0.1579777861 0.1956308477 -0.5231204221
-1.379434251 -0.9978696759 1.950641015 -0.5387366969 -0.7862964697 0.2389300272 0.9545149434 0.3627022787 0.09446400119 -0.0007966718193 0.6341357169 -0.4137238878 -0.1159566061 -0.5588458181 -0.492386134
1.582574004 2.12191842 -0.06790606476 0.8425090824 0.5131890051 0.6835606261 0.4483706195 0.4736788672 -0.02549433529 -0.2620038882 -0.1511283481 -0.0277545156 0.0612926604 0.01717537313 -0.05788773654
2.96001369 -1.818578896 -1.018525675 -0.5895509653 -0.7124424721 -0.2658942762 0.4027088742 0.4409090328 0.2577817732 0.08409508055 0.5629647632 0.413629954 0.09607141935 -0.8649478442 -0.8391366464
2.852931004 1.815120528 0.4938284881 2.478416457 1.431413072 0.1676594399 -0.3514907686 0.3973048452 0.08732393773 -0.8344508146 -0.9326291896 -0.3700776518 0.1429924304 0.2047457311 -0.3382805161
-1.303524806 -1.417122755 -1.562593902 1.175334743 1.614006201 -0.2017110038 0.1253516756 -1.06821949 -0.3973691256 1.035424354 1.146051953 -0.299957296 0.1656194046 0.00378995192 0.5580394064
1.230275251 0.8024690347 -0.3553186454 1.432164042 0.899623083 0.4997186744 0.06407980418 0.5401239255 0.1536226657 -0.2407328838 -0.04216801046 -0.006725103914 0.2069888182 0.3374553389 0.1698440123
0.2039395975 -1.468405403 1.036404494 0.8238668475 -0.3998678156 -0.2944213062 -0.06992932803 1.171623714 0.6136156489 -0.26045 0.7018022863 -0.01689211011 0.07929388574 -0.195611999 -0.2496884469
1.780381702 -1.373342667 2.699269806 3.624367169 1.564401348 -1.457733662 -1.931372135 0.3731777715 0.7143014905 -0.8886599718 -1.080320678 -0.3263722163 0.513352511 -0.3103506276 -0.7677894657
-3.398925762 -1.71165426 2.154042942 0.6929288694 -0.8664493631 -0.4041653725 1.045588879 0.9006325549 0.1276900476 -0.03543947069 1.238819196 -0.1251943037 -0.1263195752 -0.8081759056 -0.297066048
1.127766391 1.757317193 -0.3477770138 0.7764334618 0.5681866174 0.6983013794 0.2328698471 0.1401204375 -0.3866977084 -0.4940880502 -0.1457161228 0.1260206455 0.3486365762 0.3910613553 0.2290243693
3.587501137 -0.6671453493 -0.962191658 -0.1203332686 -0.8013587279 -0.6927181133 -0.5447550497 -0.2748026137 -0.09441825869 -0.2190108149 0.4083314453 0.2099019912 0.2253689811 -0.6933518126 -0.4555342725
3.222855607 -0.4900807964 2.315067085 3.497221195 1.250766315 -1.541068664 -1.141112471 0.43666713 -0.230055312 -1.227704564 -0.6135082665 -0.7698307806 0.2316730736 0.09126319902 -0.5927337772
0.3059724927 -0.9090824301 -0.4774249106 1.697297204 1.079702742 -0.6438247225 -0.9119274381 0.1196385907 0.5159174382 -0.2023333643 0.1136882533 -0.3631171172 0.3496488585 0.3564573643 0.0775803481
0.9860021885 1.807759713 -0.1296801867 1.061907441 0.7921679441 0.9340623995 0.618979945 0.6831800971 -0.02138743392 -0.4604489279 -0.2817504603 -0.02033843427 0.1372643785 0.1533880506 0.04684268877
0.9893938853 -0.8830047349 0.7637668044 0.2085373469 -0.5305698637 0.205554229 0.09634856385 0.8795790952 0.232669627 -0.3461132292 0.6000859511 0.01430352989 -0.2318039009 -0.4535280333 -0.420613839
2.884380557 -0.002673434511 1.541609383 2.924846018 1.531133722 -1.507392371 -1.884361789 -0.5401199253 -0.02918570932 -1.332926169 -0.2669463204 -1.015426511 -0.01625514516 -0.0941192723 -0.04447126433
-3.033326435 -1.545805665 2.185309182 -0.5841389553 -1.450075728 0.07472622178 0.754792688 0.2486820874 0.394455405 0.07359539662 0.8376922436 0.01664784435 -0.1209000842 -0.6415303659 -0.4442495748
1.362652854 1.766756676 -0.1757942075 0.6821817414 0.2167544681 0.3018266312 0.104572726 0.2806619658 -0.1167008516 -0.293861834 -0.1370506006 -0.08388001058 -0.03990778256 -0.06914391222 -0.06576911517
2.15329465 -1.995843898 -0.6423669653 -0.4603596046 -0.6875680709 -1.064899964 -0.03842476287 0.6406504779 0.6645391234 -0.02636772306 -0.03554653312 -0.3121631661 -0.133639706 -0.4987457127 -0.625869482
2.408178743 0.8706101388 0.157330243 2.736699678 1.293976017 -0.3939456985 -0.3599717724 0.8577052951 0.01572199921 -0.982572068 -0.7428596231 -0.3042286054 -0.0479794577 0.07768510945 -0.2674278958
-1.809721671 -1.979807575 -1.127012621 2.163637168 1.711997 -1.050815126 -0.8761499131 -0.1200129411 0.9478360023 0.06973913671 0.282212946 -0.4775297998 0.3560095053 -0.08448831669 0.2221442023
0.9140847863 1.054890054 -0.7364182509 0.5874756064 0.2996588929 0.480758441 0.2967972488 0.3987334084 0.05235871706 -0.1005587303 0.1063131691 0.09957950215 0.2348445297 0.1690834253 0.09937299673
-1.034341746 -1.424332469 0.6975824938 0.08856014213 -0.6658081737 -0.2532826871 -0.0112704063 0.8547310764 0.5164575868 -0.3606592459 0.6398432726 -0.2072425541 -0.120983184 -0.7805200796 -0.2274727532
1.188919116 -1.681335706 2.459668127 2.576558385 1.132852615 -1.414810189 -1.658288983 0.2512368127 0.6299157999 -0.8114061637 -1.342823087 -0.6090907646 0.3278747403 -0.4965515785 -0.7118442535
-3.846017132 -2.253408691 1.063065848 0.8440594519 -0.3295341067 -1.421036174 -0.1542686785 1.278433524 0.746373237 -0.2913423744 0.6010335429 -0.3030228181 0.2934748667 -0.8818599034 -0.291444118
