2.785458285 2.359217756 1.531908111 1.571660097 1.27298381 1.326341493 1.207959932 1.253389189 1.114659617 1.114192867 1.077908728 1.060797345 0.9911459021 0.971396866 0.8941908543
3.863148148 4.467985437 3.052346248 2.553948866 1.991258262 1.140630335 0.7331489769 0.8222346244 0.06957218089 -0.06887840879 0.6726856913 -0.07227707781 -0.1764554489 0.6501588014 0.09330951835
1.520836719 2.418692639 1.461951999 1.380016903 1.398174478 1.032616946 0.9788841325 1.227126788 0.587879823 0.4720875455 1.108622004 0.2742254136 0.08103303498 0.809232956 0.2052021883
7.4929254 1.357904233 1.756107698 0.551075995 0.5682317475 0.15552415 0.3239381275 0.2246801929 -0.4263844359 -0.1922060198 -0.06878840744 0.3377460708 0.2412383115 0.2027744674 0.3668757042
0.9519582832 2.312050148 1.392498864 1.687038674 1.830780355 1.272443468 1.302811752 1.633789973 0.8192431934 0.5776989992 1.334742091 0.3687113977 0.1985057549 1.086652737 0.4004215673
5.391340647 1.90495517 1.800085068 1.586979901 2.027030975 0.9408942302 -0.4192645853 0.0481275262 -0.03007694206 -0.1018212755 0.4698382154 -0.4399433744 -0.4908701142 0.583499579 0.3720576502
-1.824039861 1.031435431 3.436263752 0.5582161066 0.9852007957 1.499754545 1.155723192 0.7827073786 1.034875504 0.789443639 0.8494852972 0.5220173762 0.5552735914 0.7536681204 0.5294109381
4.816456847 -0.1261503465 3.164805172 3.28054662 1.146948141 -0.9984752196 -0.9343008088 -0.3404649591 -0.154064559 -0.2994518312 -0.6882734305 -0.303720247 -0.3983834456 -0.2446506302 0.4752307561
2.802271898 3.514543699 2.432880801 2.365030613 2.071733821 1.332491349 1.12164527 1.271869044 0.4411763951 0.1810350611 0.8052136334 -0.01950073763 -0.1983603451 0.5404473185 -0.002749532457
5.978231247 5.503060426 3.09438224 1.700607111 0.7916409275 0.1193729037 0.0937362794 0.5483313014 0.1498328724 0.1694023401 0.8425480748 0.07939287131 -0.09177564969 0.5379687896 -0.04646709592
2.034059333 1.913721372 1.161430828 0.96640158 0.7753978626 0.7190955713 0.5501217194 0.6497340329 0.3141207528 0.3159924043 0.5585874143 0.2421547626 0.1800721405 0.47800723 0.1560008306
7.230228109 0.2543149498 0.3421367344 -0.08455278129 0.2410598285 -0.1370041246 -0.1981855429 -0.2091749431 -0.3062235765 -0.2516557551 -0.2262626946 -0.09701404553 0.05247570571 0.0690864958 0.1392918448
0.4967765955 1.926855287 1.015882495 1.192965459 1.488588605 1.135056265 1.172529021 1.438993693 0.6202544617 0.4615841448 1.213778432 0.2974195191 0.09387392142 0.9832855112 0.3256607234
4.407830294 0.9788462697 3.005756764 0.7659805398 0.526629308 0.4360678789 0.5662008532 -0.1966055477 -0.4082822013 0.1457201191 0.4027173856 0.3665937809 -0.07979465467 0.1363641914 0.2917332328
0.5505132854 -1.272742403 5.847463607 1.086472552 1.109348342 0.7646919854 -0.08204364683 -0.4185674994 -0.3297119883 -0.04530129226 0.3783309833 0.3581181148 -0.5506622358 -0.1420827772 0.429390177
6.710063385 -1.438151485 2.657159882 3.081019589 1.275004366 -0.9200027779 -1.43042863 -0.5834972713 -0.2263506405 -0.06228986296 -0.2533933845 -0.3306219183 -0.4517498032 0.01165207852 0.9147555696
2.270691532 2.802193449 1.922496117 1.85322729 1.745405041 1.291854075 1.137359489 1.315615959 0.6653774565 0.5203455082 0.9727900226 0.1954622961 0.03004525737 0.6643844308 0.1155396956
4.650038255 4.350873453 2.833787745 2.014308847 1.279201744 0.6150011727 0.2629255624 0.4071631926 -0.000133550844 0.03098759553 0.5387614453 0.05351037004 -0.002128905353 0.4752999677 0.006220343763
1.031731226 2.165185253 1.300791205 1.272826686 1.238282713 0.7660541953 0.7450323398 0.9805798566 0.2788987693 0.1599708873 0.8348642975 -0.01492758715 -0.1495111761 0.7125530812 0.1013325941
7.511887905 1.664859487 0.8288601222 -0.1408156416 -0.09457672316 -0.2708164773 -0.1599955616 -0.2569330047 -0.7837230071 -0.4133584345 -0.3042768165 0.050527167 0.2575399042 0.2931170756 0.4849658388
1.091559627 2.030045129 1.122912689 1.327075684 1.393006016 0.941876426 1.001784326 1.44210794 0.7173650798 0.5120634468 1.25578047 0.4338949059 0.2731890806 1.078014652 0.4110620778
4.743466361 1.591129023 1.43164121 0.884803213 2.217991483 0.5722895443 -0.8776961747 0.0654291437 -0.24844716 -0.3386197836 0.2818277521 -0.4802752173 -0.4653653474 0.4769976453 0.276930379
0.05845722006 -0.8364954224 2.552585221 2.02938843 1.49541916 0.474514565 0.440071217 1.592980352 0.5965453013 0.8157233204 0.9391867724 0.0891097518 0.398015098 0.7861389411 0.6773528703
5.14523603 -0.7521111777 2.375532099 2.398667782 0.6296795697 -0.6501819578 -0.7599552197 -0.7439600734 -0.3184411582 -0.2931703091 -0.4779528675 -0.4913431197 -0.6520479056 0.08219867753 0.5151219718
3.426212841 3.079826547 2.205924511 1.715179258 1.27235405 0.7966044383 0.4709288521 0.4895759782 0.07476843447 0.06239760873 0.4081952219 -0.008876539022 -0.06730303201 0.3603664764 -0.005688282136
6.336845833 3.822773622 1.929977843 0.9870122439 0.4633862816 0.4667898345 0.2576315876 0.2346511604 0.1016728929 0.1313525099 0.1865305827 0.06536573357 0.03563306524 0.1560729835 -0.0002717150112
1.77573886 1.671877293 1.028870953 0.7988799276 0.5606179088 0.447986661 0.3318087762 0.4206562319 0.1049958157 0.1025601445 0.3494204131 0.02044508611 -0.02247038308 0.2709744698 -0.008600577833
6.029440022 -0.3185615373 0.9931497515 0.2278168602 -0.1404844175 -0.2896774769 -0.003063265044 -0.3942656128 -0.4682194209 -0.1893517021 -0.1321678301 -0.1123757026 -0.1115540595 0.02622183058 0.1117937658
0.3870060265 1.674006327 0.8010300497 1.070166939 1.305788782 0.867284448 0.9399626429 1.351590553 0.5894881282 0.3405610341 1.035100314 0.1000420832 -0.1099226762 0.7562557582 0.1384627503
2.789497257 0.1414242406 2.179158954 0.7382559978 0.57826565 0.4308362901 0.6417705172 -0.3349614868 0.2091430465 0.4789568518 0.2920896466 0.3334928612 0.1103206826 0.2023537604 0.1574073702
3.000749268 -0.5176769123 4.818793913 1.078016795 1.136228588 0.2678964814 -0.01548277323 -0.380291247 -0.5994959012 -0.005499229783 0.3346638554 0.348446763 -0.3184159784 -0.13844505 0.3899949249
6.654583793 -0.4763928365 1.845545382 2.258035018 0.6816412739 -0.5882890765 -0.8094067986 -0.8633873573 -0.5782834983 -0.02910313506 0.06437130523 -0.4931626833 -0.6646852214 -0.08116087079 0.4352769651
