9.231120599 2.42707651 -1.531896215 -0.5492885517 0.8557169159 0.714420537 -1.301715935 -2.227651475 -1.239054109 0.4084235818 1.008704876 0.568074848 0.01024088891 -0.08702000721 -0.04568909855
3.987299025 0.04910400959 -0.312425458 0.9980638954 -0.5722567901 0.2467362523 0.3080262831 -0.1267391743 0.1563613279 -0.03795176902 -0.3321484749 0.06106447188 -0.241059119 -0.4707035002 -0.3248207542
10.23253512 -1.251271319 -1.050784352 1.461369896 -1.514710951 -1.403254279 0.6858289389 0.1259742649 -0.8268955288 0.3933286013 0.6270551625 -0.2839636748 0.2293523183 0.5070273981 -0.7455006729
3.460600845 -0.7186749528 -0.831522117 0.7739012841 -0.6690317461 0.3543588399 0.4821343319 0.1000078006 0.4238340927 0.1517242092 -0.2912155881 0.0434447424 -0.3556076514 -0.6011523737 -0.3202308088
6.090913011 0.4307211902 -0.4211580164 0.7810944049 -1.037001032 -0.312695628 -0.04725605358 -0.5632916941 -0.486380306 -0.2168621901 -0.01554849326 0.3696926368 0.126023718 -0.07655632006 -0.1363239396
3.338032377 -0.4396437324 -0.8019729521 0.513493453 -0.9641800177 -0.05286410204 0.1069440573 -0.2051230466 0.1980103746 0.05091956163 -0.1779511755 0.289861177 -0.01926530694 -0.2949291251 -0.1984195713
11.61084721 -3.845398405 -0.005590010058 0.9799227745 -2.116815688 0.03631812224 0.17104462 -0.1240531473 -0.3218745441 -0.07718190714 1.220138878 -0.4368978561 -0.4007722426 0.6228380215 -0.6471411372
5.357294713 -3.805361136 1.636125462 1.794580354 -2.463618051 0.3076139271 -0.6081707079 -2.02639058 -0.3234532194 -0.4535830938 0.146290912 1.057490572 -0.5598183041 -0.2523369828 0.1047707802
11.58168441 0.6415149052 -1.431197165 0.2910699661 0.1527550113 0.5059122608 -0.7017290476 -2.046507253 -1.575099884 0.5646827803 1.654396817 -0.03489458956 -0.4090648485 0.511863375 0.1847344897
3.692098271 -0.4305245698 -0.930364507 0.678184044 -0.4974855052 0.446713158 0.3264798748 -0.3566495117 -0.1672198976 -0.2809733058 -0.4278076111 0.06941109559 -0.1565882832 -0.3755489648 -0.2556377357
12.89058341 -2.737568764 -1.088428952 2.245235712 -2.357001448 -1.378402352 1.061063557 -0.4214277938 -0.9924245521 0.5534269794 0.8121723559 -0.5097192778 0.4439307098 0.4252840769 -0.5769525456
3.620938551 -1.223644266 -0.1529322078 0.7822157698 -1.289500536 0.3839642788 0.1677996585 -0.7350026984 0.04276282133 0.02048981202 -0.2694752837 0.0606212669 -0.3240929176 -0.2016231175 -0.1892564231
8.164061387 -1.013289203 -0.7920922944 0.8981374435 -1.401380619 -0.8464972755 0.5240365092 -0.07709382473 -0.6816150464 0.3533404347 0.682169058 -0.1246087767 -0.09266571421 0.3892089283 -0.5324416266
3.083605981 -1.0608014 -1.365831839 0.2696019488 -0.9878246412 0.04833387255 0.1649782553 -0.1998252211 0.2204894992 0.07667440667 -0.3026189863 0.09190370388 -0.1781626827 -0.4365494248 -0.2802047867
9.292744975 -2.694060171 -0.3353322708 0.8679813456 -1.885347825 -0.0858499453 0.8701156039 -0.1909266547 -0.5204534671 0.2246596053 0.5445500948 -0.2893239954 -0.2378752682 0.3618783552 -0.7747593626
6.261926328 -10.6039576 -0.4948961597 1.700314357 -1.687701337 1.62933705 0.1154479693 -0.9670654473 1.494768265 0.1955048183 -0.4093690808 0.7096959554 -0.7235340099 -0.7815236385 0.2766707255
12.1129451 2.180343738 -2.437198467 -0.5078538558 0.8346451299 0.6334505612 -1.345606672 -2.20911996 -1.044651635 0.3763717817 0.9752783019 0.3116454542 0.1561994398 -0.02192428042 -0.0566391812
3.888820384 -0.0679616629 -0.8433009302 0.4197713321 -0.8218716401 0.2828502038 0.4152263871 -0.02222050778 0.2257843798 0.03827319699 -0.3182890616 0.06671912301 -0.2686420672 -0.5524259915 -0.406150932
9.791449625 -2.180423545 -1.734624972 0.9992404002 -1.349742147 -1.197308327 0.2908332263 -0.3882480182 -0.9777442008 0.4595157006 0.6896930583 -0.587026176 -0.2015833857 0.5344793917 -0.6827019644
3.485928835 -1.113375591 -0.7780892357 1.164757362 -0.531439193 0.08354040665 0.1415515572 -0.09391093777 0.2244298773 -0.1779254851 -0.4881850887 0.1108180486 -0.1914010158 -0.4403767831 -0.2251911596
5.906615937 0.8785659033 0.5951881125 1.225927036 -1.246438449 -0.8312682379 -0.5419907459 -0.4954620949 -0.1501203956 -0.6111481074 -0.704834006 -0.07194493758 -0.4778112069 -0.6298215789 -0.1854140476
3.508255906 -0.2827115484 -0.6625085232 0.5581254875 -1.032771868 -0.173357978 -0.1074398226 -0.4375657916 -0.02129646098 -0.1674890156 -0.4561564871 -0.07385996605 -0.3931236107 -0.5384102075 -0.2717684699
10.83575207 -3.701444877 -0.3460926668 1.378397943 -2.294437286 0.23174901 0.8099814484 -0.9616625976 -0.5337787427 0.2980031436 -0.0395979911 -0.5966793318 -0.1785000003 0.1141856169 -0.7553074419
3.246301663 -6.750457256 -0.9549342907 2.500539544 -0.5636794625 0.8443254658 -0.100070634 -1.313260538 0.2852404725 0.324115964 -0.01905178075 0.9547772711 -0.5157579474 -1.460437203 -0.1687428275
9.352200572 0.4802545304 -1.539214406 0.2928944843 -0.1053336889 -0.540447068 -0.8410634865 -1.127808484 -0.9108944237 0.5488697716 1.189349266 0.1255169279 -0.2473926558 0.3691075513 -0.1373686031
3.331665603 -0.71423423 -1.105433812 0.4355743676 -0.8509363364 0.07237067925 0.06545785141 -0.3639821825 -0.01025627508 -0.2575534921 -0.640837351 -0.1980551328 -0.4368281622 -0.6645143749 -0.4908952659
12.00038185 -2.881411904 -2.079333003 1.469270277 -1.563839459 -1.470171209 0.2029847697 -0.5846992104 -1.058127665 0.4730634344 0.9855665009 -0.6657466418 -0.218331586 0.5148029341 -0.4905248343
3.052539259 -2.289157624 -0.3218235687 0.9074689167 -1.311682078 0.5451154665 0.2925342387 -0.5649091802 0.2143227045 -0.06319056703 -0.2710868158 0.1592437943 -0.5088239856 -0.5428514165 -0.3519916827
8.677657435 0.7134933244 -0.2884943395 0.8139944737 -1.897458505 -1.492216356 0.3408861811 0.4051876677 -0.5042456901 -0.4696985766 0.04126655313 0.09754450873 -0.04459619742 -0.07925784863 -0.5186250502
3.054145302 -1.22473328 -1.218160984 0.4311357988 -1.242327701 -0.5846026183 -0.2798759155 -0.3255290963 -0.04212756536 -0.3971040471 -0.5226328168 0.05995572247 -0.3479317533 -0.6198528384 -0.3564208048
8.186758639 -3.31707587 0.0565929237 0.6394793936 -2.109847943 0.3874599177 0.2908730102 -0.9255736221 -0.3345008544 0.03115012722 0.1977437043 -0.1366053079 -0.4626127386 0.281056691 -0.3876738602
2.876220684 -10.37824271 -1.641232608 1.5495199 -1.317694581 1.533052341 0.3769058335 -1.172529811 0.632075631 -0.4328888786 -0.8639986913 0.6571347469 -0.7251699026 -1.088496549 0.2419325842
