8.348342714 0.3289173351 -2.263494076 2.375101879 4.160553605 2.596247132 0.5252664276 0.5365290138 0.714328364 0.3088869835 0.1977124762 0.3037766154 -0.1387015413 -0.3834908313 -0.530509889
7.131594523 2.592709051 0.4257494946 2.1184799 0.6641532674 -1.028121387 -1.064802424 0.2268003941 0.0546751183 -0.7108696221 -0.2319917319 0.4257732029 -0.143938544 -0.6242885962 -0.3447891408
10.15046902 2.790680158 0.7470406196 3.684342891 2.731631405 -0.3549401265 -1.944286701 -0.8324728906 0.04152596137 0.04979172548 -0.02253859219 0.1923149937 0.06678343305 0.0623201245 0.009677899382
-1.468488179 -1.308769784 0.1732848128 0.7236697439 -0.2352010319 1.044052008 0.2337301352 -0.01458291499 0.3401452322 -0.04880459658 0.2503795377 0.3663529143 -0.3350201478 0.101521234 0.2681349038
12.20228332 -1.181537496 -0.08005302886 5.663315415 2.068463998 -2.434756319 -2.113924008 -0.601269606 -0.5221522513 0.09762171498 0.4946356996 -0.162652529 -0.7208520511 -0.1374843091 0.3176207285
1.750835151 0.6490681887 1.183350799 1.581600333 0.09487464873 0.6527242846 -0.2310536611 -0.3914970868 0.03212426551 -0.4827284517 -0.2347922752 0.08219801473 -0.4122215484 -0.143941673 0.04111731643
9.699302714 3.499170604 0.3091735035 1.599558338 0.4722694226 -0.6730294656 -0.5778093791 0.4772182531 0.3757016125 -0.1684440206 0.04261191985 0.2139579407 -0.3491292427 -0.4400589505 -0.08281913604
-3.349652249 -2.376679725 1.925762657 1.429957761 -1.75740884 0.1352101313 0.5681772358 0.4234079229 0.06003759726 -0.3387661045 0.9010922091 0.4470168952 -1.062798321 0.3158446757 0.7437382094
7.603851337 -0.5390986024 -3.187182609 1.512133505 3.322541162 1.996602583 0.1765275178 0.3055476094 0.5717630169 0.5463420672 0.6561818812 0.6370303452 -0.05135902519 -0.4229241476 -0.5042277628
5.15103985 1.923814851 0.1389454109 1.656413569 1.096960566 0.5490462572 -0.6581859337 -0.9748829059 -0.684352745 -0.3202144596 0.01589888516 0.1687795681 -0.1719415641 -0.257054142 -0.08722067467
7.897251106 0.3493953508 0.8340373 4.157311549 2.012641891 -1.346267548 -2.021314212 -0.7291777683 -0.2928754486 -0.1734826886 0.2506357654 0.08732223066 -0.6077009065 -0.141779915 0.4638944925
-2.619319507 -2.498766342 0.8122074745 0.7631363024 -1.144480016 0.7093384325 0.1091400614 -0.02360678052 0.2895272273 -0.2850694639 0.4322164347 0.4386242304 -0.6358078624 0.1088796536 0.4585605466
9.926893516 -0.9867331418 -0.715733088 4.019648944 1.751938953 -1.073437444 -1.353467064 -0.455024075 -0.5462684971 -0.4695106545 0.255543508 0.05758540889 -0.6295758903 -0.1450590898 0.1557136431
2.222881017 -0.8673968082 -1.44702738 2.307601209 2.466246174 1.235596565 0.3012036626 0.4689051093 -0.2205157494 -0.7815412612 0.04628942341 0.7995473864 -0.02108965636 -0.5219058029 -0.2967444792
8.294429518 3.256508094 1.104841504 1.529250985 0.06581978076 -0.3369923823 -0.1445900793 -0.0594504287 -0.4481305495 -0.2492007212 0.1786532109 0.192031273 -0.1846213686 -0.1486771344 -0.04158935874
-2.54446065 -2.920566683 0.6503846029 1.417936031 -1.672749194 0.110211849 0.9541387557 0.02082305421 -0.2055491322 0.07971093515 0.5174528894 0.354549399 -0.4653621515 0.2444235869 0.6648708487
6.044333394 0.1970804465 -1.620496247 1.748861821 3.51238322 2.481296946 0.5631594264 0.2121954379 0.4698977753 0.5646048108 0.3430005422 0.2451739134 0.02956847421 -0.1660800146 -0.3553063818
6.770823274 1.920043662 -0.5305327521 0.9786005033 0.5249932715 -0.1467814842 -0.6408476835 0.1163908859 -0.1400496824 -1.021020863 -0.3334300433 0.5524095514 0.04652097549 -0.2868682861 -0.2237549431
6.830506667 2.849971968 1.564333319 2.814380719 2.029867478 0.03905174908 -1.37768674 -0.8458007493 -0.03436489553 0.1503517746 -0.06822974071 -0.05755390161 -0.04532742741 0.004756125745 -0.08299635059
-1.721275193 -1.807838696 0.2397443675 0.546573766 -0.8473505268 0.7001578744 0.01403455493 -0.2032956211 0.1529374415 -0.2625306235 0.1844345672 0.2533385419 -0.5026933447 0.04368499073 0.2676672188
9.591319535 -0.8120651707 0.7691694689 5.226233196 2.166812271 -1.842028692 -2.40551683 -1.026426027 -0.381660364 -0.00576705542 0.3987214221 0.0341682234 -0.6534377355 -0.06969723855 0.4805569249
1.810347031 -0.1652422143 -0.382895907 1.54696791 0.2985559767 0.2351176449 0.01513528406 -0.3802202269 -0.4758580592 -0.2581810207 -0.1464625782 0.01762797027 -0.3472764784 -0.3909646218 -0.1449813195
11.63883325 3.479902396 0.5376530844 1.586270402 0.121412028 -1.264359082 -1.20336179 -0.1288437288 -0.1237431564 -0.3944570316 -0.1748067967 -0.3204416073 -0.8467616439 -0.5350142276 0.0146926304
-5.604536047 -3.300669792 2.145093332 0.9553555362 -1.884099959 0.2981886917 0.1644036388 0.6697695631 -0.2290260769 -1.236563647 1.282038519 0.6308103565 -1.652126475 0.6248047717 0.7686351173
6.526019437 -2.065506713 -4.381424664 1.083056804 3.039355853 2.240864993 0.6514722115 0.4913392146 0.3850556886 0.04890404781 -0.1254492282 -0.1876436322 -0.2651084288 -0.2012903893 -0.3038310918
3.864220743 0.4267338763 -1.189409864 1.783029624 1.516168965 0.2364620847 -0.6662694228 -0.4080706663 -0.911884139 -1.390918536 -0.3259660905 0.6258277174 -0.1539147095 -0.8275841643 -0.6623317583
6.981976689 -0.06811988309 -0.124906956 2.898527183 1.739497772 -0.5284515056 -1.407271924 -0.5947517002 -0.2949689912 -0.2895203264 0.1256868987 0.1494818029 -0.4910895328 -0.3233529132 0.01621089024
-2.309822141 -2.486157982 0.0986756317 0.3613632875 -1.128616987 0.6419293436 -0.01699493431 -0.2515133203 0.2770807836 -0.1000177594 0.2852371526 0.3438813604 -0.4550484532 0.1340964712 0.3400239378
9.968816571 -1.780518015 -1.871513043 2.411244732 1.158191475 -0.2595331407 -0.8737755075 -0.6079066641 -0.8972436486 -1.003500239 -0.00575084802 0.1982413021 -0.3385919251 0.301556108 0.1907056803
0.8361051234 -1.336188605 -1.725742004 1.47993174 1.053889574 0.2749072414 -0.02189223205 0.3051329353 -0.2356430823 -0.7692074709 -0.03863001098 0.6287820867 0.02260053101 -0.4234756916 -0.2589204443
7.634460864 4.509737802 1.782324691 1.061854505 -0.228011354 -0.9836648466 -1.03883243 -0.2719036069 0.08446505731 0.0443922665 -0.2115093664 -0.3783829302 -0.5853637999 -0.5185508221 -0.2388476129
-2.274161148 -2.195916622 0.3974331534 0.8902380265 -0.9675253727 0.2045552633 0.06947151168 0.1357201126 -0.07655363574 -0.3972898474 0.6042927378 0.3465234871 -0.6873000728 0.2306355904 0.4737863864
