8.626680186 5.184825321 0.5635795549 0.1921821986 0.7560812036 1.203541625 0.6992473188 0.3631429682 0.09889630587 -0.1575487151 -0.5956924277 -0.6810134739 -0.3573180472 0.1900550721 0.5358928733
2.826458981 2.724366879 0.4552357264 1.367947582 2.065426633 2.183137964 1.183259089 0.5763251612 0.6243491132 0.9555123343 0.7758065573 0.3934318265 0.283498421 0.4263421627 0.5797613959
4.583384486 3.311493809 0.9153986207 1.589433242 2.077141832 1.755830403 0.6178505114 0.04463285539 0.05422715255 0.3302854321 0.2300162779 0.137265443 0.22200157 0.3489584698 0.2571428304
5.043343401 -0.8367634219 0.3219576242 -1.00441534 1.947877668 0.9580868945 -0.5087040079 0.2269841822 0.4750142834 0.7164747382 0.1885194185 -0.2332356063 0.07306871224 0.2183958089 0.2914923254
9.025009107 1.795820052 0.7408764762 0.1167390333 0.5059430501 0.5418379247 0.6342208833 0.06970768061 -0.3327990558 0.1947080503 0.4087992014 0.1893998801 -0.1805497809 0.01000327712 0.155269979
2.763443244 2.509042254 0.5511494677 1.203346646 1.221489915 1.349026013 0.6520302978 0.3876646443 0.410354043 0.737996096 0.549723392 0.3557048109 0.1932434261 0.3237430411 0.3319458565
7.961271351 0.4077112357 2.150802053 0.9773111515 3.114759073 1.001734349 -2.053698526 -1.070322135 0.8848952934 0.6531412929 -1.066544019 -0.7777185837 -0.2223611613 0.1798351231 0.6062858894
1.538766593 -1.237239693 2.837559552 0.3052324157 2.171000505 0.8038584309 0.4262010313 -0.03067868344 0.4527330126 0.1127462203 0.6663083936 0.2112825113 -0.1548582085 0.3244563637 0.1907564752
6.824591553 4.692454149 1.184630277 1.416432555 1.904595112 1.698125529 0.4769937084 -0.1050581954 -0.002581563995 0.02836766439 -0.4980322615 -0.8309712482 -0.3732112981 0.3116328371 0.4620081082
2.068289357 1.841445317 -0.4665189882 0.7252868451 1.738132487 1.896494882 0.8481658098 0.2741796432 0.4423848311 0.8311185277 0.6632354933 0.2455384364 0.216001646 0.3921994902 0.49408156
6.949255646 1.020928453 1.435610862 0.2513515219 0.8329545876 0.8089298228 0.6034788888 -0.05066422083 -0.2743850341 0.2303401177 0.5220559829 0.5651950765 -0.1312119172 -0.1041935555 0.03902547533
4.027868084 1.130489253 3.462008767 0.05628465632 1.814128054 0.6057376879 0.8962900336 -0.5599440677 -0.3155509361 -0.1928165725 0.1589264208 0.2017440864 -0.4051562075 0.08668289116 0.3075855377
9.999378803 4.323509049 -0.7542971228 -1.548240782 0.06045615249 -0.2105727791 0.3036956553 0.02532081186 -0.03208371361 0.261374887 -0.2210524848 -0.345701184 0.005149259605 0.1681897934 0.332505189
2.101923602 1.751570824 0.727410943 0.934246249 0.7001461048 0.6831144853 0.3556037318 0.279756044 0.2372812002 0.3526974281 0.2665502392 0.1855109241 0.07054984278 0.1084213299 0.1178477595
5.74247363 1.435054172 0.9705184818 1.89302974 2.303891302 0.7876646524 -1.391334231 -0.939322398 0.4811574329 0.5948081228 -0.4105219591 -0.6646185553 -0.3502274046 0.223389894 0.4166927923
-0.2589908622 -2.680038416 2.848599165 0.1984296095 2.27292835 0.2799280032 -0.2895769373 -0.3408085098 1.418423607 -0.1665306994 0.6299782855 -0.003087432183 0.04915625114 0.4774995311 0.2233566021
7.715176651 4.928359644 0.8239435267 0.7424851337 1.248700833 1.3434297 0.5396013516 0.11806547 -0.01818279235 -0.1371703355 -0.6131849923 -0.8609798772 -0.4148311577 0.2750094586 0.4539608123
2.484861336 2.412976313 0.05738366112 1.124432184 1.949098707 1.927339551 0.7748907428 0.1531329931 0.3022307051 0.7876805995 0.6564004523 0.2351176369 0.1208793718 0.2619252934 0.4053549563
4.246037611 1.813261083 0.2351719119 1.088379432 1.704116701 1.798707156 0.9955810403 0.2980233753 -0.09900508741 0.2025659133 0.4655434228 0.6314011342 0.5291762221 0.3990737327 0.2074428004
3.11721556 -0.9549679725 1.469908145 0.323234537 1.76787811 1.123640012 0.202236058 -0.04074110966 0.07349749197 0.09463367269 0.4897729584 0.4471552412 -0.04751493541 0.283459362 0.2190221048
6.899074988 2.820197397 0.6163185935 -0.3206499402 0.7220231345 0.7351835413 0.05278464347 0.2360527 -0.1941255629 0.08145652237 0.1252631902 -0.3240266624 -0.1542696835 -0.1563048504 0.03685704052
2.099113951 2.397146506 0.01155249328 0.7886536681 1.460088062 1.521065734 0.5479182991 0.02023576559 0.1116640118 0.5495218073 0.4363353097 0.1204442742 -0.0003141470617 0.1735116442 0.3424139839
8.189780145 1.849862711 1.344391088 0.235144334 2.977898777 1.172089703 -1.779191865 -1.238166917 0.2311020168 0.3743500789 -0.4743850513 -0.5682022121 -0.4403296641 0.2541857777 0.4372012819
1.340210933 -2.203055894 2.54188366 -0.05260547588 2.266358935 0.1437776351 -0.5292432168 -0.3546088515 1.233339643 0.05505085295 0.3662210647 -0.06580605576 -0.0700215099 0.4972255193 0.1691186018
5.991351414 3.760793761 1.508967836 1.162963604 1.084217146 1.118436511 0.7359136444 0.3875481278 0.05335565981 -0.1340318146 -0.3905235066 -0.4243852856 -0.2092889021 0.1641026278 0.2830049509
2.350512682 1.953122375 -0.6587139545 0.6083249588 1.751229486 1.800935519 0.5514062147 -0.09200245172 0.1276502037 0.6366673898 0.4090905437 -0.01944480546 -0.09840222713 0.1568136802 0.3536285855
5.660768978 1.053223545 2.455874958 0.4727326858 1.483625617 0.9247870405 0.4195711399 -0.5945704884 -0.5046501834 0.1245999255 0.2641839478 0.3470778452 -0.3801118218 -0.1145460663 0.1113787131
1.827177216 1.670094531 3.772532072 -0.08050040458 2.354432032 0.8711696729 1.168375741 -0.6096125698 -0.05244081099 -0.1348133748 -0.0187383463 0.2201782137 -0.2503063209 0.1793422111 0.3783818656
9.138575291 2.946667086 -1.004003147 -2.682290223 -0.1245128929 -0.2835456152 0.08013840103 0.271793996 -0.7194188003 0.05598302036 -0.1211640676 -0.7490921637 0.02379647524 -0.2820240243 0.41182293
2.378671916 1.481231212 0.06626536559 0.644793066 0.9718315038 0.9914417402 0.3644261452 0.1288314107 0.1393840021 0.3812104485 0.3330901711 0.1927059948 0.01525872442 0.1550455451 0.1875510476
6.814084992 1.536964393 1.134852501 1.087870396 2.707185623 0.8710903978 -2.070993705 -1.241808669 0.3395611601 0.4316220616 -0.8841949471 -0.9974854903 -0.424803423 0.2251330532 0.4373966734
-1.366622893 -3.822720148 2.025918791 -0.2489151066 2.156003162 0.1643824914 -0.4352151239 -0.5896891938 1.735202911 0.02201573096 0.460972056 0.06849374096 0.192716634 0.4881508191 0.0137443633
