12.79679811 -4.373298068 0.1896659017 0.4130256619 -3.2215768 1.346917456 0.5431779265 -1.279525218 1.157379165 -0.2557767268 -0.255837108 0.3665555947 0.1415216177 -1.022365173 0.3525836786
9.177157626 -1.472687372 2.222288037 1.413521734 -1.531112135 0.9727758697 -0.3730120124 -0.7080674027 0.2966172037 -0.7785002956 -0.288778265 -0.02732813571 -0.5798777402 -0.1634818821 -0.1103764163
6.224236498 1.12922426 1.136239286 0.8627591115 -0.3802392767 0.3965780951 -0.04082912409 -0.3721472535 -0.008336989502 -0.1707429895 -0.2351729169 -0.01286440193 -0.2781449965 -0.2620853901 -0.2049570769
8.723953733 -3.418306699 2.216985712 1.535073329 -1.201981221 1.728733076 -0.3586582324 -0.3861315097 0.5221981524 -0.8945823118 -0.1320820994 -0.05341284708 -0.5979454836 -0.05621872504 -0.2121288058
11.05447057 -1.930256965 -0.1152384904 0.8334384051 -0.917859528 0.7603096283 -0.6412789017 -0.975330588 0.1126110752 -0.502152861 0.1025830127 0.2818549088 -0.3823699457 -0.3022477312 0.03812069049
10.33902927 -5.466879856 3.526807983 3.032648601 -0.6580875197 0.9930205908 -2.493315 -1.228113909 0.7649350571 -1.574935368 -0.01927676814 -0.7255274411 -0.6138452146 -0.3568945269 0.1859653097
6.59173541 -2.206575582 1.945541218 2.816437823 0.1405966645 0.2330120663 -1.635230699 -1.465259461 0.2792508986 -0.412591463 -0.7646124961 -0.4190484093 -0.8362216068 -0.3224879219 0.3935475558
7.695949833 -4.690359342 1.405548595 0.9824790075 -1.613271644 1.459324757 -0.4561668702 -0.2548504375 0.5143704755 -0.9298524654 -0.09185164032 0.06732358656 -0.6391775945 -0.08366031581 -0.2365519471
10.86183582 -4.412262937 2.33182274 0.8731699212 -2.018051163 1.846937633 -0.3846685951 -0.6900350822 0.6989624965 -0.7236794231 0.2968805536 0.06593839211 -0.3811695846 -0.312107518 -0.04098386954
7.045117213 -2.628539356 1.557445463 1.384742104 -0.8440988899 1.508436744 0.1194514456 -0.3552740794 0.5247750003 -0.4360555376 -0.1976304488 0.1772128793 -0.5139038421 -0.1628770689 -0.0907835369
8.278345856 0.2786082802 1.409623351 0.806136783 -1.322442445 0.335461672 -0.1654745095 -0.5241665818 0.2374908435 -0.2877026869 -0.2681569857 0.1843645879 -0.2823081711 -0.2270519034 -0.08558142825
6.501699082 -4.152591169 0.9336642685 0.6410107114 -1.581185974 1.177376071 -0.4082482357 -0.5317925447 0.264593656 -0.8958464282 -0.2692676445 0.05215162092 -0.617642094 -0.09640024917 -0.2025112254
10.24046284 -2.826099506 -0.6760297603 -0.1256881856 -2.600131016 0.6376745232 0.715771875 -0.8610433769 0.6320884846 0.2812312003 -0.6733030807 0.4684260681 0.1041214743 -0.7985871399 0.08644292986
8.571518124 -3.669123705 0.8382022614 1.816476173 -0.9634973721 0.2983141783 -1.567807747 -2.129824801 -0.2362908852 -0.2684645736 0.005560927656 -0.03906584188 -0.9392652397 -0.1339372794 0.6069719719
4.996777485 -1.866584707 0.8546124214 1.394949528 -0.3927073469 1.202670652 0.2401885586 -0.06156001057 0.3983849509 -0.3539416256 -0.04466236487 0.3059782272 -0.2716019549 0.1034145407 0.1007839733
9.239481846 -6.764144662 1.526739538 -0.5150373439 -2.387725227 1.656381327 -1.217035428 -0.7869128315 0.05762359472 -1.083203344 0.6019769294 -0.1703358884 -0.3058252524 0.01870364282 -0.5191395032
11.05462762 -4.127787261 -0.3311987323 0.3785885989 -2.790568038 0.8339674074 0.3489903681 -1.206533694 0.8890631602 0.2355632005 -0.6293280907 0.667952399 0.2729792769 -1.02959812 -0.2389553087
8.039958495 -1.789478747 1.409603129 1.209213489 -1.089875415 0.8412709554 -0.4442394924 -0.905047325 0.02267808231 -0.6099914339 -0.2494136301 0.08678197405 -0.5218637576 -0.1891014038 -0.1317481697
6.627234916 -0.6856433043 1.504285702 1.453123973 -0.4513065717 0.9472048448 -0.07980887377 -0.5589413757 0.1119896381 -0.3368643459 -0.1636840804 0.1336488374 -0.4024883431 -0.1521822451 -0.05304015574
7.226377526 -2.998426873 3.776176649 0.7864443633 -2.159268738 0.9440389128 -1.329301005 -0.3974853858 0.2801961505 -1.302217779 -0.02626868781 0.07077281593 -0.429760953 -0.02372447439 -0.363389784
11.26751631 -0.2344375036 1.125119769 0.2902425384 -2.113176112 0.5288587068 -0.4054946349 -0.7218868453 0.3799061012 -0.6787915586 -0.192696518 -0.0880167092 -0.4261194383 -0.2408678449 -0.003770494746
10.6289874 -5.276494589 1.455325122 1.846338365 -1.37062918 0.6704125925 -2.095455828 -2.204920769 0.1881533019 -0.6686946715 0.3337931964 -0.2499522581 -0.8534785622 -0.07519532794 0.68837714
5.821819512 -3.633858186 3.470575252 3.718337408 0.1533408416 0.2986949785 -1.891338533 -0.8444407144 0.3627182512 -1.402888776 -0.9038790308 -0.4403654059 -1.05865839 -0.2380912113 0.3073387586
7.483603702 -4.971824117 0.9627626952 0.4026445836 -2.019803157 1.207950144 -0.7389896397 -0.6325827416 0.248323446 -1.051201429 -0.1883160478 -0.02141598438 -0.6605143682 -0.06294338568 -0.2301285036
9.694692932 -3.889829084 0.9669798776 0.4205924279 -2.010137171 0.8527173692 -0.8981346749 -1.068763477 0.4507076315 -0.4373531447 0.0743437514 0.424252462 -0.2112734552 -0.3753730367 -0.3978869579
7.300598398 -3.37920783 1.477810216 1.067546596 -1.39059699 1.316040279 -0.2897209244 -0.5495638279 0.3168676567 -0.8277554956 -0.2881431737 0.05945632658 -0.598695114 -0.04607802231 -0.1202343911
9.285730796 0.09534827527 -0.5623737212 0.2236743894 -0.4795379613 0.4276030696 -0.2645979462 -0.696334153 -0.08028263839 -0.1213904616 -0.09572250763 0.1457750542 -0.2894824787 -0.362813114 -0.08679541717
5.536870298 -5.146323321 0.2053555334 -0.07751641686 -1.630966854 1.260016713 -0.6389781097 -0.8438502538 -0.001211401119 -0.8933552302 -0.06503769855 0.1868269822 -0.4680083324 0.04495948556 -0.2248440734
8.631605168 -2.168333055 -0.8766223533 -0.03086359116 -1.956605113 0.1460188803 0.1952956886 -0.8753567853 0.3865196092 0.3319800522 -0.5591067716 0.4492015103 0.2847934663 -0.7672074852 -0.3358131279
6.95988222 -2.793697398 0.4882626668 1.64337334 -0.5476317483 -0.01723653936 -1.693964153 -2.010183357 -0.2297094341 -0.2322994222 -0.1653188512 0.03075291016 -0.8955955647 -0.2776232045 0.6435953715
5.053611786 -2.533098654 0.2854796999 0.6907743571 -1.235188854 0.7923589289 -0.1898798125 -0.7739326521 -0.2280014615 -0.8022425715 -0.308761846 0.2198163438 -0.3011478666 -0.0469815746 -0.0800436026
6.584038743 -6.697704745 1.87376106 -0.004278204391 -2.256134156 1.492194335 -0.8829775074 -0.6237323074 0.3088531586 -0.8575940421 -0.02214321017 -0.2900965664 -0.6579368597 -0.06280568542 -0.4803240589
