4.365528 2.382562779 0.3467936505 0.8829107552 0.169031197 -0.1506605895 -0.371962046 -0.1649997038 -0.1760253342 -0.1639785709 0.2557965094 0.3818146209 -0.03685351428 -0.1774737292 -0.004494569823
4.11893753 1.431126606 0.2619850857 0.3611040299 0.05328322674 0.74408546 0.5057602352 0.225217028 0.4162257226 0.3278265422 0.05475418472 0.3161076852 0.2939146134 0.1072492689 0.1622554836
5.546887161 0.7477001919 1.938334196 1.064637707 1.2746097 -1.627611977 -1.956941087 -1.355742428 -0.304007557 0.1965609074 -1.282390201 -0.6134758073 0.1009996078 0.3230951605 0.08759947179
7.495571668 -0.1841255499 -1.413543082 -1.24244967 -0.0136659094 -0.2367987809 -0.3838056583 -0.5395865243 0.06405104857 0.3585214866 -0.03137622146 -0.3239670738 -0.08805354969 -0.2584031498 -1.242667919
3.464571616 2.49344226 0.6014258705 0.6319033617 0.2126750627 0.29102086 -0.02029425272 0.0748812914 0.152439047 0.04950392087 0.1057672716 0.147544812 -0.07909620583 -0.08843666719 0.03538107601
4.100968734 2.892312742 0.6629554454 0.4494695184 1.383234832 0.083403769 -0.05468519552 -0.09199978204 -0.1348158425 -0.342320252 -0.3994576197 -0.4976087289 -0.9481043888 -0.8012851423 -0.5833020462
1.277262288 2.159339476 1.402984705 -0.1204021585 1.263188975 -0.4865015795 -0.0999027454 -0.1230142352 0.005767394478 0.02178985833 0.07520518428 -0.1930750142 -0.01672594239 -0.1364643598 -0.110469148
7.347153921 -0.4659532885 -3.289925955 -2.590338255 0.4593557615 0.3138608252 -0.1869876377 -0.817766397 0.2442139596 -0.6830454155 -0.2954651428 -1.050436205 -1.019454372 0.3688869103 -1.150438801
3.676435213 2.324040827 0.4353735672 0.176543742 -0.3593848119 -0.1414298418 -0.407091164 -0.2932232081 -0.1924280638 -0.2193980759 0.01858832409 0.1709720581 -0.02299476896 -0.05017629545 0.06463173551
2.939030099 -1.378977402 0.2520434865 -0.2905452672 1.234556622 0.9583684404 1.362420761 -0.2057359695 0.57728807 0.6375076422 0.2533208387 -0.295920872 0.05589378678 0.4859867115 -0.7074296291
1.771710976 0.762897989 3.499246491 0.1802809324 1.610873319 -0.8169855683 -1.848263592 -1.195640847 0.1182536375 0.1400578353 -1.042018356 -0.8499302056 0.02087394354 -0.06761723522 -0.1709080374
7.583384878 -1.295376262 -0.7726387914 -0.2992848971 0.1315499632 -1.594988623 -1.678162 -1.255685972 -0.2802817888 0.5579090721 0.5707499208 -0.3717849619 -0.4548466668 0.3426686705 -1.019464077
2.787524523 1.252133369 0.4664267767 0.7999558573 0.0895237435 0.0723336519 -0.06703879047 0.1081082142 0.06032954812 -0.1300848037 0.05771513878 0.1902138669 -0.08188879293 -0.06135405647 0.1873353603
6.124339245 1.306951952 -0.3652897042 -0.3058819361 0.4192808661 0.490961937 0.4428047627 -0.180516378 -0.1620681921 -0.3314586298 -0.7510149212 -0.2547042962 -0.1918300354 -0.7282370716 -0.9204552128
0.006856184865 0.06240754382 1.641316778 0.3334525401 0.9844411737 -0.6421009882 -0.249686332 -0.2459401161 -0.1683933512 0.1391113258 0.2395039545 -0.3309743113 0.2111057974 -0.06992156092 -0.3144884159
7.259465424 -3.222193889 -2.822593356 -1.978414622 0.005794993919 -0.4215562367 -0.8258977934 -0.6009619407 0.3177992994 -0.2507948456 0.4798230485 -1.543367585 -0.6886613304 0.1119626269 -1.332120874
3.478160113 1.601722716 0.4845200702 1.142987063 0.09788666743 -0.3978337028 -0.6838881692 -0.4359967855 -0.1447777854 -0.2853103523 -0.1083907285 -0.002646834821 -0.1654435134 -0.1524160426 0.1984649735
4.253517197 0.4734267102 0.1204762346 0.5016069539 -0.02560423021 0.722922181 0.6115510262 -0.1264508547 0.0326756096 -0.0398673352 -0.3704574165 0.05024651851 0.1932361542 -0.2114650938 -0.1098597392
7.454047712 0.001229232444 0.355438159 0.3238255507 0.9404582691 -2.077445941 -1.838678662 -1.691449637 -0.4545905465 0.4347957639 -0.4118178072 -0.449200112 -0.4354315563 0.6849892015 -0.366049279
6.369504942 0.08429242702 -1.33060083 -1.847823066 0.2076091462 0.3233849763 0.442214981 -0.6696967016 0.1253404634 -0.07067877137 -0.2978301807 -0.9083453214 -0.6278069411 0.03014627577 -1.420782729
2.895802311 2.277189031 0.7765361932 0.9563232713 0.2079572173 -0.04356720553 -0.2293833145 -0.04858678843 -0.172049602 -0.3853932154 -0.07667488952 0.1898397384 -0.09646595854 -0.2056150467 0.03715645664
5.953473858 2.002108553 -0.5648572297 0.6421961485 0.877611951 0.607836357 -0.2312401778 -0.208710119 0.05369338037 -0.01979730863 -0.2683033347 -0.6087507052 -0.8564605371 -0.7593070506 -0.6012975687
1.499307456 3.438758482 1.69430348 -0.8047983849 2.759300231 -0.9278295356 -0.05090650604 -0.7497934611 -0.1109820065 -0.1259949335 -0.7349854626 -0.6901022154 -0.8084311893 -0.7277053286 -0.598175505
7.481686797 -2.036042805 -4.024880404 -1.891848746 0.1016335812 0.143819441 -0.4405792934 -0.4423149198 0.02840429965 -0.537350928 -0.1308161661 -1.180759192 -0.7375222774 0.2156345499 -0.9239806441
3.532258971 1.861823953 -0.2239240638 0.1879223326 -0.2279493685 -0.131050259 -0.04569094721 0.1978956131 0.09926018022 -0.113301049 -0.01409892716 0.05662362965 -0.2338386705 -0.3008270613 -0.003308473301
1.669684334 0.2254799794 -0.06030212966 -0.7329616799 1.107643262 0.5078253338 0.7613130232 -1.038455875 -0.1052290851 0.7018477033 0.9964581326 0.1018414587 0.01052470388 -0.1044848124 -0.5716485631
4.051440698 1.503613707 1.800145183 0.1758347104 2.591678553 -2.256292266 -1.861500157 -0.1499880365 -0.4667006221 -0.395099165 -0.697953249 -0.8544543638 -0.3675387677 -0.02356173155 -0.4036535136
7.439207957 -1.92798972 -1.200633705 -1.192230324 -0.3325406958 -0.7392280887 -0.970265947 -0.8181035645 -0.1397063537 0.6891710041 0.7426836891 -0.5400491295 -0.3568706398 0.03847433014 -1.367641835
2.124073781 1.690606447 0.9583846741 0.4126178433 -0.01413762816 0.4518408352 -0.1193519078 -0.2244697292 -0.0272221687 -0.09311005061 -0.1388687681 6.502403739e-05 -0.222472625 -0.1810230172 -0.01302553022
5.502647132 1.36944951 -0.2668700669 -0.3140461058 0.9368097783 0.7223182885 0.1605524451 -0.1039682177 0.01588171897 -0.3607334236 -0.9891016145 -0.743839278 -0.5176090742 -0.6072725895 -0.8445284113
-2.541495508 1.79245297 3.436493319 -1.086900499 1.936906651 -0.5301360551 -0.4225718872 -0.545059345 -0.007647835243 -0.1300757781 -0.6848429258 -0.7301152444 -0.2435674239 -0.5260948583 -0.1959730803
5.575517726 -3.243524342 -2.645850495 -2.187895845 0.09462754291 -0.5997145536 -0.8242916586 -0.5610076558 0.1863103511 -0.1348979733 0.3839531343 -1.329119523 -0.7885070626 0.2593472638 -1.494727528
