2.911543011 3.494595573 -0.5008780536 0.8402287852 0.8040318908 1.213172728 0.1089942873 0.3381391703 0.3293016218 0.7281509287 0.3572469278 0.3093269781 0.06561411195 0.1187663795 0.006423980868
4.046130437 3.565924324 0.2638729744 1.256120299 0.460246177 0.7182462553 -0.657185664 -0.4129917434 -0.1661697389 0.4922858901 0.2338067209 0.4468678452 0.3118114054 0.4453420261 0.1736042215
2.086156779 2.521381036 0.005323439344 0.9064979608 0.3629657248 0.8234602942 0.2255621503 0.571577698 0.4783578994 0.7996292682 0.3379943006 0.2491053507 -0.04145427092 0.1032251096 0.09669504628
4.169796351 3.57683996 0.7789916804 1.680100891 0.4975132037 0.5412864791 -0.4698461191 -0.3335743089 -0.3881406176 -0.01040611719 -0.7431628207 -0.3005520091 -0.01107047161 -0.1321224743 -0.310522996
2.392855344 3.335699251 -0.5671009173 0.6704419978 0.5558495933 1.16656174 0.2614627154 0.4488500822 0.4762899323 0.8129165731 0.5143340333 0.5064543875 0.1051422429 0.2019635359 0.1529472646
3.387758515 3.727056542 -0.2675202345 0.9573688157 0.7672769052 1.26139088 0.2610772391 0.2260426575 0.04770106257 0.4504642756 -0.1187095902 -0.122529194 -0.3219894554 -0.2253882718 -0.3299483569
1.724291293 1.808168719 0.1933118344 0.9106587535 0.4719826803 0.8721781462 0.3437475348 0.4966293687 0.2667550089 0.4579983932 0.2613207039 0.2735103215 0.00669274996 0.08829265981 0.020001042
4.09714065 2.259004574 0.02700766622 2.28188693 0.4712287015 -0.5799750019 -1.167190739 0.1584672561 0.103203672 -0.1774604571 -0.4396331184 0.1890531721 0.2513441139 0.03734685064 -0.3202145798
2.611541147 3.145496311 -0.795858228 0.7649050798 0.9442270731 1.590323819 0.6004130543 0.6647315278 0.4950582095 0.809432516 0.3931965737 0.2318042226 -0.1862099775 -0.07605661487 -0.06697485757
4.203005368 4.013979032 -0.1606441931 0.4566423168 -0.1139642724 0.3564493458 -0.5322369525 -0.4992155498 -0.4623164317 0.353654201 0.2921848517 0.5366760413 0.6633403111 0.7158330998 0.09084052202
2.192365937 2.537856634 -0.05846087763 0.9574278655 0.5869093952 1.330003805 0.4340122537 0.4367330723 0.1670276578 0.2765271605 -0.06416779663 0.01709157439 -0.2411663321 -0.03996383201 0.05625765314
3.771569536 3.120319254 1.543306317 1.819392811 0.1165646231 0.4454485725 -0.3881092869 -0.402006684 -0.5505324143 -0.1086691482 -0.8399018764 -0.4047318317 0.08684364551 -0.3032251852 -0.5575492868
2.334384458 3.272718775 -0.3944476745 0.8965269794 0.7678224789 1.118890346 0.005484527324 0.1100975818 0.102798134 0.5797689453 0.251555121 0.1009588023 -0.1640121188 -0.05577356479 -0.0415206799
4.780752286 3.660850908 0.3736578611 1.590748402 0.7848532199 0.1885513414 -1.606193854 -1.154650295 -0.5641651796 0.347304094 -0.4207396341 -0.4598040015 0.06717208611 0.155521243 -0.1342088611
2.206050736 2.269383247 0.3459108226 0.8158907391 0.1677573954 0.5147117571 0.09782757522 0.3536375394 0.19345869 0.3685058642 0.04604885891 0.07065627167 -0.08856260347 -0.02908346162 -0.07731506622
3.990330714 1.838319404 0.7775348994 1.88079523 -0.3949403911 -0.6739973033 -0.7068431521 -0.01350026022 -0.325149944 0.244318023 -0.3341362235 -0.09198665582 0.5229709826 0.09146875971 -0.6342607702
2.598057751 3.205119569 -0.5010643585 0.9602693533 0.8796914075 1.321162532 0.288490718 0.2614849034 -0.002547973652 0.2706412292 0.0693287815 0.2633432447 0.05651710716 0.2045575975 0.1454376433
4.866907462 3.87180168 -0.1621213138 0.9750231176 0.2950642468 0.3475309277 -1.034362563 -0.9808557298 -0.5163796924 0.4398963688 0.2266816205 0.3515358298 0.294187808 0.08775543356 -0.5048539276
2.305228997 2.605513947 0.113050021 1.058778243 0.494121795 0.7697841018 -0.04293045769 0.05152839172 -0.111550337 0.3491929541 0.2798325787 0.3166786828 0.02780445082 0.0799562483 -0.002569844739
4.092543245 3.097688569 1.108553064 2.04989956 0.5296729279 0.1266688881 -1.17536171 -0.7572515126 -0.6199868601 -0.4417318457 -1.297761272 -0.5306299708 0.2538164078 -0.003057089384 -0.2545091605
2.481832588 3.017236472 -0.8340738208 0.4958632423 0.3843077388 0.8692005301 -0.03212696376 0.2832315007 0.3321622332 0.7098618423 0.3666604833 0.3635275552 0.05330641998 0.1947526454 0.1640493297
3.07174827 3.579736849 -0.1450803758 0.7398851197 0.2131073124 0.7358190976 -0.0731210126 0.08796257379 0.04825920323 0.4010132999 0.07739556624 0.2208268319 -0.004882678084 0.07994423855 0.001675223459
1.810942078 1.846706618 0.5487561936 1.071706677 0.4822391722 0.674565811 0.1078915521 0.2415248539 0.05204752454 0.1658482866 -0.067626175 0.006866377302 -0.1304941881 -0.009243810346 -0.02112867663
4.130764301 1.796451065 -0.2646168359 2.044874075 0.149666233 -1.046715558 -1.538856664 -0.2613983461 -0.1885135789 0.1283037541 -0.5174475607 -0.1255501099 0.3941491581 0.1944396648 -0.4733388944
2.263569955 2.749232319 -0.9458719242 0.7595892338 0.7731867278 1.36409307 0.2686407246 0.5058011825 0.502423145 0.6463689923 0.1420445654 0.1068645174 -0.07414760058 -0.002332909488 -0.06300985214
3.79096449 3.578016449 -0.2620422403 0.2816139704 -0.3400750088 0.3241083627 -0.6813618116 -0.6054295116 -0.4881214907 0.2029199759 0.097806075 0.3406179461 0.3410368315 0.432287919 0.1131367153
2.939782997 1.934048529 -0.5810219584 1.159484726 0.8088031806 1.086950831 -0.1440912619 0.1389609318 0.2067884921 0.4619963798 0.07479717472 0.04960751906 -0.2023149805 -0.04670770443 -0.0007862018482
3.542066611 2.382838478 1.310515564 1.834150726 -0.1365350513 0.1168862965 -0.455619699 -0.2567675587 -0.5979102676 -0.03803863981 -0.6354329002 -0.3215710045 0.06617788233 -0.4790485724 -0.8596127391
1.999619209 2.708898912 -0.50747664 0.6031763601 0.3425297732 0.889388367 -0.09929261743 0.05564744644 0.06364587366 0.3244037832 -0.04181527193 0.04864119756 -0.08187634594 0.08361558706 0.09759898849
4.200054104 2.917546543 0.2397741456 1.513254418 0.4353983751 0.1558629059 -1.688159042 -1.145088486 -0.215554374 0.02338905546 -0.5972481638 -0.1066076239 0.06603635915 0.1410272179 -0.1018104767
2.009857105 1.792087346 0.03087143205 0.5381003772 0.09852580424 0.4190466305 -0.0004155553656 0.2369391357 0.002482391659 0.1868086619 0.04085284794 0.1547987073 -0.08679279346 -0.04793870669 -0.06374041926
3.374514793 1.875181176 0.9847096522 1.839698195 -0.5066277684 -0.5903625754 -0.6253137583 -0.174645839 -0.7445534783 0.1439640328 -0.6101788708 -0.6098872921 0.3350707052 -0.2948097508 -1.109609292
