5.446984679 1.609605518 1.555349435 0.6434530402 0.5798918686 0.420520332 0.2035374762 0.59164159 0.6594697156 -0.1902590476 -0.09291192673 -0.2412174875 0.106207295 0.06993593632 -0.09118204495
3.331812405 0.9450217662 2.369928137 4.100612473 2.258182726 -3.052082095 -0.1413200086 -0.6913511218 -0.5183896126 -1.236472078 -0.2285706353 -1.42979932 0.4053450867 -0.1460279623 0.03274951298
3.949628082 1.819801461 1.499141895 0.5396722292 1.158196203 0.2150514544 0.3927191327 0.1847096205 0.5347223258 -0.3085092361 0.0448775641 -0.1829073473 0.09514747495 -0.02424704432 -0.1389054354
0.4171140652 2.172730415 1.687960391 0.1412879835 0.6936448605 -0.1219176932 1.019851421 -0.4845888301 1.066033769 -0.6878115658 -0.008736678588 -0.3038646235 -0.08266313813 -0.6750572407 0.1450402233
6.725691501 0.2490336796 -0.364063558 -0.9691997028 -0.2978121352 -0.5584764024 0.9566650355 -1.660625104 0.659390485 -0.2433414358 0.6696341604 0.2565586308 0.2303458784 0.03543574642 -0.676533753
3.987519868 0.3399892917 1.322600909 2.94448022 1.211375383 -2.217475743 -0.1181711835 0.08262718296 -0.5507858053 -0.5671458597 0.09997880584 -0.7979954274 -0.1351825375 -0.381546922 0.3563811434
2.964363345 2.080271916 0.9332833691 -0.2425411647 0.01990102528 0.6717174375 0.4805959861 0.3769548025 0.7167229329 0.035725312 0.7459799127 -0.25226018 0.2814430966 -0.1678420754 -0.2905185903
-2.830394609 2.355335152 3.327861373 -2.498205615 0.7902207876 -0.1688625236 0.8423257148 -0.3713566073 1.220847689 0.02625681841 0.2096063197 0.2679182206 0.02556627543 -0.5537781193 0.2084527582
5.150159971 0.9114814549 1.528617884 0.8632681031 0.8831698286 0.5560425376 0.004347847195 0.5605797059 0.511505881 -0.223610786 0.1122448171 0.03007529711 0.3384437333 0.1594961283 -0.006008524178
3.375415358 1.752398674 2.685677837 2.982232198 1.827598373 -1.893659412 0.3340894476 -1.381880568 -0.453898134 -0.9829670355 -0.5755152554 -1.450328708 0.5522564594 -0.1593360499 -0.008286806855
4.291307686 1.688033572 1.195647033 -0.210688777 0.5356121158 0.5659073177 0.7242487594 0.4131310477 0.8412581492 0.06108589362 0.7155224243 -0.2782763764 0.2291489798 -0.2052775452 -0.2793910671
-1.842098387 2.701029999 1.608779623 0.3920322919 0.9331313838 -0.6755896929 1.535266287 -0.6666910376 0.9076374017 -0.7268701472 0.1132433072 -0.4500388578 0.05676134841 -0.7264706776 -0.1247595274
4.640580347 -1.304732441 0.2226181456 -0.5447764698 -0.6861092101 -0.02053799458 0.4804115428 -0.04483899941 0.08774562209 -0.3123591807 0.4255984635 0.1683856369 0.3548397117 -0.2362944002 -0.6325094195
1.837406412 0.1882490407 2.568460732 0.9783847872 -0.1429813875 -1.343046321 1.59140913 -0.2504350473 0.4014783302 -0.1375722488 0.05006304198 -0.7056919866 -0.1099342524 -0.8339245309 -0.04868729424
3.040616274 2.025872604 0.987702361 0.6142062107 0.1104110348 0.1538690473 0.2011483386 0.279058858 0.3249295853 -0.0553048683 0.1585241971 0.02641200104 0.04951518911 -0.09823839515 -0.1053251704
-3.360781994 1.679595135 1.586073649 1.229077455 0.9388261983 -0.122541702 1.58079173 -0.8783964998 0.7920744276 -0.8927708255 0.1172754237 -0.4029006026 0.3759743249 -0.194764623 0.195393639
5.833118724 1.488880561 1.536113136 0.5781405775 0.2201632291 0.4594129369 -0.3046996031 0.1938540161 0.3917218327 -0.3678699514 -0.07338809644 -0.4186303069 0.1474984407 0.2364230623 0.009065978692
3.291243087 -0.5764917439 2.380678834 4.306242881 1.822402445 -3.051808833 -0.1366663134 -0.8029470157 -0.7893803858 -1.003823919 -0.4603336012 -1.37718943 0.6810973815 -0.1237517306 0.2680166985
4.195657933 1.526888907 1.095018202 -0.05366813974 0.7916234839 0.3026180216 0.1825150751 0.0534237258 0.4297970529 -0.4092527456 -0.08967726375 -0.3762957746 -0.1799527692 -0.1527815733 -0.2642017146
-1.34504436 -0.07111464333 2.250105257 0.8681944558 0.4008530596 -0.9260834081 1.368364428 -0.3773941264 0.6216479744 -0.3885113959 0.1643041532 -0.4182800039 0.2481214095 -0.4280035856 0.1111568096
6.107785487 -0.9491004159 -0.8477371696 -0.2891704959 -0.7126671568 -0.3263355354 0.6542425902 -0.9513633421 -0.04020756059 -0.1914182386 0.6166695998 0.1633239594 0.1833929651 -0.1857595949 -0.3606516763
3.459338747 -0.5172371448 1.730728044 2.757139997 1.2229929 -2.294440617 -0.5107934786 0.08578810857 -0.01959388493 -1.264253423 -0.331778525 -0.8710874027 -0.813801798 -0.1489580712 0.9015670824
3.549366956 2.193893481 0.7683487065 -0.2422272034 -0.1577249034 0.2609840941 0.07935810488 0.1684564516 0.5765990412 -0.03741020535 0.5858809409 -0.2528522286 0.2047570433 -0.2626146302 -0.2730188017
-4.461501135 0.6491515921 3.952360351 -1.26172046 0.6781161681 -0.1394187708 1.121770663 -0.6691480943 1.007838849 -0.1142477115 0.1514570054 -0.08177451333 0.3125619632 -0.1626069974 0.3740376828
5.45409196 0.6948122406 1.370155733 0.4001031097 0.5960992365 0.5964418092 0.1133144328 0.5630564829 0.5414668621 -0.3521522576 -0.1309723071 -0.215042002 0.07800338383 -0.04404639039 -0.2154321778
1.870054749 1.729013441 3.338659835 2.597876267 1.009372436 -1.23544709 0.576193403 -1.181841749 -0.1683643647 -1.342204227 -0.328638954 -0.8833074757 0.1513888793 -0.3336575189 0.3711354132
4.174518812 1.469685852 0.7930989721 -0.633284509 0.09439968063 0.04638461561 0.2897916232 0.01016464781 0.5905325195 0.04162174092 0.7078326008 -0.1451497484 0.2546914904 -0.2518281755 -0.3322593737
-2.037011745 2.831589185 1.273181809 -0.103302136 0.4312577561 -0.9854717611 1.173596859 -0.9393899088 0.8284611955 -0.4688922466 0.1583091426 -0.4028511041 0.07845898501 -0.9206035929 -0.1892217478
3.541961878 -2.019316494 -0.6515113856 -1.243760878 -0.3992518672 -0.1095954632 0.6991520705 0.5163786431 0.09148620679 -0.3209282134 -0.2100010221 0.06532241333 -0.02354065001 -0.5347087936 -0.7437078097
2.517743148 -1.092356269 2.2669039 2.211862979 0.5925495014 -1.146603005 -0.398912436 0.2192133647 -0.2241696251 -1.591855758 -0.5755652354 -0.7625750522 -1.393624347 -0.5574199577 0.6312503486
2.686200292 1.534265907 0.6500626562 0.5124675919 0.2557114033 0.0424082851 0.09159951781 0.05838478966 0.139242417 -0.1909827922 -0.1188664055 -0.1553778956 -0.1667604542 -0.1649391559 -0.177210303
-4.162192123 1.292469495 1.082817993 1.282100184 0.9526798886 -0.07902880546 1.131560248 -0.9315903074 0.7892827846 -0.7425327859 0.09361405206 -0.3987383529 0.1123060674 -0.4880567934 0.4340090705
