11.66798746 -0.9110311406 -0.5360147868 1.15744477 -1.166348597 -1.58176296 -0.5247673676 0.7469322541 -0.4026270125 -1.179151002 0.3903685118 0.2364494371 -0.5420159285 0.7703282734 0.544774843
8.031268934 -2.021912526 1.290946302 2.551641933 -0.5828856901 0.08531347254 -0.007247637113 0.08823668592 -0.04538814174 -0.591615295 0.2013854096 0.1736430739 -0.5518565493 0.1077408873 -0.03249230637
0.7618787409 3.853366715 1.616325179 1.818798129 2.063796793 2.693174066 2.276901469 1.380166995 0.2600094739 -0.1036087513 0.1742922718 0.7492789417 0.9961956029 0.6563308789 -0.1642825083
4.735511729 -1.484755133 1.738774662 2.848568422 -1.73856731 0.9600833928 4.13867004 1.12395542 -1.313714052 0.763441072 1.442057272 -0.4806608329 -0.7842625108 0.1223420307 -0.3900192251
7.787075325 2.467787495 3.535726374 2.92340023 -1.748466305 -0.8470305894 1.501942872 -0.337291007 -1.780950031 0.3134272383 0.8749116288 -0.6525222139 -0.6457347856 0.3933866303 0.0323622648
10.72899406 -5.871348129 1.560601513 1.571447314 -1.643977927 0.7638212949 -0.2759521909 -0.1195420471 0.06601558645 -0.8422323469 0.3415286887 0.0281636067 -0.7067090228 0.2653930803 -0.1288294139
4.078972223 5.213604814 2.608351164 1.937881778 1.041434045 0.8879697365 0.4447131779 0.04369417777 -0.6792273343 -0.8465577934 -0.6193120623 -0.04165942153 0.2895440208 0.3177038776 -0.00637119142
4.158053925 -3.24811199 -2.29290537 3.285556858 4.25591972 2.227816367 -0.8543885261 -0.2621072384 1.054573905 0.1831506922 0.04104397925 0.872152 0.5219653538 0.1189716059 -0.08396168516
9.724535926 1.369104721 -1.054773982 -0.02177440281 0.01070761521 0.292097737 0.00288271695 -0.4625716047 -1.188865316 -1.214053689 -0.2735511236 0.247124496 -0.1540640059 -0.1599914797 0.018428275
7.743591482 -4.473650758 -0.2154901682 1.544908499 -2.264095056 0.1260173288 1.61680158 -0.4274489747 -1.182170281 0.5634670421 1.381882768 0.3027743059 -0.08359952632 0.2350997888 -0.5479626261
3.342782696 2.762159028 1.351221651 2.278298636 1.30344221 1.537848973 2.099366655 1.629179652 0.3393805011 0.4138613235 0.93428167 0.3381670047 -0.8651986197 -1.416657817 -1.400320449
2.049649408 -4.875090489 -0.5733600645 1.497587164 -2.02864029 0.6418282291 3.190274379 1.685124522 -0.1832136306 1.197184307 2.452383774 0.6179964089 -0.2824794046 0.420221079 -0.4461652937
4.490394152 -0.5823473105 1.01301811 4.256336711 0.542573857 -1.7029504 0.06267423691 1.419112623 -0.2797093296 -0.881024715 0.5038665512 0.6126472746 -0.1993188036 0.01884796035 -0.3491275399
5.045720415 -6.648179879 2.173556473 1.259379908 -1.359265945 1.137507575 -0.5919684992 0.1581366555 0.07594988317 -0.8297551579 0.8582218442 0.09979263711 -0.6303868129 0.3658490888 -0.3335477234
4.597259673 4.914580105 -0.3055957463 -1.658354505 -1.300492923 0.2587592736 0.651473274 0.2346614686 -0.471757093 -0.4072420694 0.08478792357 0.4840655933 0.2500888241 -0.3309549668 -0.7326092435
8.296278462 -1.022351798 -2.515125905 0.4348916812 2.261794074 1.718646239 -1.853316525 -1.668160583 0.4623098194 0.3107644467 0.009862684689 0.4571243539 0.4131196259 0.1881116969 -0.2134584366
13.17613671 -2.919348094 1.046748059 0.7495656889 -1.402632901 0.008385134232 -0.7214172258 -0.0536291723 -0.06802368174 -1.070072996 0.1744075021 -0.06746699689 -0.623372892 0.5196189196 0.1845544301
7.016491181 -3.963498864 -1.195836174 3.977989255 1.393252125 -0.7275050546 -0.5641062104 0.4591692634 -0.07623462436 -0.63826537 0.3452398937 0.6384743972 -0.1844636795 -0.04265738466 -0.05353000167
-0.6961496306 1.626056438 -0.1421381495 1.333989562 1.9951668 2.177791239 1.800942053 1.827001926 1.364964786 0.5000204171 -0.09094607758 0.2507350358 0.8261552414 0.8278512626 0.1228220666
5.664181574 -3.653152391 1.702552373 3.311583001 -0.4190730227 0.7653762363 1.003834559 0.5683018837 0.02568654033 -0.09385968976 0.9245124828 0.1583264143 -0.8552952225 0.3225808362 0.05679682403
4.993196735 0.4707039728 3.088812511 4.515200673 -0.4752426539 -0.5646125435 2.360489538 0.889898682 -1.661678886 0.1086689137 1.522692855 -0.2762123587 -1.161634837 0.1785862379 0.1478055513
8.705214787 -7.897611991 3.201036679 0.9928725193 -1.776341961 1.300056251 -1.031030427 -0.1995224889 0.1069442966 -0.9665647187 0.6341633898 -0.06288659357 -0.588133419 0.1849996301 -0.3452688581
8.028948806 3.573320156 1.38737717 1.669775315 -0.145376867 -0.7789451031 -0.08196633181 0.06620932414 -0.6758613274 -0.3669806624 0.1233875818 -0.004761110987 -0.2338712292 0.0007725701731 -0.1116456395
3.61563699 -3.793639952 -1.539221274 5.376790925 3.30993594 -0.537598784 0.1539394201 2.203017106 0.8984863639 -0.9500372313 -0.7338719761 0.4131104227 0.7510350592 0.7432837347 0.4501443532
8.854377271 -0.2412320469 -0.1624704302 0.7907774035 -1.287999024 -1.228659138 -0.3473566747 0.3191672897 -0.3140246289 -0.8112666986 -0.04410218059 -0.009473201385 -0.440752031 0.4659497554 0.599586173
7.746183519 -4.787296522 1.012339063 1.728584571 -1.243507513 0.4652528624 -0.3143117118 -0.08487593268 0.1530114949 -0.6500364302 0.2909844698 0.1088879261 -0.6796757203 0.1721197222 -0.06996937885
3.094963289 -0.02661929701 -0.4204245675 3.26636089 2.000394426 0.1690565403 1.305169575 2.955122909 1.418789583 -0.1625604541 0.638013999 1.103720624 -1.130980933 -2.681794476 -1.168090405
4.176673465 -4.460944921 -0.1173038318 1.975949212 -0.915334664 0.1502214065 0.03901176141 0.3199463513 0.1553249599 -0.6309210135 0.3169601453 0.1928386655 -0.6890844475 0.2461234752 0.08140985502
4.447716342 -2.600394095 0.5752591215 3.355093423 1.382613295 0.3450735993 -1.901632068 -0.9423809991 0.759800918 0.08967513678 0.5895537393 1.155671458 -0.3128580966 -0.8835379755 -1.008329575
4.424716757 -9.960644612 3.920783071 2.118165224 -1.330254665 1.904006412 -0.8137962569 0.1484572079 0.04326727001 -0.9181212016 1.18213073 0.05688529623 -0.488613254 0.185514859 -0.5335987598
2.824059299 4.055331835 0.127140991 -0.9894915759 -1.645461116 -0.8520286498 -0.130459034 0.2053797694 -0.3042026277 -0.3290338655 0.1421816738 0.3073057066 -0.2625750163 -0.71482089 -0.6025336504
4.963232496 -2.999443532 -1.266809307 0.9231004334 0.3678934176 0.9855013857 -0.9755822185 -0.1486969069 1.024588359 -0.4760183945 -0.3203660592 0.3377580119 -0.34182877 -0.04057441514 0.01025327584
