2.762786753 2.591532048 -0.2771870594 -0.04866769367 -0.02809032398 -0.2436704746 1.371667198 0.1806507165 0.6487559601 -0.5473363465 0.1442849596 -0.1212303525 -0.03426769198 -0.1960914491 0.07419178278
2.011407397 2.46553324 -0.1345547348 0.4616912527 0.9144307212 0.4120384834 1.308525273 -0.09869409717 0.6022348471 -0.3556967452 0.2596228258 -0.2625175849 0.1088894571 -0.1418405724 -0.05506782597
4.305716678 1.49210407 -1.833794533 -0.4434826475 -0.2416696953 -0.9863543351 1.404353454 1.012582849 0.7072194746 -1.467902751 -0.5164237376 -0.2768332545 -0.1712557963 -0.8553970831 -0.1710923894
0.2465520554 2.153296023 0.4770131393 0.8077251575 0.5213934316 0.5087653424 0.4889417364 0.2239918533 0.2944027608 0.262666537 0.3454135985 0.2562080595 0.3871801536 0.2935868196 0.2481086031
3.871143625 2.588935048 -0.6001858874 0.3323654591 0.8493113956 -0.3465055334 0.6255352546 -0.3244855638 0.007273837449 -1.64579061 -1.010392672 -0.6030002265 0.4179947939 0.03957315381 -0.1294181472
1.36284444 2.010672052 -0.5978788228 0.08652786475 0.6126179323 0.2138126154 1.16739617 -0.2639763294 0.6031590873 -0.2239356602 0.4969918593 -0.08527485282 0.2843173674 -0.01816163584 0.03297148106
3.297361528 0.9529124015 -1.655255307 0.08604561523 0.9877773508 0.3493514042 1.321533583 -0.3323036868 1.08237602 -0.3739850943 -0.1225654217 0.00121527402 0.1888033934 -0.2307594538 -0.7514225678
-3.532707869 1.153234364 0.4793367141 0.3007243198 -0.4331991607 0.9711379094 1.152023176 -0.1526891859 1.085658022 0.1521200411 -0.4534926823 -0.1923431231 0.6659079216 -0.3584326459 -0.8765278846
3.154975602 2.215497944 -0.5137487826 0.5742298283 0.6961114514 -0.3386999556 0.8190948296 -0.007090002315 0.5940165698 -0.9501999618 -0.3965656678 -0.6272628097 -0.2013510465 -0.5644147223 -0.3944001965
1.937947804 1.594743722 0.7264275657 1.208045849 1.226590805 0.04568801094 0.226912547 -1.06335011 0.1367463234 -0.7501687893 -0.2256776451 -0.7208000746 -0.3312408208 -0.3549343431 -0.1516112956
3.978511611 0.7988492684 -1.15456777 -0.6366584094 -0.6322259377 -1.115242868 1.059781597 0.4963970476 0.8794463993 -1.790264414 -0.5803776703 0.3429891028 -0.4428352214 -0.3234892201 0.6571253571
-0.6328797407 1.36021913 0.6421480654 0.8749800936 0.2328426136 0.2006347048 0.8369026538 -0.5233104877 0.5134909712 -0.27471164 -0.3863720847 -0.383043763 0.4371981522 -0.2998691455 -0.6940077057
3.289912626 2.746901173 -0.1675351056 0.263083464 -0.037993732 -1.017086318 0.5007735355 -0.2803952865 -0.2978684321 -1.820510129 -0.7237412974 -0.7176132079 -0.331279515 -0.1833178921 0.4463132619
1.694315331 2.273490854 -0.5410862672 -0.08841870142 0.4182282243 -0.001311006532 0.9926952929 -0.444403501 0.392209972 -0.5137124757 0.183515327 -0.3732386798 0.03226809159 -0.2327510018 -0.1234364989
4.815639151 -0.8499885118 -3.772825433 0.07507639274 1.274316353 -0.2761398406 1.068197342 -0.3151297865 1.643954988 -1.468114949 -0.7392476422 0.6464488504 0.3143770823 -1.09329518 -0.7335201053
-4.903913516 1.027263628 1.260700282 1.2052168 -0.4714694086 0.4342379191 1.113090342 -0.1082351659 0.9851993848 0.08445230538 -0.5755654871 -0.2071466948 0.6957875035 -0.2499169172 -0.8422348848
4.050649141 2.776614878 -0.322531644 0.3004403547 -0.3429247402 -1.007462045 0.6500940712 0.2697819477 0.4275947956 -1.364908048 -0.5466990176 -0.467055091 -0.5881307032 -0.5235498447 0.3017615076
1.453457684 2.210035462 -0.3433016774 0.2644823333 0.7324915302 0.1757886926 0.9646177041 -0.5746974378 0.2064580144 -0.6597369019 0.0136430029 -0.5602798834 -0.1616341333 -0.3442777216 -0.1850067553
4.051578475 0.8889618962 -1.938528539 0.09415319484 0.2164353101 -0.7376468496 1.426191907 0.7768849366 0.2751983089 -1.69166219 -0.1588741082 0.3286432662 0.01655581981 -0.953207748 -0.5457432388
-0.6056763431 1.872055922 0.02038668707 0.5493912522 0.5661375125 0.7164059183 0.7375798137 0.2606426413 0.4768247405 0.3694499854 0.4954511741 0.1864471167 0.1858353413 0.3247481987 0.3127026708
3.999035285 1.851052034 -1.221727418 0.1311853087 0.6268850653 -0.974526854 0.4569093538 -0.0005379074674 0.1359247658 -1.98099788 -1.124440856 -0.4197333639 0.6292359991 0.0867257579 0.01944977989
1.208634424 1.839694315 -0.7231030646 0.004989449533 0.7014933617 0.3638889633 1.317542659 -0.1698902655 0.5861601771 -0.4414387705 0.09476190712 -0.5303493146 -0.1041274986 -0.3575154494 -0.2502491055
3.222355184 0.2027105143 -2.532587771 -0.1344265004 0.7381592472 0.02054940384 1.199320901 -0.3817307055 0.746876877 -1.111282303 -0.3879931541 0.01085686992 0.1554005214 -0.4501492874 -0.7049464322
-3.287003159 0.3118245398 0.4597848308 1.597352354 0.04987759366 0.1981680579 0.7723837439 -0.3822917621 0.7487464581 -0.08414883011 -0.6346240944 -0.4775843607 0.6326706967 -0.1721837315 -0.8249879934
1.411502627 1.434544209 -0.7914150294 0.5022240884 0.7364033467 -0.2926929056 0.8969414273 -0.06795133743 0.7012606499 -0.5906777535 0.04274303919 -0.1951363899 0.2135404309 -0.2525272052 -0.1848836677
2.170045718 0.2055018331 0.6238418931 1.739906745 1.556909363 -0.4493088207 -0.6305566065 -1.414577951 0.1917423145 -1.143737923 -0.3672524821 -0.4141366589 -0.3619653903 -0.4176138908 0.0859283894
4.203598985 1.104947291 -1.455381594 -0.3445379592 -0.09324685073 -1.819597556 0.3931089093 0.3462023846 0.292502549 -2.208995123 -0.5618970741 0.5734000708 0.3640449001 -0.07263458607 0.3627018345
-0.3189850159 2.714680425 -1.290859673 0.4512208579 0.5081667768 0.3483184154 1.245406491 -0.1752094303 0.2195641982 -0.5801768154 0.0002503443677 -0.6202318144 -0.14841075 -0.1460169613 -0.1721702422
3.386805926 1.272068662 -1.160718186 0.5401106802 -0.1195756116 -1.729258715 0.3135846224 0.1647341245 -0.524987423 -2.510053478 -1.154703522 -0.3780174295 -0.08324399402 -0.04422094882 0.640323327
1.091796997 1.65156156 -0.8952143417 -0.2733785785 0.3083589333 -0.104230713 0.881519573 -0.5221892573 0.3430600193 -0.5267645117 0.2080374142 -0.3510642957 0.03950429673 -0.2231045356 -0.1033026307
3.701449327 -1.143512885 -3.685441592 -0.09999289994 1.123910647 0.211957607 1.294892777 -0.1579373988 1.359693123 -1.464127251 -0.6967161075 0.1457869876 0.3099065052 -1.111129494 -0.5707585467
-5.478481852 0.3382897258 0.7428240589 0.8479550031 -0.6452245579 0.3356728932 0.9170085555 -0.1531306317 0.7908665829 0.1714193046 -0.5360671535 -0.2853465026 0.5938964522 -0.293323221 -0.911692483
