4.233117252 3.192617176 1.45669198 1.580110087 0.7753175719 0.4098911399 0.2305979548 0.3128064193 0.008178267838 -0.2162286605 0.005721023311 0.1560521429 0.09584738225 0.1477701151 0.1108747966
2.84250928 2.814765314 0.760769671 1.192702963 0.7060985876 0.4950733123 0.2959237436 0.322622582 0.127907634 -0.1058004322 -0.06280161438 0.09216533349 0.1123114667 0.1535559964 0.143573719
8.147451431 4.496828408 1.027078066 0.2731265427 -0.1742019462 0.1636746996 0.1454580399 0.2309002984 0.01407617113 -0.07444017627 0.01753542195 0.08488369813 -0.02947736058 -0.03488142059 0.03994450654
2.21264107 1.020582722 1.183758747 1.056373361 0.1144000747 0.2689529538 0.1311484745 0.3378981758 0.2454410451 -0.05391708342 0.08356373371 0.3090606884 0.1696487585 0.1308325152 0.099842126
7.740997713 1.176048162 0.6577582632 2.097381475 1.775377539 0.5266696049 -0.4985073483 -0.6336143223 -0.2233210092 0.1479701057 0.3488094163 -0.02837290383 -0.6264300269 -0.2773877956 0.4240214807
4.140985336 2.468370891 0.2852539943 0.5033052041 -0.20125378 -0.1749715141 0.03753248105 0.3872821428 0.1754648793 -0.08013170167 0.04924117543 0.183750522 0.1534246897 0.2302840906 0.2440249487
11.54587124 0.7138283425 -0.7994655927 0.6393659416 0.01242040369 -0.1397710681 -0.1986825135 0.03534057268 0.09610783956 0.03792115703 0.07398112337 0.04522774043 -0.02394385943 0.05082624 0.05183335236
3.725661572 1.683599237 0.2300636054 1.325452971 0.5855499319 0.1676481128 0.08341488643 0.2610026996 -0.0008801733159 -0.249145174 -0.07246612883 0.08132998358 0.007157742337 0.05932478025 0.0003842549796
6.37060026 1.631884095 0.1920433121 1.185676564 0.9889457102 0.9371148047 0.2366486952 -0.09116263105 -0.1787333933 0.005047066348 0.5470513678 0.4023858696 -0.05799154989 -0.1125095478 0.09224595115
2.383728128 2.233159762 0.2279637172 0.7968165873 0.4784881266 0.3371227633 0.2309788544 0.3911535615 0.255117661 0.07338197344 0.1340570877 0.2259808717 0.1648005598 0.1074736004 0.1540904064
10.2777362 2.882109624 -0.6972058468 0.205955694 0.2209699724 0.1229208872 0.05611853865 0.1508322221 0.05021364537 0.1110520049 0.1568280929 0.193025829 0.08848238651 0.07187242329 0.05124140295
3.564903116 0.3912158715 0.3557927418 1.023506177 0.3485577768 -0.1783759102 -0.6704437896 -0.1253076648 -0.2336202394 -0.4305061984 -0.2920045665 -0.1585798847 -0.04159529053 0.09888421036 0.2105312781
8.718569796 -0.5100033724 0.4989170791 3.738506817 2.387670826 -0.745584747 -1.28461714 -0.07477435732 -0.2837587263 -0.9549733103 0.3398765839 0.159036377 -1.165479702 -0.2370693806 0.6813963473
4.020767755 1.56581092 -0.2603729695 0.641429447 0.04872578443 -0.2284498992 -0.1630760313 0.1807680641 -0.2510407907 -0.4820176127 0.06666294077 0.3901841809 0.1888729149 0.01860380735 -0.05649551375
8.79385787 0.4959359082 -0.7323470103 0.3748523718 -0.676306143 -1.14389822 -0.2282761868 0.5645483365 -0.5276849612 -0.8390939277 0.211955141 0.1923048287 -0.08657900125 0.7406285839 0.4929880234
3.335927257 1.377901468 0.3843015506 0.2616125242 -0.3040874817 -0.02830152252 -0.03345787782 0.1651144093 0.01448547268 -0.1762658114 -0.04076956715 0.02512008945 -0.05006844256 0.05085416274 0.1097763009
5.99154507 3.903525429 2.009972424 1.260195316 0.07958325951 -0.05551384874 -0.01888737409 0.373812913 0.0858188988 -0.2288401196 -0.07474010328 0.1055252414 0.003525149952 -0.03791646313 0.0726170402
3.079247779 2.322476918 0.7504639548 0.8002113107 0.2160829767 0.01408615654 -0.2319183018 -0.07783168975 -0.1704204224 -0.3330752428 -0.1150673233 0.08975580684 0.006275062976 0.08291718333 0.1362941631
8.126865622 2.854705024 0.1962293457 0.472799411 0.3433453445 0.426285259 0.04165362042 -0.07974643017 -0.1429048903 0.0382978337 0.2675652118 0.2042892719 0.03028919084 0.09595490828 0.06330278288
1.135170002 -0.5037200558 1.582400099 0.7276041254 0.3376314674 0.6278223033 0.1001199677 0.494183839 0.3523932759 0.01436194197 -0.09912321493 0.05220093357 -0.08767125623 0.08521483215 0.1248672709
6.847698751 0.5490319527 0.4631475138 3.296774371 2.546602583 -0.006111993026 -1.215435193 -0.4774802214 -0.2798618532 -0.3563530964 0.112219702 -0.0552881876 -0.8578835084 -0.3598647531 0.5327686339
3.978330978 2.227131969 0.3800395713 1.114233425 0.3485358721 -0.1578420393 -0.49940646 -0.372068181 -0.5135153733 -0.5738599587 -0.1809311297 0.04866513728 0.03125040815 0.1649246698 0.1485881953
10.43329078 -0.9064819551 0.2541246701 0.6389474177 0.2417179872 -0.1411744093 -0.1917602073 0.02690600835 -0.3313418067 -0.2893246987 0.3609269856 0.1541180715 -0.3352916066 -0.04535993142 0.2047279987
3.181678853 1.345280763 0.7474843038 1.492232502 0.3431134092 -0.08809635502 -0.243393807 0.002845986049 -0.2901177854 -0.4780425802 -0.1320458274 0.08829860967 -0.03747501695 -0.04162150733 0.03263406264
6.336714406 0.4285638066 0.743252454 0.4721341692 0.1016445105 -0.2023053592 -0.1895231606 0.02940994893 -0.249669912 -0.5258492614 -0.3004624072 -0.3650071245 -0.2141923256 -0.02168310331 0.7215312662
2.373760529 1.61040829 0.4964332706 0.9559194308 0.4337508148 0.4642701357 0.1497423658 0.1498327021 -0.01066610748 -0.2468039499 -0.1800132357 0.008544856308 -0.01223687755 -0.03395869816 -0.0349573602
9.078139526 1.339948017 -0.508672426 0.5643070557 0.4734168723 0.3944327033 -0.2256662415 -0.2239385051 -0.2960689552 -0.2345965422 0.5303076805 0.5428193697 0.05397392222 0.1338582005 -0.06302129304
3.199118411 -1.768138709 0.8252105578 1.103071601 0.2183506482 -0.1271174258 -1.290798412 -0.1857343154 -0.3970569922 -1.014907674 -0.4359997602 -0.1269270949 0.2752027164 0.36716272 0.2648557954
8.878797415 -1.306802577 1.30344152 3.20727637 1.920062977 -0.6497659579 -1.695393748 -0.2965385952 0.06826139422 -1.344289785 0.2058566945 0.3040665683 -1.233530535 -0.3983179616 0.6638572397
3.446618155 1.18826677 -0.1633314634 1.08455149 0.005951346509 -0.7473809773 -0.39289906 0.1889483938 -0.2911824092 -0.5847297194 -0.1122723892 0.2336978758 -0.01648151839 -0.04866670907 -0.01051437212
10.69661173 -0.7546300786 -0.9189250225 0.6059205144 -0.7143131028 -1.188299284 -0.4770660058 0.7333133494 -0.510070044 -1.143321493 0.6892486541 0.4450147448 -0.1250361552 0.8499157045 0.3512240036
2.573037683 0.8077384538 0.882714352 0.4564584449 -0.06905759443 0.06836842649 -0.4307286197 -0.2784768673 -0.1130271793 -0.1793524882 -0.05966469237 0.04350594991 -0.06467845872 0.03365805161 0.07880938543
