6.327754311 2.147629039 2.572980489 2.147293223 0.06284936448 0.2608328848 0.1035546829 0.04874706509 0.4229186244 0.1520819902 -0.5215013009 -0.6658852004 -0.4433442248 -0.06924450753 -0.2480424929
4.721180996 -2.543910561 3.803672541 1.904507537 -0.7607729762 1.746627589 -0.6684269592 -0.05272145549 0.5996360641 -0.8102584448 0.2469431856 0.1257991493 -0.4496090274 0.299347782 -0.201822933
13.50549668 -7.081614093 2.088463915 1.164223243 -2.115954078 1.192217984 -1.227819941 -1.003164406 0.295065603 -1.333440226 0.05614379659 0.7792014079 -0.3948520004 -0.01082857281 -0.1376909241
5.564861894 -3.124051649 2.286939139 4.220538343 -0.1133987672 -0.06030699412 -1.172393769 -1.46649613 -0.2015804068 -0.03552618811 -0.1922967396 -0.2681260034 -0.3270530519 0.1080597383 -0.3654857924
12.41245962 -3.369698115 2.306725459 2.732108063 -1.039259887 0.7810000609 -0.7093929254 -1.18625872 0.4567169964 -0.06547011835 -0.8066797885 -0.8170804375 -0.3907467001 0.2968285668 -0.1982151167
0.4196892091 -0.8789905352 1.374543935 2.687297258 0.6393373878 1.088984465 0.6594371364 0.4847487797 0.6869150511 0.4188728926 0.5845847476 0.5952721113 0.09871310405 0.4018118976 0.2842217203
6.902715655 -4.078358963 3.216027531 2.143887129 -1.046928069 1.356458329 -0.4595426956 -0.005990230568 0.1536841585 -1.030336887 0.2729627248 -0.02882031594 -0.5408501302 0.402260106 -0.1850048617
2.763385022 -11.66561993 0.3360089133 1.342212935 -2.273463647 1.569130587 0.04380993273 -1.346254644 0.6038446237 0.05033095465 -0.3554340525 0.004900029625 -0.494733094 0.1472401695 0.4517143305
9.821449016 -1.289727544 1.66442522 2.692143117 -0.5407492213 0.1892417943 -0.3880455596 -1.058647328 0.3355246147 0.2653231339 -1.052295208 -1.015551753 -0.3479012496 0.1302530384 -0.1356561603
3.695845529 -4.752643112 2.467704387 1.141983592 -0.766469033 2.03083113 -0.6411743272 0.3599412154 0.8146002977 -0.5713099981 0.8054953101 0.2423570569 -0.3267367607 0.5343006105 -0.1514639211
8.834779593 -2.887011857 0.2922064991 1.474977635 -1.092065304 0.2907201787 -0.1909134859 -0.9087440774 -0.3701834071 -0.9301586152 -0.4436493932 0.5898208295 -0.1692093704 -0.098311809 0.1828715833
3.367719382 -6.119127671 1.65478423 3.853551695 0.5242465005 0.9182244056 -0.9563121481 -0.8828545588 0.02391633076 -0.3819889746 0.2807061646 0.2659280614 -0.2522481854 0.3258312957 -0.137517967
10.42343448 -1.744226074 1.444324653 1.181155317 -2.788495921 -1.15792524 -0.5313774965 -0.01525094627 1.13166827 -0.3133512543 -1.029015911 0.1574842453 -0.1843653687 -0.5074141087 0.1448598892
0.6074778074 -0.009082509841 1.76983514 1.676472886 1.21554562 1.693893001 -1.07942548 -0.5211299608 0.6063854654 -0.2125435901 0.1387778671 0.1464339305 -0.27850631 0.2510467202 -0.09807239776
5.879896722 -5.456111331 2.11050767 1.499273144 -0.9986021331 1.533095648 -0.4541882377 0.4552329755 0.5039520504 -0.6799677592 0.8249582933 0.1719071821 -0.3813650679 0.5845747615 -0.1684287012
-4.467406458 -10.31360857 4.228183628 4.39362174 -1.587808227 1.200527843 0.06161923352 -1.113117945 0.8115573746 -0.1852419533 -0.3966152923 0.6474665781 -0.3055300771 0.04412655341 0.3647974767
6.498420361 0.1631725153 4.240614249 2.362241833 -0.6827512958 1.064592048 -0.6533941777 -0.4060565718 0.5217775363 -0.5984543492 -0.2090307738 0.01275989614 -0.4453216112 0.2146611655 -0.1292178838
2.758371026 -3.436827857 3.571803862 1.619276934 -0.7832636797 2.019178885 -0.5741387716 0.04899651863 0.6645651297 -0.7278950329 0.4303672998 0.1691363095 -0.3450631495 0.4380335327 -0.2140234559
10.99118442 -5.773680943 1.076832255 1.371389627 -1.716024497 0.9376082578 -0.9301978573 -1.507914467 0.1840456514 -0.8824160114 -0.1072542437 0.9610148943 -0.3551905413 -0.1712413307 -0.04807848183
3.587417312 -8.825412605 4.520244752 3.891298357 -1.273932647 1.262552508 -0.3799567608 -1.063315185 0.5965584011 -0.5630516336 -0.403072551 0.4976933871 -0.1122182381 0.3451413219 0.278068505
12.27477339 -2.787393805 1.482991188 1.370312625 -3.164148246 -0.914782511 -0.330152581 -0.4898981281 1.056455392 -0.05283911586 -1.182136447 0.04753203805 0.007691502753 -0.3759107767 0.2583209076
2.988859975 -2.84173664 1.207978805 2.686322597 0.279843006 0.9280106528 -0.3574894739 -0.1473718275 0.285112203 -0.1929393006 0.5143544615 0.3999737627 -0.2532331092 0.3103036513 -0.0002640189579
4.944230047 -4.330918834 2.79085924 1.46918835 -0.8980599552 1.648310667 -0.7074917106 0.2281268642 0.5344332216 -0.7501885276 0.6860406119 0.1233010072 -0.4378615469 0.4644169973 -0.1933243655
-0.6903298881 -13.07647449 2.447214209 3.583948271 -0.9674342345 1.408234376 -0.8111781998 -1.368351178 0.7422024461 -0.4147666983 -0.2343704408 0.4207804459 -0.4306981231 0.1019878959 0.2808328394
8.052263266 0.2162114865 1.39574321 2.343451607 -0.101877335 -0.1009380193 -0.4579842018 -0.8153389408 0.3038152503 0.4146744774 -1.00270813 -1.087541101 -0.1707186805 0.1067500191 -0.3701388635
3.600749332 -6.325170046 1.490238741 1.507079207 -0.6719098257 1.942151702 -0.3501083882 0.05387084468 0.3748201395 -0.4998909506 0.7517940135 0.08354035381 -0.3370545582 0.5568887758 -0.3160801031
8.465341474 -4.486287919 -0.00439716567 1.538922337 -1.357577489 0.2421480563 -0.6601763747 -1.369027055 -0.1376436961 -0.605774674 -0.1037580748 0.8827889513 -0.2054827785 -0.1752595793 -0.006816828879
0.06325851813 -9.534673698 2.66843615 4.636639437 -0.1865992665 0.7985611705 -0.7414522567 -1.375033892 0.3265891629 -0.4500316718 -0.5398136235 0.2892323506 -0.1907570712 0.2461501423 0.292885318
8.143929214 -0.3865653419 1.003409409 1.095530476 -2.431756832 -1.782120752 -0.4550496417 0.2991200786 0.9049712937 -0.1242935961 -0.888666119 0.0559783832 -0.100985108 -0.579675164 0.06308171773
1.586313911 -0.1184186922 3.003479398 2.304558947 0.08375600741 1.027620142 -0.9611981183 -0.7847610776 0.2232370885 -0.3855496332 0.074525719 0.004640396972 -0.4707086929 0.3037278523 -0.01937955843
7.393133708 -7.161858998 1.357143375 1.947207793 -1.384044027 1.254339426 0.22948247 -0.1096976547 -0.09234248293 -0.6325504738 0.598500873 0.2975124086 -0.2305500435 0.4435100911 -0.2254968306
-3.057694964 -11.89147771 1.311767393 3.792413611 -0.9106620836 1.033366733 -0.5313478757 -1.473418366 0.5595193101 -0.2544474978 -0.4493915611 0.446614318 -0.3729569468 0.1190349209 0.3672737165
