4.947511297 0.5921798547 1.338701272 2.222114145 0.6129440804 1.32214304 -0.02507400441 -0.5172734717 0.2646106457 -0.672965036 -0.8783050455 -0.07009538075 -0.7193618623 -0.5511913335 0.005662601413
3.431292811 -0.6251855412 0.1367638984 1.837612313 0.5659330146 1.301932341 0.5287009953 0.1092742883 0.5567200863 -0.013972505 -0.1875560711 0.1917852288 -0.401527161 -0.2040844249 0.02613148069
8.861981585 -2.677384373 -0.3487093491 -0.3038902439 -0.8173224382 2.132333855 -0.522685746 -0.6321429964 1.493589626 -0.270358272 0.03202475492 1.464993319 -0.4283654797 -0.7932694687 0.1005479149
3.4496835 -1.677030794 -1.955397341 -0.53881419 -1.640229419 -0.9554267553 -1.462600205 -1.345595082 -0.2699254329 -0.04387819488 0.8818829044 1.34454417 0.1320891104 -0.2896915473 -0.4763986432
6.780116804 -2.248589278 1.597581826 1.576862976 0.07702355052 0.8752937451 -2.536656824 -0.8738949665 1.707153452 -0.3624735438 0.2573291355 0.8561283615 -0.9934656008 -0.3254225752 0.2851006108
2.108474112 -2.048795836 -1.860694885 -0.005895479484 -0.9503807428 -0.2022985154 -0.4653340289 -0.5035689973 0.02593640753 -0.1253541986 -0.08772754038 0.286726327 -0.03525158972 0.04240152192 0.1712597373
8.384856143 -0.002296075429 -0.3865871233 -1.557480529 -3.159848379 0.7430449185 0.9907517236 0.2653484246 1.484485539 0.00295401937 -1.357335017 0.01302898962 0.3313471511 0.07385889857 0.03360335661
4.653533455 -2.932084185 -4.230490211 -2.192955744 -1.987111414 0.5628247126 1.013891331 0.4176008025 0.475150077 0.1148831598 0.2003517485 0.6084833737 -0.02224733471 -0.3011937484 -0.2060566855
4.868960684 -0.3732402786 2.093849459 1.699049382 0.1228532987 1.623945624 -1.34404928 -1.196198528 0.9070913406 -1.191330428 -1.303717471 0.2697595421 -0.7934784967 -0.3996696871 0.3504205559
1.61777074 -3.499133071 -2.813094739 0.8386452409 0.8638126034 0.7807761213 -0.8940460681 -1.277330431 0.2601954923 0.7358146254 0.2020405119 -0.596792048 -0.942960831 0.308679465 1.213827268
10.97939765 -4.163564837 -0.9854815435 -0.4637775275 -2.616996239 1.726601646 0.8092255706 -0.6702783806 1.03280037 0.06950446559 -1.111329024 0.1420551527 0.398527241 -0.1587215666 -0.4614275374
1.998336089 -3.19419062 -2.633188331 -0.1286678239 -0.6586471551 0.249323297 -0.5179322625 -0.6697685369 0.08171576221 0.1896780541 0.5506987496 0.6946224946 -0.1241681619 -0.006012956213 0.04141407314
6.144602396 -3.926221774 1.541006347 3.086157251 0.6272350285 0.02732346992 -3.202202618 -0.9697364263 1.334969966 -0.9485827095 -0.06199392298 0.7744140913 -1.17956346 -0.4595851186 0.531171733
1.414494199 -2.766334471 -2.214472961 0.01668093538 -0.5641940104 0.3579454614 -0.1745701544 -0.47279926 -0.004015672422 -0.1963074848 -0.2596996795 0.08133820587 -0.2248386728 -0.02538942321 0.1362802559
8.839727211 -1.59342135 -0.3361817127 -1.514071264 -3.207711904 1.603437094 1.493209258 -0.1218333922 0.8122034568 -0.1630580901 -1.067385668 0.1165722952 0.4961253169 0.3392738186 -0.4021394434
3.023339325 -2.053997252 -2.750866881 -1.045567557 -2.047002743 -0.8745900714 -0.2073834447 0.55883697 1.253483404 0.4083669134 -0.536031734 -0.4345323301 -0.707651476 -0.248069584 0.2758968566
4.021482062 -0.1061117689 0.5967300504 2.08888188 0.783089798 1.416800299 0.5319727211 0.07390956033 0.454844149 -0.4057902109 -0.691711154 -0.1805347701 -0.7608665153 -0.7392013093 -0.4286638317
2.163636866 -1.767488859 -1.039938829 0.7933966822 -0.04268995342 0.9102158531 0.4281604694 0.1013315647 0.4881147985 0.08055976983 -0.09977462499 0.2010320599 -0.231243138 -0.0658788386 0.1655774485
6.500100859 -2.283564028 0.6777895869 -0.1822236312 -1.687600069 2.087688157 0.6830381632 -0.1350304599 1.099473387 0.04989104246 0.5690439985 1.294204408 -0.3387942115 -0.4729402409 -0.2868051155
3.149807505 -2.478037529 -2.793691472 -0.8903556174 -1.435629113 -0.257431866 -0.8330015462 -1.095735718 -0.1164902552 0.3730571567 0.9317398567 1.180655703 0.3666954709 0.02159784493 -0.3700892491
5.362225518 -2.489758103 2.026184944 1.409948242 -0.7504225455 1.390412139 -0.9979443391 -0.1604279661 1.74016888 -0.2351983052 0.2745141251 0.9067579386 -0.750152716 -0.3041960616 -0.01640398663
1.739076282 -2.227757547 -1.702009203 0.3428339378 -0.5360735625 0.1775822213 -0.1390849191 -0.3232535178 0.09951795482 -0.2675204984 -0.2946270524 0.05457908273 -0.2065646033 -0.04510637354 0.1287084126
6.617773225 0.03530129048 -0.3947872164 -1.796244224 -2.688935821 0.876811238 0.3732147601 0.365350158 1.775573194 -0.1308980087 -1.15773914 0.2946464912 -0.07112720448 -0.2620276227 0.1254649296
4.309111027 -3.120146064 -4.712872969 -2.733390169 -1.990649964 -0.02037688832 0.3768306868 0.05659561664 -0.1043418579 -0.2248226085 0.4672665051 0.7793304683 -0.08217509448 -0.448410499 -0.5424218045
4.06804008 -0.6205277947 0.521968577 0.7114856327 -0.9077664371 0.9533156025 -0.4214550686 -1.028528953 0.2576885421 -1.030445039 -1.666471016 -0.4653539816 -1.124921542 -0.9344343491 0.1455275233
1.217096957 -2.783391425 -1.837482935 0.2714026303 -0.4746975099 0.5447788348 0.08709924655 -0.2232138378 0.3607143213 0.1698927198 -0.02172025065 0.2121457292 -0.04611077557 0.03607878578 0.1598189607
8.590535196 -3.204884112 -0.8653518485 -0.4418676072 -2.059243455 1.546068001 0.9819857493 -0.3652367865 0.7042920229 -0.1435393356 -0.6028519861 0.5925044765 0.4083055734 -0.1529894335 -0.5785733394
2.801512141 -3.011086827 -3.338269114 -0.868702031 -0.8872122819 0.498368397 -0.1284207776 -0.816317588 -0.3662802307 -0.361135825 0.07199807427 0.3446091782 -0.2301093934 -0.1913078767 -0.1416647656
4.184279501 -4.039230231 1.167664049 2.710219292 0.5423776899 0.6834399262 -2.35412026 -0.8370790537 1.191154268 -1.13575456 -0.5942730344 0.5635147153 -1.295198093 -0.8563668942 0.4102220687
1.338095104 -2.814139025 -2.273390403 -0.2713154868 -1.015106453 -0.2020601231 -0.5463789661 -0.6219368473 -0.2601579893 -0.5955485533 -0.3525721219 0.1579483834 -0.2026249951 -0.1417611324 0.04555155871
7.708491665 -1.457144568 -1.085484934 -1.099192901 -2.22585398 0.9140326451 1.165725056 0.2602961556 0.8904291547 -0.1876481583 -1.226196611 0.1497696662 0.7514053051 0.1606656707 -0.4948068617
3.181086637 -2.72178261 -3.778892173 -2.166272397 -2.006744259 -0.02352446688 0.675677381 0.6806736292 0.7280894713 -0.4139274345 -1.369096152 -0.9180949859 -0.8457414762 -0.318051474 0.1533814919
