11.53013381 3.351229964 -0.4673833415 1.243599512 0.8562214108 -1.487562742 -1.822058487 1.133345794 1.862273325 -0.03740300305 -1.833337439 -1.406316384 0.1040979543 0.3986799764 -0.6016483726
4.333841027 3.143345869 -0.09773538836 0.8928790506 1.06126991 0.6107621297 -0.4662762462 -0.3489712869 -0.1575606112 -0.149391239 -0.2970791253 -0.1852941707 -0.1556975977 -0.1667669934 -0.348409791
12.38523063 2.439341625 -1.686441574 1.072015686 1.261413302 -0.9024614312 -1.18320544 0.9923393824 1.372179281 -0.2371350268 -0.9730193265 -0.1316718154 0.2147360527 -0.324477401 -0.8520976654
1.93998028 1.196055836 -1.515504611 -0.317642117 0.4099216478 0.3619780746 -0.4645638624 -0.04691674823 0.07829893187 0.01373738636 -0.005178478511 -0.03476857362 -0.1082848116 -0.02079206915 -0.1539040703
7.268983681 5.147697758 2.338354754 1.835747155 0.9984279211 0.1615437281 -0.6550265412 -0.3191950889 -0.2163781996 -0.3901276617 -0.612783253 -0.4351880858 -0.1175548499 -0.2345028914 -0.4227370403
2.886132092 1.980406148 -1.105297972 -0.1801551063 0.2973498029 0.1168965915 -0.6700398169 -0.1970071398 -0.08838741867 -0.1543474314 -0.1830133991 -0.2204370623 -0.372968393 -0.2879763512 -0.3438203935
8.473702563 4.923768717 0.6701409989 -0.5241488188 -0.7995141603 -0.2425236853 0.182997768 0.6156485047 0.08731216265 -0.7085706854 -1.08747691 -0.5195521455 0.03191440708 -0.0368068259 -0.2644042492
2.270311151 1.259245447 -1.680592741 -0.7797207618 0.1436485933 0.2687557892 -0.5886862539 0.02187619977 -0.01096364075 -0.06194464641 0.006120673611 -0.3323045651 -0.4471289038 -0.3202932939 -0.4842300105
7.636935159 3.7720591 1.690244687 2.218762445 1.083389878 -0.9225668744 -1.482036821 0.3072342354 1.338291945 0.3118083415 -1.032616518 -0.6560888656 0.2967941066 0.1955239048 -0.6265097072
2.612507086 2.023749809 -0.7862730753 0.1824066594 0.7103583807 0.5832694593 -0.2826000519 -0.0491048509 0.07322393731 -0.0362085396 -0.07542645655 -0.1418923114 -0.3321515224 -0.3314202171 -0.2811099574
12.62056869 5.4033848 -0.8791249509 -1.905091114 -1.701288565 -0.4042653188 0.6107524592 0.7888627416 -0.4677042262 -1.228036902 -0.9287733503 -0.2624562649 -0.1112669091 -0.1561128903 -0.3597275196
-2.036794652 -1.501674888 -1.709592467 1.191907735 3.087770536 -1.61904646 1.640828465 -0.4740676537 1.823447775 -0.8980705693 1.500339806 -0.5069676404 -0.8318280597 0.283270011 0.07656018436
5.452757095 4.257656937 2.253193854 1.953000094 1.265870154 0.6447539626 -0.2653363904 -0.3264225072 -0.3839245063 -0.5786549573 -0.7256685464 -0.5850213745 -0.4224529788 -0.4311118403 -0.5514275938
2.335667619 1.545361494 -1.347328706 -0.1321674104 0.6613447253 0.5101244581 -0.4440527983 -0.22265383 -0.3043817748 -0.339479367 -0.2944758047 -0.3000219892 -0.3765415187 -0.2832180626 -0.3255339397
8.56115528 3.012758998 -1.178341011 -1.585763019 -1.327340373 -0.6558218664 0.1175958969 0.995994204 0.7929105358 -0.03315933193 -0.5692074967 -0.3635965364 -0.1696507806 -0.3078670042 -0.5850419537
1.982813649 1.055626835 -1.755464263 -0.8781729418 0.1523993887 0.1627146176 -0.9389476421 -0.3806152314 -0.5057257436 -0.4476547827 -0.161523276 -0.4526784482 -0.424632638 -0.2544775294 -0.5320249267
8.691267959 3.484943148 0.6892670551 1.295454116 0.5868865789 -0.9454074337 -1.074618331 0.8683366015 1.581592374 0.1643130193 -1.234466762 -0.71491211 0.3663123001 0.2597272064 -0.6725025051
3.553361304 2.684385807 -0.2412732787 0.7240863823 1.295121791 1.052614791 0.0285376779 0.00929570832 -0.1152026084 -0.2067902637 -0.3265671208 -0.3396908932 -0.5487167646 -0.5157590097 -0.4531255148
11.37429208 1.802438948 -2.033072906 -0.3768953844 -0.6598280796 -1.547937657 -0.3544240692 1.497751439 0.8316969906 -0.5499128316 -0.4954088153 0.009825234833 -0.440700936 -0.8325607713 -0.6151589917
1.689475212 1.168145473 -1.297143271 -0.1108894656 0.6260099912 0.5726095957 -0.4798974361 -0.3108234754 -0.1621488536 -0.2072721465 -0.134082613 -0.278209402 -0.4741752564 -0.4476183264 -0.4424087763
6.036737095 4.377091161 1.738117506 1.037485802 0.2536113656 -0.1278416706 -0.4465449338 -0.1266471609 -0.07867490726 -0.1835959334 -0.3958409021 -0.290973374 -0.2687790104 -0.3406294028 -0.4393711815
2.482859711 1.700987465 -1.308977049 -0.4482089719 0.2186778646 0.1877955129 -0.6934994053 -0.4029068023 -0.463266662 -0.4773869114 -0.3300759078 -0.3807531858 -0.4096925661 -0.3375262614 -0.441016339
9.636401803 4.959155528 0.05713170448 -1.83084982 -1.935252501 -0.6171879496 0.3202205189 0.6184810594 -0.0338818969 -0.7187995638 -0.9651344386 -0.6042729407 -0.1922641508 -0.07970132575 -0.2173636998
2.214289763 1.444105322 -1.536903195 -0.4468040886 0.1010733694 -0.03313625759 -0.8177797261 -0.4934407144 -0.2435902277 -0.1665614295 -0.1562835185 -0.1289002694 -0.2762854826 -0.2689574548 -0.2639364238
6.732379592 3.729471719 1.629520059 1.473163261 0.3349773835 -0.879979633 -0.9906492683 0.4155455726 0.9898702836 0.1269795221 -0.9038794228 -0.6625606588 0.03508798703 0.0535650389 -0.4739709687
2.697668215 2.022631505 -0.9371254276 0.2660773978 0.7245714032 0.4730374644 -0.4904052573 -0.4056436747 -0.4086951607 -0.3295434573 -0.4020924789 -0.3194750642 -0.3557741577 -0.2997983179 -0.2994706763
13.42546909 2.951478339 -2.718134223 -1.959987014 -0.7307604006 -0.4337367506 -0.4330732497 0.6853141519 0.8716141707 0.036796082 -0.813451722 -0.7613326055 -0.1576403642 -0.171440269 -0.9478958522
-1.710075528 0.8256934312 -1.187257621 0.3336686211 2.302665324 -0.9838521892 1.362618291 -0.5989012365 1.371872191 -0.9929947434 0.3364215832 -0.9248918572 -0.9119769131 -0.004887342689 0.04525328418
4.590115386 3.626138683 1.832097579 1.666150318 1.145086156 0.7360927306 0.00432808246 -0.1288224102 -0.3447764772 -0.4277262365 -0.5307853654 -0.4404804139 -0.3809075743 -0.4116429087 -0.5391054134
2.060754015 1.349125597 -1.542275523 -0.3049488586 0.3940337114 0.1963644098 -0.7623781216 -0.5136598767 -0.4794044485 -0.4735419901 -0.5330644714 -0.5105837031 -0.5827808969 -0.4611339651 -0.3959548823
6.308151475 3.172256125 -0.8084031366 -1.790177033 -1.62706543 -0.4915945324 0.09185263391 0.5589395013 0.2215811827 -0.2685634634 -0.3936621069 -0.4744866816 -0.442429487 -0.2430740242 -0.2743047309
1.405764689 0.8141770593 -1.765883447 -0.6936419126 -0.1411790429 -0.03449627691 -0.9072472801 -0.6168557754 -0.2906553825 -0.4070983289 -0.1764427055 -0.2559442419 -0.3742094177 -0.2075751113 -0.1930186391
