4.296492046 2.210917246 1.518147577 1.521424612 0.03432475375 0.05769897227 0.556108296 0.3557828666 0.1030253665 0.2045722059 0.07785840692 -0.1397161508 -0.1502584489 0.09449427263 -0.1270046745
5.119664911 -2.231734795 4.238814372 4.514895443 -1.052008604 -1.477686119 -0.06029671872 -0.05978259161 -0.9400746659 -1.063730034 -0.9995539117 -0.7520033667 -0.3399109939 0.145543173 -0.3150913831
-0.4078347657 1.905293275 1.291748716 1.315627091 0.6608536799 0.6748380649 0.7177300325 0.6752627745 0.3842082127 0.5215883495 0.5840760383 0.5601553521 0.4658722015 0.4532539385 0.4595462574
9.797525721 0.4193685217 1.882594839 0.3208473339 -2.958248794 -2.074270125 -0.4409289088 0.005328802614 -0.9054194033 -0.1771124112 0.5848041333 -0.3607472124 -0.6641491453 0.004020778006 -0.7837784759
7.495459295 -2.095048464 2.368910773 3.953411697 -0.6270334839 -1.590576878 -0.6848861664 -0.3335271133 -0.5894260374 -0.9394251282 -1.011948869 -0.5670797788 -0.5464488037 -0.02308672822 0.0342956054
6.64696381 -3.886754654 3.620746165 3.562684862 -0.7843549673 -0.8713503835 -0.4665521133 -0.456698766 -0.6035615446 -0.4464106792 -0.7868323159 -0.6294930024 -0.4287637952 -0.04283324939 -0.02859231085
0.8373080481 0.5376425378 1.450526864 1.508631274 0.07839090765 0.588877798 0.891304029 0.5674496705 0.3462821737 0.5467205433 0.4276084726 0.1377033349 0.1400011227 0.4416499335 0.2981632154
7.423322589 -2.708486797 1.598579171 1.627257186 -1.044055186 -0.4102883166 0.07214442719 -0.4156712654 -0.7649064299 -0.2830138396 -0.3637070242 -0.1548767845 -0.3031226336 -0.1535151206 -0.1046435615
2.307080499 1.494493181 1.521202028 2.480056081 0.3649224874 -0.5959076505 -0.3948961034 -0.3450278539 -0.3777703993 0.1310689219 0.1074760889 -0.03592023285 0.4297643948 0.6319127312 0.08958762939
3.894113951 -0.8136559506 4.824509096 4.453616779 -0.9482541082 -0.9659782151 0.2784208523 0.1063866636 -0.7349035589 -1.014656033 -0.9616150605 -0.403797098 -0.284684187 -0.4172501461 -0.3169425354
-1.000645246 1.40848034 0.7844528263 1.192934989 0.6098382246 0.5604233004 0.6094944032 0.5840362206 0.2702142493 0.345237047 0.416560755 0.3328163196 0.2153816181 0.1699466414 0.2407285103
9.650407239 -1.403528229 1.685433317 -0.8427663154 -3.036145016 -1.260121508 0.615668104 0.23570583 -1.520150383 -0.2839526749 -0.3575796008 -1.016737358 -0.3097918685 0.4904022666 -0.4375128756
5.672351493 1.482819532 2.326492647 2.780581991 0.1564683063 -0.7300464957 -0.2783886972 0.3844704313 -0.2490007223 -0.9802090827 -0.6114298266 -0.1879812293 -0.7365709284 -0.4717483565 -0.4617887788
5.450894761 -5.253211512 2.605841135 1.418384623 -0.8809611845 -0.3346400358 0.3599620173 0.05144122437 -0.4649552344 0.113261858 -0.02071676066 -0.04172353466 -0.430097577 -0.1240872982 0.3095857
-0.4664820279 -3.306628654 4.900961614 3.888994149 -2.199061468 -0.5908650463 1.575733713 0.1565370485 -1.068723864 -0.04969955215 -0.2959278625 -0.08210182538 0.3082345134 -0.338123265 0.04275067404
8.942745259 -4.119821736 2.135692044 -0.05452952103 -1.326146542 -0.3465479476 0.2522531904 -0.5725140957 -1.623993266 -0.1153101598 -0.3605122156 -0.2899396348 -0.1715444929 -4.410652607e-05 -0.339276644
3.277643028 3.351938479 2.070584115 1.895424351 0.1892166342 -0.3186439996 -0.211432332 0.04748844752 -0.2084063702 -0.1457814579 -0.1516157728 -0.3333903313 -0.314188197 -0.2463955505 -0.23195948
4.220029255 -3.249121695 4.163186064 3.079351779 -0.5847722151 -1.364003739 -0.7742895808 -0.4323322115 -0.932864618 -0.4289140281 -1.221747484 -0.9214132279 -0.08894109578 0.06360811325 -0.5097483037
0.1296109271 1.698455431 0.8224989756 1.1170143 0.3851969911 0.2911002552 0.3540119926 0.3680346965 0.1451817435 0.2319047772 0.2131483542 0.1322645229 0.07580542165 0.1359407041 0.1663428402
7.735701006 1.780720538 1.96868306 0.2347423466 -3.123567957 -2.518375126 -0.3617429149 0.1973557735 -0.7956729705 -0.1770909811 0.5709990046 -0.4064953752 -0.9264742849 -0.1111039318 -0.6020228784
6.670911173 -0.4755811842 1.793715477 3.06787637 -0.3202990027 -1.158114052 -0.06558812756 0.7141735693 -0.4096328483 -1.342054494 -0.3929672323 -0.1865343916 -1.075048176 -0.5952319418 -0.7907325661
5.883851131 -4.08482409 3.753374936 2.96745067 -0.9301856309 -1.673930664 -1.30823779 -1.080174094 -1.275708741 -0.1773708646 -1.397090769 -1.362796776 -0.004325713203 0.2203514706 -0.4898304921
-0.9229154489 0.2563085921 1.283950313 1.630793114 -0.07630581241 0.1676942238 0.8236128582 0.5399296651 0.007128431227 0.277448198 0.5441508864 0.2638637176 0.05339801278 0.277678277 0.3506573276
6.596546959 -1.936959287 1.854922482 1.347495733 -1.154996983 -0.9205591805 -0.4546378358 -0.9771288335 -1.490018162 -0.2901637433 -0.43214451 -0.6690661811 -0.3367740523 -0.001897064591 -0.2688754661
1.010418336 1.969059039 1.505030916 1.998158145 0.6386453797 0.1889884326 0.3955069064 0.3489028848 -0.07336928372 0.03756163502 0.002917582792 -0.2046666532 -0.1283710557 0.02846212161 -0.03425918595
2.802356278 0.6110759494 3.439292233 3.790715077 0.04985466983 -0.3830210509 0.2683695834 0.1985166049 -0.4404772314 -0.7240139856 -0.6234088734 -0.3148129448 -0.3191609081 -0.2279671182 -0.431633862
-0.920264432 1.458455163 0.6546747367 0.9255603107 0.2555824129 0.1851084669 0.2348249929 0.2456812738 0.0134793632 0.2037350869 0.3563119932 0.238998762 0.1475388149 0.1990401732 0.2886277211
7.778091304 0.03101134122 0.9764076843 -0.5941078887 -2.987049012 -1.277529473 0.7416321256 0.07440643925 -1.390418868 -0.4622521707 -0.2240400133 -0.991230039 -0.477833257 0.5633658411 -0.4819270524
5.757631567 0.7939276092 1.283056983 2.608604907 0.1849666467 -0.8852402741 -0.1024411778 0.6288993053 -0.4715933515 -1.251114913 -0.822170869 -0.7869092194 -1.209947111 -0.8190693655 -0.7817516733
3.995079914 -4.30058138 0.8937420769 1.088103094 -0.8247739424 -0.7188227979 0.1726572312 -0.1562284333 -0.1220476765 0.294371212 -0.00949550451 0.04017646996 -0.2667058856 0.01337294625 0.3271564981
-0.2039138398 -2.588197697 0.6590456384 2.668993244 -0.4183546018 -0.6548414394 0.8118186392 0.4651945313 -0.4054233424 0.1119979363 0.5592019771 0.09375067141 -0.1393323965 0.3254205454 0.1212009173
8.412126512 -3.837284431 2.495811889 1.254714903 -0.8178991443 -0.7606248197 -0.7802070521 -1.23619148 -1.845431156 0.1381178021 -0.6132688883 -1.391481304 -0.2592454737 0.1277849696 -0.2197029143
