9.925270863 2.019001031 0.4443600919 1.484754462 1.340720151 -0.4025132529 0.08188511 0.3075078871 -0.2233057075 -0.5877018264 -0.03300249004 -0.08110980276 0.309808661 0.03837432233 -0.4189357119
8.327138027 1.85611248 0.2652676084 -0.2055820881 2.171172032 0.04746905168 0.4898832138 -0.06114545721 -0.02030776659 -0.3311191999 -0.00703057344 0.1357070484 0.05260539787 -0.1917575137 -0.575863658
8.175863563 -1.658174374 1.302818163 1.317592164 1.890879884 -1.250390034 -1.044988568 -0.3067068585 -0.6171270043 -0.3360572673 0.7657607976 -0.5637336037 -0.5616890998 -0.3759040844 -0.5354586399
5.706133831 1.406616222 0.08017474269 0.1502536198 1.058995587 0.6651649983 0.7684994386 0.8103783248 1.322422201 1.265872064 1.023164866 0.5093568087 0.3314057791 0.2895964664 -0.2062967846
9.00199925 0.5354726477 -1.196219854 -1.617023587 1.566196538 -0.5095727735 -0.2633856884 0.4513841598 0.6978783468 0.03414240783 0.6178732279 -0.1277873282 -0.03538267851 0.1290669825 -0.732679973
5.868814248 -0.1370557142 -0.5131951047 -0.5242067464 1.044782176 -0.02047034136 0.6507886661 0.3088921124 0.7552573743 0.8452297089 0.8703065894 0.3405064787 -0.09462268552 0.05548191477 -0.3929046424
10.49243731 -1.006197679 -1.393085423 1.108297222 1.05375704 -1.30511106 -0.737020085 0.5714062081 -0.7851640421 -0.02018512851 1.174852819 0.09833941715 -0.3510631227 -0.4398027926 -0.495423938
6.161571984 0.1550630113 -0.6213109805 -0.8309738536 0.5166669082 -0.5069113766 0.4306671316 0.2831308386 0.8457202109 0.8199093342 0.7311977892 0.3083034335 -0.06057485766 0.01053088909 -0.4317532187
8.248756221 2.361953645 1.017922845 1.670167566 1.604238042 -0.2517223637 -0.4912023757 -0.3317814578 -0.08191831602 -0.04774801989 -0.3531777754 -0.6253261405 -0.0622040041 0.1175522128 -0.3145689869
5.303572028 0.6481944597 3.000658974 -0.9049114589 2.11052297 -0.0932754804 0.3519829861 -0.5253570568 0.6593885412 -0.7539152013 0.8435222906 -0.1355080427 0.229855692 -0.1321308851 -0.8188983726
9.778060804 -1.875242508 -1.420462501 2.122953945 1.303399838 -2.314865787 -1.004113226 -0.8847067638 -1.066355242 -0.2617250792 0.991272081 -0.6280328664 -1.627643112 -0.693619224 0.3868596658
6.058261086 0.2454040339 -0.1085109208 -0.2820184105 0.8731670527 -0.3991169705 0.3189538617 0.0534868609 0.5303326884 0.620294245 0.550266066 0.1028817502 -0.2377616356 -0.08761550595 -0.5221525692
8.076854058 0.374727083 -0.6757548173 -0.6698989332 0.8817108369 -0.8755074492 0.280839361 0.5023400239 0.05152179536 -0.1561986411 0.4827762118 -0.299187973 -0.05509746202 0.2934705257 -0.6404231598
5.818196144 -0.06492637426 -0.4958175194 -0.6328184334 0.9274889013 -0.1450496521 0.5380516238 0.2024509901 0.6352098355 0.4147102201 0.3054764532 -0.04809016629 -0.2136166741 0.08325191341 -0.3826118891
8.412934752 -1.319715918 -2.147774877 0.3656353524 -0.4559824581 -1.521319058 -0.2435277277 0.5245577988 -0.3683316745 -0.007525631037 1.140760154 0.9023363947 0.03259839683 -0.4686929921 -0.8558565845
5.681635775 -0.3832798268 -0.947864475 -0.9259874092 0.7378637591 -0.3733483346 0.1350643075 -0.1846552307 0.4251150065 0.6099652156 0.6390879044 0.2697985496 -0.1189963703 0.01277848707 -0.5327317577
10.30513217 1.182981879 -0.5771448194 0.06611117039 1.902473399 -0.8528141105 -0.004578499143 -0.2935581713 -0.1648716853 -0.1593731241 0.3162415249 -0.3782896273 -0.3529558977 0.1134122505 -0.1140557418
5.945336375 1.618817123 0.9372130556 1.237818377 1.421542465 0.3725947752 -0.2458200754 -0.1762234818 0.008901368376 0.1483929823 0.06406390015 -0.4709688351 -0.5531071408 -0.5367907188 -0.7450693725
6.308852379 -2.835487502 1.908632719 2.051094258 2.077671441 -1.232389678 -2.797359645 -0.8481820298 -1.472158967 -0.0883711376 0.7150349592 -0.5425568117 -0.7848950191 -0.7623091201 -0.2242544932
6.330684951 0.5238607291 -0.2815112347 -0.5531544096 0.8838236305 -0.09982047756 0.7354474954 0.5060968043 1.014588518 0.8449213657 0.5970531766 0.08985206562 -0.1919341751 -0.0715663935 -0.5355071897
7.391745904 0.01596409877 -0.6544745451 -1.421769839 1.79992968 -1.04710792 0.0645110116 0.2981429917 0.2912025819 -0.04502957524 0.07370377907 -0.2573172559 0.02607822322 0.03201246072 -0.8068964116
5.556074829 -0.2221320892 -0.5199361854 -0.6551821478 0.7024338509 -0.3340222538 0.5488040362 0.3786952193 0.9407956938 0.8942265091 0.7267910068 0.1041873511 -0.2494405168 -0.05068021213 -0.5807507196
10.35930881 -2.626564747 -2.733766808 -0.07697975782 -0.7487159165 -1.584225283 0.2359013252 0.7667215251 -0.1771158822 -0.08248060263 1.597444279 0.759641837 -0.2949212037 -0.6919942375 -0.9056851306
5.620154631 -0.4122221223 -0.8081282415 -1.130835277 0.3526941988 -0.550107446 0.3782778783 0.2697420056 0.733020685 0.7571685639 0.8131770303 0.3715629917 0.02195038304 0.1276098831 -0.4277416609
8.33091263 1.045159461 -0.6451665598 0.2581769064 0.6592642897 -0.7152647262 -0.765643808 -0.4193877462 -0.3503786579 -0.07593929549 0.3985433607 -0.1062498448 -0.4317699634 -0.1657545394 -0.1433923106
3.012924096 -0.6066277744 2.262783679 -1.197188789 1.377959364 -0.1065410385 0.594673361 -0.1251052617 0.3948923044 0.1038156576 1.030580582 -0.3783565042 -0.2971458106 0.1764041789 -0.7594142809
7.299835619 -1.333523486 -0.7125516787 1.28866915 0.5261987359 -1.300599191 -2.055928904 -1.134252244 -0.9039179555 -0.463283717 0.1662767239 -0.9127722556 -1.818650564 -1.066709655 0.5445622291
6.278982577 0.1128393278 -0.7056740886 -0.8748749453 0.4035536085 -0.5909990975 0.1331821213 0.1010183138 0.6527229823 0.5901233905 0.4154668731 -0.04049643049 -0.3207836436 -0.1967559888 -0.6246550473
7.821007025 0.5804251048 -1.014305861 -1.532860981 0.5651810738 -0.8748870951 -0.1241364128 0.6445033252 0.3205411598 -0.0413325016 0.5209234345 0.1755704255 0.1564328988 -0.0791092883 -0.9064776521
5.476240215 -0.2071001028 -0.5337122216 -0.7871729202 0.6098149504 -0.5454569899 0.3684124112 0.07826092715 0.4212385975 0.3841249234 0.4083475698 -0.01950292216 -0.2759357241 -0.09813212864 -0.555894827
7.445667117 -1.394885548 -2.8626054 -0.7667069138 -0.7833824397 -1.071494514 0.002934557044 0.6013155917 -0.1030166642 0.1670536576 1.2311339 0.8927100778 -0.4105910666 -0.9020597069 -0.8131526981
5.466257004 -0.4154707172 -0.9205363591 -1.115854127 0.3538313077 -0.9792201186 -0.1687393321 -0.1637799784 0.4700274137 0.3902234549 0.3014464925 0.02897954067 -0.2880637603 -0.04573205551 -0.4476460105
