3.763681184 2.827478462 0.4898125985 0.7559978635 0.2068531756 -0.004006514968 -0.2163425849 -0.2060329966 -0.4434848782 -0.4440249148 -0.09782448709 0.08520240632 0.09240600773 0.1943199291 0.1893289672
3.789442633 -0.691423985 2.683505836 1.644003637 1.078498023 -3.126744303 -0.1822476845 0.09931049563 -1.050874909 -0.07245398677 -1.265316557 -0.3465772084 0.2164627278 0.03041075749 -0.337617837
2.530529895 2.24063919 0.315429376 0.8126389361 0.4740436031 0.4894233531 0.3112594298 0.294441262 0.04673314736 -0.1711468605 -0.06299788483 0.05449787852 -0.0003365788874 -0.004182327545 0.05486006097
4.085837022 1.000881263 0.7511767713 0.4527225963 -0.7387064567 0.9117842027 1.375440288 0.3584620149 0.09807999423 -0.1440470767 -0.5397891004 -0.0349665821 -0.02604454936 -0.03367355507 0.4385977409
3.630285055 2.681365814 0.2169031162 0.9189820285 0.7141397291 0.5467838801 0.2512451051 0.2208729494 0.02897083037 -0.03623706159 -0.006591276842 0.03090089093 0.08612753276 0.07660962513 0.07126935469
5.667368549 -3.778206201 -1.147294439 -0.1217319736 -0.9452905929 -2.162534791 -0.2885285706 -0.6765428747 0.2014176764 1.108097431 -0.7592740266 -0.5690211084 -0.3645260426 -0.4525581226 -0.6819853064
1.34787167 1.767430168 1.301997486 0.3196766588 0.7572018378 0.3022225965 0.4618772986 0.2813759508 -0.08330870186 -0.2088134002 -0.1921167604 0.01043640879 -0.1253862684 0.1480705374 0.093711217
5.978933736 -0.7008196106 0.2288186918 -2.476375711 -1.913512761 -0.02305992377 2.024636554 -0.01302901405 -0.8247802246 0.05373164447 -1.549144292 -0.258319097 0.5439451073 -1.23764229 -0.2532379493
4.153517682 1.733317535 -0.2724843228 0.4379329259 -0.07197219962 -0.1143511999 0.003646735908 0.009424886338 -0.2265851912 -0.1861329983 0.01100114207 0.1169013127 0.1195113491 0.274598794 0.2156259522
3.53144607 -2.657792147 1.274402926 1.639217787 0.2958203099 -3.945515694 -0.1331387051 -0.762514193 -0.904669914 0.1583892766 -1.310713032 -0.367696445 0.3036710771 -0.1438706452 -1.066289546
2.831741888 1.297971724 0.3395858295 1.194269889 0.5845746128 0.4408812819 0.1598734237 0.07738058553 -0.09074458868 -0.05993234666 0.06095503245 0.1303305815 0.08460292514 0.1263039882 0.1261460725
4.868515109 0.09368354108 0.330699712 -0.5510716132 -1.401735126 0.5755063968 1.864478626 0.02261041581 -0.1531968022 -0.521175739 -1.514878826 -0.1719865546 -0.1919588846 -0.9755848996 -0.2332792651
3.014074218 2.850537822 0.2464395106 0.4265955809 0.1554054548 0.1435272802 0.01735968969 0.09278868032 -0.1402771444 -0.2806717065 -0.07194308356 0.1600957816 0.1810261146 0.09313885514 0.08144892179
4.625718428 -3.014850949 -0.005827472401 0.9958861164 -0.6335216175 -3.643073104 -0.3957362813 -0.9430703208 -0.1521279538 0.6255782537 -0.9690942988 -0.3947038518 0.4460263529 0.470911758 -1.070791561
0.1527409189 -1.939443937 1.194113369 0.5651020911 1.100715526 -1.181001995 0.4931927935 0.4415136127 0.1104103441 -0.08617935158 -0.1039716178 0.6436725982 -0.254848344 -0.2051486113 0.160423327
6.31892245 -2.858130844 -1.401446273 -2.187748565 -0.8238499345 -0.5648013407 0.5597980311 -0.313944711 -0.8327579894 0.2631988926 -0.7290348919 -0.3878365148 0.001712867745 -1.047094987 -0.8570501305
3.522213065 2.214770345 0.5032836764 1.229081082 0.5865685055 -0.09435713189 -0.5948370153 -0.5793220607 -0.5728810464 -0.2340797077 0.09900069626 -0.02191868766 -0.04797478825 0.3670044837 0.3543975356
3.429720067 -0.7721919181 2.009617825 1.108504589 0.9169881233 -3.009089988 -0.7105903418 -0.3725136345 -0.9635651876 -0.6044077329 -1.652791728 -0.1378023615 -0.09201084457 -0.01403718424 -0.3028376739
2.710503366 1.83023348 0.12967377 0.3542804941 0.1222875171 0.3931699372 0.05635939708 -0.05869119663 -0.249072079 -0.4259264039 -0.2092053022 0.04701250819 -0.05201243296 -0.1350861302 -0.05027574312
3.546241302 -0.4182283715 0.4713466896 -0.3238022305 -1.174207815 1.187519173 1.781871406 0.06935369399 0.1256300381 -0.207711999 -0.9849451485 0.1252360918 0.106311581 -0.2275719201 0.2600395126
2.93671603 2.753276772 0.8249427397 1.089819782 0.5351222995 0.3580703213 0.01071466784 -0.06714202458 -0.3457272162 -0.4716286626 -0.2521673414 -0.03495405346 -0.04074598103 0.06086922885 0.09025987811
4.805798143 -3.314191467 -0.6042011976 -0.5518171571 -0.03708127622 -3.594415515 -0.1632821189 -0.8251873229 -0.200120526 1.169907605 -1.213030628 -0.667263125 -0.3842858877 -0.2330531655 -0.8960385392
1.796186432 0.4676327362 1.285427462 0.9750396415 0.3564388882 0.4100760247 -0.00158070518 0.1231894704 -0.01126651646 -0.08375830176 -0.1943150248 -0.105427657 -0.003249992843 0.08328982408 0.03007923412
5.974381334 -1.704557055 -0.424235531 -2.965652431 -1.331068999 -0.07906658681 1.129764917 0.1256670359 -1.029149378 -0.1612554766 -1.189499109 -0.3936768842 0.5846014528 -1.230145548 -0.54909763
4.258236336 1.905033769 -0.1717655208 0.4603813391 0.439204662 0.5183753679 -0.1799663582 -0.8172019253 -1.092058404 -0.6985180769 -0.06249711866 0.3830676363 0.4318245643 0.2270238345 0.002670458605
3.385129189 -3.122947321 1.163590251 0.6933400521 0.3514972607 -4.245358545 -0.5096070497 -1.042100956 -1.106485444 0.1047349357 -1.358931632 -0.2046203666 0.530658522 0.1290266029 -1.128545112
3.503632219 0.7280059773 0.06921957341 1.08148648 0.3181783587 0.2157852601 -0.09387237714 -0.3251870345 -0.2606243056 0.1212869693 -0.1866262661 -0.4709650138 -0.3085496384 -0.005006586718 0.1316942655
4.366583159 -0.2373536444 0.6165867082 -1.765279069 -1.39278461 -0.1022159705 1.597435485 0.06771522929 -0.5361383042 -0.2975406088 -1.700765311 -0.3301003644 -0.05823420419 -1.270385179 -0.2802819529
2.859441952 2.345068356 0.3004223902 0.4611748108 -0.08959710161 -0.1410474175 -0.3925973617 -0.3355835058 -0.4144977433 -0.4418543699 -0.1892500487 0.1332132263 0.1537825197 0.1411692816 0.2197118387
4.713055665 -3.067899385 -0.4747294506 0.7456467595 -0.4192263066 -4.49447405 -0.04906075226 -1.41726837 -0.4417866678 0.5923790109 -1.477978769 -0.2137886694 0.3927872802 0.2437339092 -0.7984366321
0.7952414443 -0.6173882251 1.813823456 0.04492619963 0.681975217 -1.644220305 -0.1907349983 -0.06397743492 -0.4014908801 -0.3398030207 -0.3816835968 0.4465391091 -0.2449309186 -0.0001673479434 0.1472436693
5.920273484 -3.31445229 -1.486042233 -1.861725288 -0.3252938487 -1.800002323 -0.09099865544 -0.5269479686 -0.3616433733 0.8998262976 -0.7902102184 -0.6862734341 -0.4981747278 -0.9627624461 -0.8245038393
