6.924077117 2.800595709 1.365138024 1.651778711 0.428013946 0.03664739445 -0.6934660259 -0.8954685243 -1.08858717 -0.9405290539 -1.090657654 -0.8949659707 -0.9160397144 -0.7787970161 -0.3917521487
3.072103276 2.221170027 1.355703107 0.3601514676 0.09323174402 0.07021966789 -1.15070773 -0.9787516712 -0.7767099544 -0.3655544476 -0.3619503651 -0.3917796715 -0.3467969621 -0.1334118508 -0.09940774262
4.845049742 0.2472982326 -2.342845683 -1.843673393 -1.649533641 -1.462277675 -1.310363888 -0.8880232555 0.1053703785 0.4430364275 0.4702875289 0.3630419481 0.07369125291 -0.4043220968 -0.5476818683
2.546715545 -3.636202022 0.1786747555 0.01268604869 -1.020369331 -0.5381323119 -0.3159899011 -0.7554401984 -0.6067696086 -0.1866229968 -0.1261680861 0.4897592588 0.05901320186 -0.7207768734 -0.0906395425
7.531971468 -0.2042141585 1.714800386 4.147862982 2.106438614 -2.563933088 -2.960904188 -0.1537283239 -1.076300874 -1.637669145 -0.8090996528 -0.9689458129 -0.4013876699 0.2013664906 0.2344405769
6.210776387 1.038430696 -1.347724354 -1.168707137 -2.452996474 -2.353205253 -1.700427881 -0.772611824 -0.2435420326 0.2965398666 0.3683380755 0.6425718266 0.4094515652 0.2812398371 -0.004575599063
11.24444153 -3.049559316 -5.95485489 -1.41040234 0.5035280076 -0.9075179069 -1.834248568 -0.6226285072 0.03052429529 -0.3743793608 0.5501400349 0.5582917992 -0.2599710262 -0.1924926434 -0.3640336979
0.5553439395 -5.738170492 3.025852741 1.072415471 -3.349644069 -0.8408094893 -0.40822697 -0.3282184581 -0.4112732005 -1.198495239 -0.3305155711 0.8968010179 -0.3396255916 -0.7461990205 0.5662206598
5.541534376 0.952474937 0.1557833838 1.401187964 0.388859433 -0.5946709217 -1.076224901 -0.876977585 -1.02284325 -1.020011302 -0.7935651066 -0.6191208033 -0.7380342552 -0.5998197782 -0.3610723814
3.223334832 -1.771085086 -0.5067380056 1.513626812 -0.8557288011 -1.847793929 -0.4337459595 0.2991477662 -0.9920737158 -0.5386774583 0.526575776 -0.07473642213 -0.8019339247 -0.2285195241 -0.8348608627
7.869021939 -1.751301272 -3.981260207 -1.808992515 0.1210233027 -0.3371661609 -1.910002851 -1.695666992 -0.5328704028 0.2832490353 0.4379118406 0.522531807 0.2356243732 -0.06593555792 -0.2229507169
-2.269124446 0.9998841482 0.1670699953 -1.656515746 -0.851093625 0.4174392014 -0.2047103924 -0.2258307841 -0.5146270352 -0.5909655283 -0.675067586 -0.2101723435 -0.1106036209 0.146521318 0.08207507551
5.339010849 0.5044540173 1.628219369 3.336801868 1.772087021 -1.748490693 -2.705913264 -0.6873861365 -0.886413878 -1.178317637 -0.939034099 -1.279803873 -0.4329168387 0.4141264525 0.3117460982
5.859866402 0.5980252129 -1.006123336 -0.2863130858 -0.8318130288 -0.8908899455 -1.31537439 -0.9265188055 -0.8168578019 -0.4987570678 -0.7497652319 -0.1099377953 -0.1286652719 -0.2167636573 -0.03389218489
8.204273546 -2.55448831 -5.622718769 -2.531223445 -0.246641984 -0.5651024522 -1.698511162 -1.214021058 -0.1779099434 0.3732481591 0.1258993233 0.1367213303 -0.01358495452 -0.1822332626 -0.4400457928
-1.276970558 -7.06204171 1.524636679 1.104616357 -0.2706340256 -0.3831303433 -1.570478084 -1.417783003 -0.3852631171 -0.1224372004 -0.1492011645 -0.150190573 -0.7223198537 -0.6306656604 -0.443802669
6.940577842 2.107486091 0.7892531356 1.731235801 0.4153980853 -0.6792496113 -1.768140297 -1.718575812 -1.626729597 -1.262345505 -1.477608671 -1.167088018 -0.9822189261 -0.6231568656 -0.128415685
2.484908598 1.895657409 0.8075231237 -0.02215772264 -0.1070863917 -0.2679753087 -1.870742652 -1.293185182 -1.055060035 -0.5429383462 -0.4707485311 -0.535533889 -0.4840032383 -0.07855261838 -0.2725633652
5.12743024 -1.292540323 -2.425839528 -2.456174781 -1.266335658 -0.2314201383 -1.357291916 -1.634172061 -0.6413474867 0.6145950229 0.8420460324 0.8542427938 -0.1410075706 -1.182312788 -1.51431299
1.131698573 -5.342550312 0.1147373338 0.7337882962 0.1739441961 0.5915510978 -1.164557172 -2.000795966 -0.02504856992 0.2976314134 -0.02563676793 -0.5241429498 -0.4684282534 -0.08983336293 -1.009671847
6.129816997 -1.344420451 2.273225027 4.659347043 1.898451185 -2.518523708 -2.856844821 -0.3123142035 -1.010383939 -1.42061282 -0.6198165515 -1.432825179 -0.7379278224 0.7302719063 0.3986264437
4.763178377 0.5295768911 1.525134978 -1.603437947 -2.604551391 -1.383659577 -1.948777058 -0.5985291883 0.3828257259 0.6890504911 0.1950503811 -0.4453651753 -0.484762165 0.3168295682 0.4454733947
9.694876772 -2.601807022 -4.910627369 -0.802449657 0.4840008953 -1.245958337 -2.468006164 -2.071691351 -0.7590844749 -0.5451922295 -0.462458452 -0.3670389059 0.01417600335 0.02349813067 -0.4822451246
-2.46370618 -6.755540712 3.472544668 1.39831254 -2.175639987 -0.9259018375 -1.024422151 -0.4601791418 0.160572957 -1.156002731 -0.3266725791 0.3973603731 -0.2955313924 -0.8886664709 -0.1676897028
4.91746376 2.135339998 0.6244066481 0.6693478622 -0.05099983789 -0.6978476395 -1.418275907 -1.614262321 -1.522026004 -1.422625796 -1.489412277 -1.174016823 -0.8974475067 -0.6423516434 -0.2925022574
2.423179862 -0.7057924296 -0.8504908142 -0.6385522791 -0.338925736 -0.1726684604 -0.5449914252 -0.8792740517 -0.4526056075 -0.693471326 -0.496662818 -0.445006589 -0.329744317 -0.1543657496 -0.3731525373
6.050293629 -1.820648783 -4.189039148 -2.05642995 -0.2088935546 -0.7566809499 -2.361658857 -1.938155117 -0.5283131098 0.1466510298 0.02183077107 -0.1537475875 -0.4150210236 -0.2763201938 -0.4989435222
-2.074254527 -2.708455747 2.446043628 0.07710907837 -1.169152247 -0.345407369 -0.1958490432 -1.057287044 -1.318923893 -0.1529903105 -0.8702119699 -0.2954188665 -0.4355808983 -0.5343078708 -0.1843644092
5.296068455 -0.7232585462 3.356029085 3.174834805 2.002456255 -1.1069167 -3.651730136 -0.6376113583 -0.7079066578 -1.447011613 -0.4222914278 -1.500708399 -0.75619034 0.5244222446 0.784253278
6.201796262 1.003082103 -1.60215352 -2.481712659 -1.619896237 -1.026825539 -1.246863308 -0.4484610682 -0.8106653154 -0.6885690198 -1.007366256 -0.3110228462 0.1512238285 0.4190522759 0.665991316
8.61590783 -3.645378411 -7.143647411 -2.702490255 -0.3516443104 -1.128874665 -1.762790283 -0.7544615689 -0.1693194946 -0.02115606365 0.2775566035 0.4971195921 0.1264063833 -0.1763403728 -0.07106333342
-3.787088854 -7.317265008 2.143176195 1.201490483 -0.412284139 -1.004618958 -1.368054402 -1.43847184 0.2503243205 -0.336652866 0.04383218899 -0.2274393383 -0.5753962807 -0.7934906474 -0.09198774049
