4.808459408 0.2646914178 1.488071123 1.966735091 -0.6799456878 0.4801732175 1.025637811 -0.2021099629 0.2259086483 0.7398214446 -0.06495142819 0.03796363556 0.5453373187 0.1474013596 -0.1317624467
3.424033905 -0.3528323996 1.014152694 1.819635285 -0.3371394829 0.6388922443 1.012076476 0.07021933573 0.3910100261 0.5619847286 0.06700930645 0.06769781202 0.2811311122 -0.01941949139 -0.1156759558
5.735970743 -0.5706359665 1.254120407 1.34797072 -1.39798616 0.7661892584 1.429476375 -0.402239939 -0.04280848933 0.7117239869 -0.068549861 -0.213831145 0.449131843 -0.09242946197 -0.5243673123
2.423467911 -1.314038463 0.8830660025 1.713178589 -0.761401969 0.2424534201 0.8962866366 0.004784283489 0.2406980917 0.5989354193 0.1936458621 0.0336425434 0.1463265441 0.02335836066 0.005908791697
7.789473492 0.4619623797 0.4607402407 1.272580115 -1.691159669 -1.214724498 0.5004593624 0.4375220356 -0.2070200059 0.1201571223 0.4350447085 0.08667272826 0.2940520978 0.1480760061 -0.5679557571
3.12129843 -0.7331309342 0.1136687961 1.430073591 -0.8719623169 -0.5151714783 0.5771779618 -0.02653221702 -0.1622237058 0.3510888745 0.2770743163 0.06516777596 0.3061784027 0.2193973676 -0.03305003787
4.582678405 -2.825931763 0.5949234516 1.917700715 -0.6228081304 0.9428865918 1.380521369 0.3364889064 0.4556451907 0.6940588921 0.5162448251 0.1313766732 0.161801157 0.1659585104 -0.06291555205
2.423769576 -3.119701652 1.496975411 1.151806802 -1.41316747 0.2267893907 0.4492706387 -0.2964744728 -0.2845324719 0.4032470798 0.5331693439 0.1832708235 0.05838186918 0.1764319045 0.2222727324
4.807930589 1.449383251 1.25684079 1.822828795 -0.3534473827 -0.4201880139 0.06382293321 -0.4694859277 -0.3609111034 0.128207021 0.07245600649 -0.009245156739 0.3493499514 0.292522331 -0.2242898094
2.540258063 -0.3303894763 -0.0001724998974 1.249102922 -0.1982725205 0.07677617994 0.7623918161 0.3420287599 0.02437066901 0.3188972105 0.2784379862 0.01408287065 0.1422813386 0.1411385969 -0.02593945667
5.699343296 -1.646492325 0.6661639501 1.537984151 -1.223007121 0.7246709591 1.659390663 -0.01660672766 -0.003573783575 0.7157879257 0.2793177594 -0.07391944618 0.2948877248 -0.2253491285 -0.5045855827
2.14475205 -1.712411774 0.9977162876 1.708552355 -1.409553592 -0.07377633571 1.052710483 -0.3641739233 -0.2903938928 0.4467942556 -0.03486168794 -0.2451959093 0.2754441247 0.2362338865 -0.0308404273
7.620254323 -0.7749809079 0.473342527 1.056653992 -1.748809417 0.1265297687 1.427165851 -0.1696803716 -0.193777236 0.9504859739 0.05869799123 -0.4929095389 0.4156659447 -0.1316619751 -1.017305631
2.382350069 -1.525785945 0.1524618897 2.082501593 -0.833985031 -0.9068530568 0.8215666569 0.3254135892 -0.5994179306 -0.1181336603 0.3106917204 -0.2316286564 -0.2875172246 0.1887924488 0.2528012928
3.85035211 -3.85566284 1.130608306 1.886406 -0.1312915982 1.267522736 1.344554622 0.572316268 -0.227225627 0.3557905091 0.4343022045 -0.372242951 0.0002703622603 0.1447651427 -0.1103796907
2.737995769 -3.331162583 0.2859407321 1.777831614 -1.232881262 0.1141745404 0.8147181411 -0.4086887497 -0.1467722334 0.5001825005 0.2362772397 -0.03886169817 0.3938096562 0.3714863449 -0.05430970442
4.68665041 0.1677455942 0.9249668082 1.764610118 -0.686464769 -0.006138045104 0.8434885257 0.02069839388 -0.145485417 0.2964044039 0.1151408013 -0.2062057033 0.1087374105 -0.08073060395 -0.4856228489
2.93708044 -0.6308398851 0.2838594968 1.703284782 -0.2564960887 0.1850713936 0.9112621731 0.0947710036 0.00296786277 0.3590466388 -0.02315641126 -0.2182438102 0.3105744191 0.09675575557 -0.2010099119
6.245420124 0.2322527721 1.333767873 1.224705208 -1.477065476 0.4509333986 1.039383236 -0.6455998354 -0.09701290478 0.7120676922 -0.01819140606 0.09933380556 0.6720879457 -0.1118042407 -0.5912810272
2.156382718 -1.187117008 0.657126264 1.345349846 -0.857471645 0.1177997419 0.6156003083 -0.2052577084 0.01890879529 0.1948593278 -0.1682111421 -0.1229601308 0.1373817693 0.06869881858 -0.02108465112
7.340418371 0.9079743916 0.3878786494 0.9600592246 -1.238220697 -0.4651308551 0.6325628466 -0.3455877192 -0.7069469672 0.2586575501 0.3100256439 0.0307093712 0.550755861 -0.0456740715 -0.817243386
3.417312966 -0.9675754795 -0.9294048766 0.8834015174 -0.8222951508 -0.8805097572 0.001336095149 -0.1712513093 0.259675182 1.080052544 0.8468920019 0.122674554 0.04641700278 -0.2239189521 -0.4861588643
5.103215061 -3.129859014 0.1647100776 1.665611295 -1.128780837 0.7824332938 1.879924499 0.3549059826 -0.1100218744 0.5127576195 0.3821907944 -0.1637135341 0.1516938279 -0.0202859065 -0.513047125
3.143939165 -3.252653497 1.624086155 0.4842615743 -1.933092741 0.2749816877 0.2828519253 -1.186172354 -0.6516620955 0.3458522474 0.2804776653 0.2238553719 0.3884324931 0.5401232891 0.3965364958
6.084604156 1.051503836 0.9929472953 1.445587734 -1.015098794 -0.793991016 0.1079750225 -0.08603824539 -0.1041548173 0.1574421608 0.1871095861 -0.04475957409 0.2138570137 0.027447119 -0.357906387
2.562533446 -0.4763297711 0.156126752 1.570425097 -0.2408948724 -0.1758376671 0.4870712023 0.02733628655 -0.2738251148 0.01159048629 -0.03216244512 -0.2245373252 0.0640900091 0.1073599965 -0.05897948308
6.397705288 -1.339447923 0.5610052078 1.112467517 -1.461499851 0.7331680033 1.586330212 -0.2629085102 -0.2972176582 0.4423166311 -0.1439033958 -0.4472498495 0.2304159976 -0.1039961174 -0.6317596135
2.258938626 -2.254450304 0.5775652614 1.232304794 -1.475616226 -0.04206286915 0.5651179538 -0.5690292792 -0.3060018609 0.2132964297 0.03048991253 -0.184982328 0.01082100647 0.06424492485 -0.003412792201
7.418365322 -0.1035927252 0.4191538102 0.9277715082 -1.389248117 -0.07009469439 0.9442306828 -0.2798018121 -0.4455127469 0.51294519 0.1530129217 -0.2552249136 0.3761208661 -0.1200003961 -0.9172273273
2.185588571 -1.00405355 -0.2031239588 1.094851071 -0.742417061 -0.4571802478 0.579716903 0.225155554 -0.006607687609 0.1705572089 0.01498775845 -0.1271179294 0.1219736926 0.178090714 0.04823534212
3.559151286 -4.031397664 0.2793537421 1.603028456 -0.7673750856 0.9166834914 1.236054702 0.01159370792 -0.2274255307 0.3908237047 0.306544417 -0.2805924431 0.1816974156 0.1448831168 -0.1914770844
2.790544603 -3.283681922 0.2170070052 1.685516697 -0.9980061189 0.1637641521 0.7377607473 -0.4431638114 -0.386918288 0.02592537861 -0.1251156851 -0.2035521531 0.07643538431 -0.08486478836 -0.3268683765
