8.270371076 2.146452617 1.299898007 -1.203369835 -2.977746011 -3.881144067 -1.401125349 1.549814999 -0.1710571127 -0.9237187406 -0.3436619047 0.1343683628 -0.6027398723 -1.265921401 0.2049878367
-5.382767473 4.265594566 -1.340472593 -1.292979545 0.3666922955 -0.2256977501 -1.31294035 -0.7606935405 -0.6158054833 0.01606851561 -1.068257039 0.1879131165 -0.3353706541 -0.78589484 -0.04257350105
7.753946178 -4.749510825 1.026495404 0.03425676128 0.6212975501 -2.996064081 -1.286246189 -1.038590049 -2.02111238 0.8468378882 0.03582550558 -0.2434634445 -0.2889559607 -0.4670250849 0.1142000508
1.695787089 -3.646560715 0.9027316693 0.8623181722 -1.287874206 -0.7212434122 -0.4337207842 -1.186425075 -0.7442979177 0.2267821646 -0.4453259757 -0.2566696902 -0.5780343121 -0.3850988612 0.08688850649
4.808411215 1.18074372 2.510053256 -0.9721633822 0.2695583854 0.3664199773 -2.844187549 -1.135382654 -0.3877672947 0.1555061174 -1.264880116 -0.6705983634 -0.04398157037 -0.9121028414 0.5306304048
-4.301841276 1.587391166 2.627285881 -1.759929114 -1.523581212 -1.868543894 -2.092429028 -1.662078314 -0.8115254168 0.03266687779 -1.310335759 0.2219929634 -0.01110310441 -0.1194606908 -0.1590346007
6.006618202 -1.122658738 -2.065747273 -2.30615947 -2.273816354 -1.733392353 -1.437006763 -0.009656007593 0.6601856854 0.01041771223 -0.4760742857 0.2372065741 -0.09147197627 -0.5544521685 0.1065596218
-3.270175952 -2.278186069 0.9011061069 -2.780038914 -1.702507502 1.614486205 0.01851412088 -1.127828722 -0.7513880188 0.003508263723 -1.157279693 -0.1973069015 0.1730340285 -0.7078955098 -0.4929978951
7.718342929 1.338423798 0.6691417058 0.7105610443 -1.404969965 -1.385493792 -0.1322766588 -1.150630825 -2.367712572 -0.7801041627 0.04737406722 -0.5405310352 -0.377876277 0.6549367517 0.3741329943
-2.610082181 3.803841907 -2.308169486 -0.2738308594 -0.1957170997 -0.9798004295 -0.9483675957 -0.3873929607 -1.144648145 0.3048984995 -1.055899877 0.1361730277 -0.0345007495 -0.7266165765 -0.07223983048
10.05952719 -2.921173862 -1.157713666 -0.9404748864 -1.86069816 -2.264197406 0.1839644284 0.2934376866 -2.660396206 -0.9759251215 0.9300675892 0.09416197112 -0.09596657219 -0.2202112562 -0.7155377557
0.6157017688 -3.676025492 1.39812859 -3.665152274 -1.287998785 1.814901979 0.02953844473 -1.367546257 -0.6204565878 -0.261065202 -1.57325577 0.3734506678 0.7460719761 -0.8456625894 -0.3939938427
5.670640676 0.990926595 -0.3333194957 -0.4090482109 -1.115078776 -1.327213208 -1.600139999 -1.240966961 -0.9241827733 -0.102911368 -0.3198167303 -0.1815049208 -0.2998425406 -0.2622212117 -0.1271045993
1.266976876 0.5478589078 1.356243827 -1.403480744 -0.1680645724 -0.6227649393 -2.110960177 -1.437951779 -0.8846479618 0.1130008939 -0.6886406612 -0.1199787809 -0.3570697127 -0.6496421918 -0.1134579758
6.000276407 -3.392146082 -5.092795453 -2.962960918 -1.286060998 0.5207736594 0.9545884359 0.3373020922 -0.7838563973 -1.043305103 -0.7084641071 -0.1269728278 -0.1466286927 0.03347599785 0.4343871844
-6.472075252 -1.200093716 -0.36072984 -1.1761549 -0.3373054869 -0.4389558308 -1.322023956 -1.297743511 -0.8522951832 0.9756045064 -0.1360095397 -0.2657263784 -0.3722945767 -0.4964748078 -0.01655377658
8.299749632 -0.9949370957 1.130335592 -1.72975922 -2.725857834 -4.042019905 -0.5928317795 1.948607562 -0.7806430156 -0.5653642977 -0.6049481898 -0.1759862108 0.001538507788 -1.116659964 0.3415791053
-6.562732562 2.354290012 0.08108219241 -1.149326409 -0.1901681672 0.09033997954 -0.915146461 -0.8003479365 -0.8826428582 -0.0822834344 -1.442932225 -0.08195930597 -0.05635762347 -1.126670629 -0.4233197398
6.837535426 -3.756896813 -0.8222726843 0.07721692755 -0.2171156624 -2.62641572 -1.286008942 -0.7476872084 -1.700501765 0.491721747 0.2790134384 -0.03998874355 -0.2297225617 -0.7056125468 -0.02877817181
1.257246975 -7.055615507 2.167590283 0.6915430319 -1.831862765 -0.5470346179 -1.262739905 -1.876712968 0.1153584943 1.116857088 -0.6455287846 -0.3267309426 -1.007167349 -0.4791820393 0.4432082982
3.099397968 0.06256447475 -0.3090174337 -0.4855571718 -0.7221428526 -0.6217635933 -0.8082396921 -1.043624368 -1.046639407 -0.3023768346 -0.2089726733 -0.03839569162 -0.2017356801 -0.2563554909 -0.1558729568
-5.839710162 0.3744798962 1.926505635 -2.330906593 -1.71093633 -2.311203627 -1.939624867 -1.28357581 -0.5178661473 0.8032501551 -0.169147884 0.2661861716 -0.4932046186 -0.8955307095 -0.1971709235
5.121507485 -2.659099294 -3.363488424 -1.868673511 -1.035875128 -0.1388555249 -0.1635894784 -0.3345626702 -0.4224084281 -0.5436932874 -0.6660035305 -0.2243918897 -0.5746369014 -0.4304282471 -0.02072737924
-5.794072374 -1.717860753 1.216298464 -2.912618833 -2.09948873 1.595625397 0.2672397564 -1.467701295 -0.9769878159 0.01142630396 -0.9678663538 0.01117994373 0.4777553423 -0.3054978766 -0.3678420673
9.643790629 0.6571508651 -0.2120397494 -0.1695665114 -2.865222138 -2.203628526 0.8533928097 0.1984748833 -2.828143919 -1.944607753 -0.04106993306 0.1433163835 -0.08775518024 0.4212026119 0.05376308016
-1.993306206 0.2871878397 -1.986196437 -1.298683891 -2.698157774 0.1200602463 1.70490593 -0.8396461567 -1.807921493 0.6309381358 -1.327487839 -1.188256868 -0.6997806954 -1.493045243 0.3970574944
7.354423327 -2.215311046 -1.322841944 -1.01726395 -1.580826679 -2.002962801 -0.2484424152 0.1261549273 -1.826978654 -0.9128558927 0.3760421569 0.3300469017 0.0240877222 -0.4837711444 -0.4650991756
-1.52221989 -5.033317821 1.169580205 -3.331726465 -1.089629325 1.441901995 0.8652825548 -0.7077940703 -0.8457019656 -1.064981993 -1.325544734 0.5826118552 0.663987312 -0.4582684444 -0.3039030473
4.258807096 -1.029366151 0.1763738975 1.193122975 0.4082918827 -1.456004273 -2.407510819 -1.296123519 -0.7859615978 -0.8255937799 -1.382674762 -0.6987206727 -0.2901593691 -0.3246261398 -0.5033951001
-2.867738542 0.2166862198 0.7522093462 -2.582746582 -1.412686468 -2.121519167 -2.129076384 -1.927875133 -0.5914058697 0.3967214909 -0.6296984958 0.3411025555 -0.3613584965 -0.8510214009 -0.6365603016
3.74331076 -2.516374276 -4.762774819 -3.14649982 -1.570426464 0.228686392 1.087650835 0.631859422 -0.6866041715 -1.102872092 -0.6964132507 -0.1576708791 -0.03072544221 0.2308051603 0.488690503
-6.760534495 -3.196923803 0.0521739232 -1.866276878 -1.939019424 0.5113624511 -0.09696180597 -0.5046628406 -0.7275054441 -0.7214142514 -1.20137463 -0.08999480429 -0.2556750319 -0.4638288767 -0.05136340369
