8.768788359 -0.8931171937 -0.5064200433 1.894642946 -0.3576310245 -0.2852371575 -0.1904979518 -1.027881773 -0.9621764077 -0.1242700882 0.2600107282 0.1276499712 -0.03882394088 -0.0406443602 -0.07346156325
11.14550685 -0.4887868156 -0.07203581739 1.424786265 -1.650840797 -2.380076764 -1.303358238 1.053661179 1.351993638 -1.881750287 -2.182527477 -0.2080134313 0.1912204653 -1.104309963 -0.3087348124
5.459397168 -1.28774705 -0.5930507319 1.669614801 -0.7051087112 0.1270524316 0.6017326116 -0.06923161965 0.3564538552 0.4880372758 -0.1563473455 -0.06862946723 -0.2863038631 -0.5551089966 -0.2929071841
6.642909017 -7.84807273 3.339037695 3.981637943 -2.110081211 0.755872541 0.4674648653 -1.501878469 -0.3551906581 -0.7654772978 -0.3301100293 0.7309906434 -0.9027065694 -0.689637879 0.006072257947
6.941627244 -1.778916477 -0.2553280039 2.129884378 -0.6912205073 0.4772490508 0.8360880203 -0.2767605536 0.2200442956 0.210397678 -0.4481828304 -0.1741513804 -0.5048505729 -0.5707697949 -0.128883327
11.87254479 -1.625666694 -2.198904598 1.475755725 0.3429697237 -0.5924176072 -1.123749363 -0.52507501 -0.03315414284 -1.493132533 -1.199875687 0.2004443414 -0.1358404353 -1.320557273 -0.02136170456
7.004715978 -1.691572182 -0.3985112057 1.603070379 -1.266903784 0.1445547331 0.6665034589 -0.4221781146 0.2081666002 0.4129075863 -0.1923305336 0.01953136978 -0.2551651192 -0.3241969552 -0.03242935723
12.27480098 -5.505267145 -1.667016527 2.638248005 -0.617235095 -0.2446325901 -1.022399574 -2.207243838 -0.2702906111 -1.226338523 -0.5523994056 0.5100833243 -0.2364558217 -1.937978164 -0.02278463139
7.221566272 -2.158634035 -0.4672078155 1.814616173 -1.134136211 0.2517467923 0.3987331741 -0.9192475212 -0.1217851847 0.1889493569 -0.4439373109 -0.14171763 -0.2814633881 -0.3574337997 0.02668779599
7.533002605 0.8681916406 -0.1252832996 0.5816247073 -1.696938521 -2.678259714 -1.307450535 0.7786828491 0.5540190883 -1.529845911 -1.766687419 -0.06287450171 0.05707826126 -0.7264874214 0.09941611734
5.339378704 -1.624800917 -0.8307754167 1.319866487 -0.9611551886 -0.09841342291 0.4287447282 -0.3650784657 -0.02969508376 0.09313568577 -0.48812715 -0.2531017587 -0.307817909 -0.3955901635 -0.1984866605
4.842162536 -6.808648842 2.980447248 3.948870167 -1.63666955 0.7202831407 0.3126808156 -1.607190072 -0.6593094255 -1.04149971 -0.5378985107 0.8366909808 -0.5240477182 -0.6500029015 0.2613318796
6.426989572 -2.201177989 -0.6895771136 1.726987038 -0.897782776 0.361927451 0.8007367822 -0.1802922502 0.3293434548 0.37169926 -0.3523288019 -0.1413917624 -0.455920776 -0.6030094803 -0.2409356404
7.714700164 -2.447798005 -1.936224396 1.40377051 0.4446888862 -0.5117984805 -1.284074589 -1.338802206 -1.00133839 -1.311903564 -0.6865485366 0.7351116033 -0.2369311812 -1.373042586 -0.1497008903
6.441516904 -2.314362176 -0.9927063643 1.308079613 -1.360409608 0.006860268364 0.4547367137 -0.5617691381 0.04858334997 0.335737675 -0.2738112589 -0.04327140823 -0.2299291533 -0.3580014746 -0.0924674443
10.46854479 -4.285060827 -2.029755348 1.556035136 -0.4525766646 -0.5209969713 -1.159873341 -1.786166334 -0.7305309513 -1.337091599 -0.8116429254 0.7676165386 0.02337890794 -1.298929157 0.2284214467
9.155683323 -1.004473917 -1.535227511 2.143381453 1.034262835 -0.8786095365 -1.450748805 -0.8433813842 -0.7211015994 -0.6384467235 0.2262340045 0.6002640556 -0.3728987242 -0.686382491 0.1274231219
8.355993059 -0.6973065515 -0.03273002006 1.397941856 -1.660574288 -2.550701403 -1.478560507 0.4389384887 1.031112702 -1.489862207 -2.478379441 -0.1368786922 0.1379556501 -1.263234225 -0.04067417992
6.041623503 -0.957395335 -0.529818019 1.643797065 -0.8241224092 -0.1258993555 0.330161767 -0.4571705741 -0.09478243768 0.1507600563 -0.3644797921 -0.1371313065 -0.3119043464 -0.4738715976 -0.2170961728
9.571185935 -6.189466777 1.639140063 3.457001859 -1.314719434 0.5639931167 0.06489723973 -1.839412499 -0.6102201335 -1.155366567 -0.7929817613 0.4299396054 -0.7455908918 -1.352289951 -0.09937001984
7.052677563 -1.400163003 -0.01178074994 2.016576985 -0.950571826 0.1554743078 0.5374329268 -0.5321510169 -0.00972592853 0.2320252648 -0.3377985992 -0.04866244496 -0.3257938146 -0.5046579478 -0.1406181281
9.193346742 -0.8529261282 -2.184776278 0.66395174 0.08018482837 -0.9527202745 -1.12092138 -0.1847933634 0.08659889282 -1.508853158 -2.201707268 -0.5613954356 -0.05049270654 -0.8412660025 0.07256162622
6.962791908 -1.950567607 -0.6719082042 1.527225987 -1.267913592 0.05775491827 0.542978202 -0.4026938391 0.2879479971 0.3316864977 -0.4985456619 -0.2825614544 -0.5306960386 -0.6078748355 -0.1988999578
8.934560764 -6.899666747 -1.250098875 0.7615936474 -2.543829647 1.21259193 0.5606803876 -1.538419797 0.1887319748 -0.1190681334 -0.6125326086 0.07960887801 -0.371284456 -0.4445452753 -0.05498002931
6.815637529 -1.663548277 -0.3690613366 1.583157479 -1.35099637 -0.28202016 0.1242402242 -0.7909050699 -0.1427356147 0.08020020537 -0.5291474756 -0.2839718821 -0.4860784808 -0.6181098071 -0.2426739826
7.145434286 -0.3661219904 -0.7880973824 0.8494571718 -0.9675817536 -2.228359009 -1.536785247 0.07352526526 0.4865511425 -1.419626915 -2.205682445 -0.7550333846 -0.2256170397 -0.8013142152 0.3444193062
5.210532393 -1.383313712 -1.051126402 0.9281545649 -1.316315822 -0.5804198881 -0.001689784707 -0.4596577533 -0.1974846295 0.07971204202 -0.2482653194 -0.1191938891 -0.3461783056 -0.4781278451 -0.1165832689
6.600525225 -4.620566366 1.717941425 3.348796679 -1.451097459 -0.1887220517 0.2011708167 -1.353391758 -0.7916836096 -0.43072757 -0.2552992837 0.2093216542 -1.030341456 -1.316357675 -0.1873773754
6.332421882 -2.04502468 -0.4404003265 1.822161168 -1.149765875 0.04088578222 0.5371337737 -0.4932131903 -0.08549196957 0.03104929141 -0.4484874557 -0.1423223269 -0.4177952374 -0.4857183749 -0.09170177696
6.476312367 -3.085082595 -2.782171028 0.9114315581 -0.07108772063 -1.44568875 -1.659547146 -1.340559321 -1.2500369 -1.161268237 -0.3558099602 0.6910653616 0.06134858423 -0.6355444464 0.3478003109
6.37379347 -2.549110259 -0.932697471 1.341796266 -1.643829316 -0.2841161315 0.1788875663 -0.837437194 -0.164723628 0.1536002226 -0.4479898486 -0.1937984614 -0.5031609111 -0.5518611154 -0.09976329989
8.805678398 -4.408818892 -2.222244998 1.851000951 -0.5401290011 -1.208441992 -1.203298872 -1.702786177 -1.273583547 -1.054468561 -0.5452447322 0.535350665 -0.07553885008 -1.025449616 0.07348942023
