12.14971768 3.626180011 0.237026343 0.3503670362 -2.28212893 -3.299721239 -0.7839263298 1.376430038 0.1710564446 -1.113749896 -0.6595906339 -0.3882904711 -1.025145997 -0.7515675313 0.1769721716
1.827634357 1.26577853 0.01974587877 -0.2390372956 -0.2016288722 -0.3606672608 -0.6484001443 -0.1926030298 -0.4856594776 -0.6223183405 -0.5070905484 -0.4401359991 -0.3246543601 -0.1944764763 -0.2591456897
7.659812948 4.106051973 0.7283222084 -0.591029604 -1.413877501 -1.194048776 -0.408120456 0.3998393481 0.09875113244 -0.4354026668 -0.6033006188 -0.4987611086 -0.5614608252 -0.6733244848 -0.3133075243
3.651796135 1.710146818 -0.5537900377 0.7201640442 -0.1552225953 -0.7050255003 -0.4785101178 -0.09503216332 -0.5732350595 -0.6526194003 -0.4831007923 -0.4023931958 -0.443746655 -0.2869908174 -0.2252043281
9.25269511 -0.04583244047 -1.571378207 1.186015667 0.3954107355 -1.101634714 -0.4406582596 0.2515128036 -0.9051103944 -1.027197916 -0.1149113346 -0.132782574 -0.7195806021 -0.4083536733 0.03697586144
7.143520324 -1.479217002 2.126469784 -1.35799925 0.9680777355 -1.72693048 0.2023377432 0.477193682 -1.351697033 -0.8042210061 -0.7630173746 -0.3057205672 -0.5180373875 -0.1085955856 0.1518254263
6.644633336 -1.802267092 -0.9670570029 -1.529003157 -1.517409784 -1.21499806 -0.2367149512 0.2959288827 -0.06546559923 -0.5002757735 -0.4342693036 -0.04051190098 0.1420652492 -0.1835626461 -0.5886875995
5.248625535 1.969788633 -0.6199594435 0.8197903779 -0.150993179 -0.9675235595 -0.7766556214 -0.2617008604 -0.5531725148 -0.562265267 -0.3060499176 -0.2348567587 -0.2963307386 -0.2699327732 -0.268140361
13.79033022 -0.9290907132 -1.764999025 1.753263809 -1.680090726 -3.771475707 -0.5776367358 1.096779432 -1.026468579 -1.461370546 -0.4086682687 -0.8130719485 -0.9134730794 0.3615222345 0.5172078407
2.709091805 0.8637556628 -1.021054577 0.5473935037 -0.2260085958 -0.7299618417 -0.4578377632 -0.05582406939 -0.5483575797 -0.6008704496 -0.3847886454 -0.3879857814 -0.4597879161 -0.3781891583 -0.2650239316
7.425755772 0.5332258115 -0.9868239237 0.9501349051 0.08187845083 -0.89675303 -0.7085010281 -0.3852180506 -0.9242213704 -0.8322107689 -0.3900935926 -0.3605537054 -0.5757110135 -0.3896811017 -0.1659204321
3.38768771 0.5651261155 -0.7084089259 1.332711299 0.02656402052 -1.162624743 -1.044474632 -0.4446071584 -0.7597505045 -0.6260928017 -0.351472301 -0.3679381205 -0.310345397 -0.2068504079 -0.2352624549
12.37985767 -1.777189355 -1.70803484 3.361623056 0.9410547403 -1.519441513 -0.5696933058 -0.3054567482 -1.528084218 -1.005268857 0.02251763688 -0.5750372473 -1.281699621 -0.4776770569 0.3264746917
1.009201196 -3.252157009 0.1600746059 0.3013674122 -0.3656915463 -0.3589296688 -0.9947636285 -0.06905554948 -0.2791301407 -0.9959398592 -0.585437453 -0.4501653419 0.2248713452 -0.07904254424 -0.2371674402
10.00924553 -2.893243228 -1.211076182 1.406818043 -1.208714299 -1.183420945 0.1462228317 -0.783651096 -1.307336463 -0.4715929087 -0.2714700004 -0.5462122512 -0.3644109875 -0.4507796606 -0.5143062794
4.093244951 1.034739567 -1.332569673 0.3359239903 -0.5475071324 -1.070669996 -0.4728039632 0.1171962257 -0.4023782908 -0.5120384615 -0.2581151014 -0.2477075741 -0.4053337618 -0.3001152806 -0.2282358714
9.69773883 0.7259459371 -1.001540923 0.8371017068 -1.526286921 -3.096601306 -0.8650414313 0.879576974 -0.6309557064 -1.545834101 -0.8428590791 -0.5672055169 -0.6854898359 0.07964266417 0.419078845
0.5557157948 0.9209806133 0.69500913 -0.9818347365 -0.1591415869 -0.3110579444 -0.6674566095 -0.2681070961 -0.5004307649 -0.5383987397 -0.4829114132 -0.5143008129 -0.2947473123 -0.1590808375 -0.2729180003
6.67752115 2.320906504 0.5087705037 -0.1175822563 -1.652865443 -2.447507499 -0.8996798506 0.6868253551 -0.5103162431 -0.8634473585 -0.6006590072 -0.8039961212 -0.6784847328 -0.4674080916 -0.139318567
3.487928815 1.239686954 -1.205554738 0.7849697335 0.2163929238 -0.8691915122 -0.9231771626 -0.2998817514 -0.5101961358 -0.5914851251 -0.4019872401 -0.3520435719 -0.5061046954 -0.5015715169 -0.3821094644
7.310523136 -1.102240734 -0.9976555892 3.13268403 1.328042745 -1.594108802 -1.63809168 -0.8394386789 -1.118500613 -0.8469527487 -0.3367160182 -0.5581064377 -1.021027754 -0.5250685372 0.1449652636
3.874864039 -2.203136194 2.385001829 -0.4111649209 2.26116117 -1.64634109 -0.7131441128 -1.168672724 -2.084202394 -0.7471059589 -0.2968810746 -0.6150959018 -1.398111212 -0.6657073727 -0.02771717962
4.279916603 -1.768457802 -0.9388419239 -1.829386137 -1.390125813 -0.7435812339 0.2595316556 0.4061264158 0.02523867462 -0.6801368355 -0.6235812761 -0.1466540593 0.04694308718 -0.3043410741 -0.5995789381
3.837418973 1.435865681 -1.068677854 0.564463929 -0.3085058655 -1.285319885 -1.179015509 -0.6323914914 -0.8833514956 -0.7930936006 -0.4890624923 -0.33241478 -0.3443918516 -0.2230392719 -0.1623517975
11.79607921 -0.8654411499 -3.942584429 -1.026983554 -1.144871347 -1.512544306 -0.03484090273 0.9633134557 -0.1358994042 -0.7534724305 -0.4793605779 -0.4396594398 -0.7623412086 -0.3098183495 0.06385619007
2.643727407 1.526121836 -0.737777516 -0.06697333271 -0.5953371072 -0.8595739217 -0.7877805277 -0.4582262949 -0.7368919373 -0.5601786317 -0.2225512549 -0.1288721048 -0.2622303656 -0.3148188119 -0.2925619334
6.762022644 1.749671752 -1.723085176 -0.5463425012 -0.5291501667 -0.7040380587 -0.4828138311 -0.2067665182 -0.7253517119 -0.7274313253 -0.2547070852 0.0553012187 -0.06972492767 -0.3453697119 -0.457968336
3.31684905 0.6311282133 -1.451767311 0.2460537349 -0.7147347079 -1.382960117 -0.9479420227 -0.3520772002 -0.7553061007 -0.7122657136 -0.4283134582 -0.4399203478 -0.5230415595 -0.3605333233 -0.2543683891
10.01647578 -2.028052826 -1.339195461 3.415398845 1.344262616 -1.484701925 -1.548109517 -1.199759577 -1.521428618 -0.9359233821 -0.2541617929 -0.6120954476 -1.4377646 -0.8690364623 0.4161826619
0.1885720443 -9.079391531 1.729581901 -0.4095576148 -0.3540796366 -0.4328821391 -1.225411313 1.207148315 -1.168569593 -0.6137638496 -0.07635663407 -1.132999889 0.5703200442 -0.6486704203 -0.5259865779
6.40184395 -3.81454803 -1.820561648 0.6814258976 -1.485335229 -1.688152236 0.2780428847 -0.3144687152 -1.247550233 -0.2222459621 -0.1128529437 -0.4879499751 -0.2843467295 -0.1638866361 -0.3225071912
4.641439149 0.6076770992 -2.18675428 -0.131320357 -0.5896875278 -1.073008992 -0.5196423599 -0.1181578652 -0.829944753 -0.8938723595 -0.4635463055 -0.3462832851 -0.4590576394 -0.2989975406 -0.152628321
