7.059244964 3.727339384 0.2927401673 1.194635967 1.014194076 0.3225300959 -0.3455548237 0.09893310997 0.3587789475 0.04991223148 -0.2161005475 -0.04959545345 -0.02190061262 -0.0587947351 -0.04664325262
8.353236422 0.09123568431 -0.4150106942 0.9922242928 1.057331565 0.4981995863 -0.9245224251 -0.2492857025 0.5967874364 -0.5218570731 -0.3021173574 0.3415239987 -0.2549723653 -0.1617213585 -0.1167952265
9.672613602 2.243892276 -1.162499677 1.08916022 1.130807342 0.05779126816 -0.5310163535 0.1491272797 0.3283243345 -0.04294023646 -0.2473045898 0.1884730066 0.1975899384 0.0320174424 -0.02104342124
3.888454563 1.858340217 -0.5938085664 1.433987388 1.840582198 1.036038785 0.03034008565 0.4235061291 0.5854450958 0.1652104225 -0.1895391852 0.07642570792 0.1303670137 0.0183461106 -0.02278948844
9.93460243 1.408154169 -2.302102857 0.5245555777 0.3441567972 -1.220596485 -1.065883517 0.8712005914 0.803214279 -0.6569205064 -0.8388706743 0.07296540083 0.2202675563 0.4099855954 0.6670239745
3.275790717 0.09471844775 -1.364290745 1.755180641 1.812806173 -0.1691283098 -0.5123604011 0.848695362 0.8006542416 -0.263928462 -0.3914193884 0.6131681351 0.599385382 0.2053511973 0.08088219892
10.85752486 0.1899048324 -2.506178593 0.7409650209 0.4637117159 -0.2682213473 -0.6218851183 -0.261225077 0.2259648323 0.1542270927 -0.2769862151 -0.0533012804 0.01841371993 -0.1009999313 -0.01067399105
3.086810171 1.279725176 -1.110046203 0.976640459 1.535373214 0.9362431308 0.009341430303 0.4435986946 0.663412434 0.2740716808 -0.07511521221 0.1917828712 0.1778109078 0.03522466368 0.02172935047
5.676335979 2.91495703 -0.3355964679 1.032186372 1.01564763 0.1598068575 -0.6702405423 -0.01247387686 0.353101633 0.06302437565 -0.1955210558 0.07657502049 0.1258778331 -0.008030717789 -0.03323606142
3.691051516 -1.966126109 -0.7075206903 2.163296955 1.97052832 0.8413014162 -0.799694312 0.3074427961 0.8524489098 -0.4640661922 -0.1428067145 0.6301618681 0.07472475413 0.1596019517 0.2088486096
8.718290495 3.330169353 -0.7008094266 0.4687540895 0.586694001 -0.05140361204 -0.6217877821 0.03193712755 0.2554096306 -0.1004009832 -0.3533821509 -0.1799729002 -0.07468520452 0.03411388833 0.1056862448
3.318017357 1.602086024 -0.996430064 0.7602128118 1.15912672 0.5975137251 -0.2390481379 0.2212421161 0.4783445796 0.1690332028 -0.1545562993 0.1332152577 0.2383385205 0.1211635549 0.0735043087
8.23867555 2.121071844 -1.424731856 0.2265756345 0.2547741064 -0.7365901764 -0.9028074863 0.4255143731 0.7179481291 -0.2379658534 -0.8828230888 -0.4395015207 0.07119006634 0.3906879894 0.5215562304
2.377880426 -2.164771081 -0.5276005713 2.07212877 2.185845685 0.3059994453 -1.191696066 0.8058889816 1.260082143 -0.1797931451 -0.205075285 0.009406652357 0.4899761639 0.6128365107 0.34824038
9.22314095 -1.407256144 -2.186841331 1.146144184 0.006950763061 -0.4647260582 -0.4659454451 -0.3333406289 0.1667105725 0.1646675979 -0.3393696488 0.01163541168 0.02960195486 -0.06530094713 0.1110409788
2.735571696 1.001770779 -1.332123373 0.6754384355 1.16347936 0.6317675777 -0.1518860513 0.3769884719 0.6978740964 0.4164627361 0.117580485 0.3776249197 0.4246092026 0.2471457833 0.1499484657
7.202216487 2.616238738 -0.7336488566 0.6055033202 0.7334297713 -0.008594223605 -0.5178369507 0.09813851382 0.3396663756 -0.01089655444 -0.2454926028 0.02087277089 0.1364541768 0.02923942841 0.02613164475
5.939879777 -1.861025707 -0.1459812876 1.728471155 1.41268575 0.5091361741 -1.06524033 -0.2657880521 0.783169553 -0.4056948158 -0.3512217885 0.5092797597 0.1981695498 0.1258839151 0.009128831891
9.879593974 1.94324413 -2.335501227 0.01947744736 0.8527732356 0.1367395111 -0.6902278342 -0.224723626 0.05506323006 -0.2687913545 -0.4980381617 -0.1332592696 -0.1074695697 -0.08302807392 0.1314062498
4.514847405 2.288862381 -0.3716803253 1.375351757 1.539956511 0.6144405327 -0.3392200595 0.000859336948 0.2318143101 -0.08205591858 -0.3107067859 0.004934342815 0.08842430819 -0.03209632964 0.05087824679
10.61360401 1.537099572 -1.617238714 1.038650314 0.3694264495 -1.438123424 -1.266163637 0.5589701672 0.6101861649 -0.6185948105 -0.8625674556 -0.4522017513 -0.7814096345 -0.1622098206 0.9726122268
2.826456469 -0.4547376321 -1.823534201 1.337660368 1.572044011 -0.1580254932 -0.7433150518 0.6233469098 0.6014764693 -0.4388113489 -0.5403576822 0.4000201639 0.3888344163 0.117706657 0.1979566706
8.363226758 0.6360213837 -2.175880613 0.732928845 0.8434944611 -0.1001908739 -0.4106160611 0.1057516986 0.2198559729 0.03612744466 -0.1635603677 -0.03104237606 -0.08885273308 -0.08952452087 0.02488110984
2.640865761 0.9202476724 -1.402378278 0.8200779774 1.51433289 0.9768321438 0.1009375523 0.4039457476 0.5293631263 0.08546892083 -0.2061066783 0.1001078694 0.260443744 0.1909249865 0.1754401649
4.896536533 2.068781029 -1.197579781 0.3274950278 0.561779015 0.06407431941 -0.4841537714 0.151322085 0.4558433497 0.03512287907 -0.2701411195 -0.0435927609 0.01590312374 -0.0474928372 -0.00167337313
4.038669862 -3.580017041 -0.5977368302 2.016560869 1.725119335 0.8614341151 -1.05901434 -0.398860665 0.615819567 -0.6747269174 -0.3044108814 0.8189997989 0.1465578812 0.07492490549 0.02782131592
8.780111691 2.661208402 -1.845232632 -0.3214220904 0.936111463 0.8328860824 -0.07882842682 -0.1742167074 -0.3957693312 -0.7822890934 -0.858994881 -0.2481442445 0.02083237099 0.1890144251 0.3097467364
2.900386049 1.32737341 -0.9942039189 0.9836966775 1.39192521 0.7228997534 -0.2400417125 0.1165194584 0.3354972948 -0.0150753141 -0.2979694684 0.08027820004 0.3063586565 0.2850121616 0.2539335189
8.98635361 1.906927299 -0.8927410512 0.8395278814 0.09497326476 -1.458225866 -1.255342481 0.4544048824 0.6353587861 -0.3267616305 -0.83462554 -0.7403109242 -0.8178667037 -0.1714371796 0.7583634244
1.742324747 -2.542202621 -0.7692565827 1.455612738 1.808057261 0.1795163822 -1.14659427 0.7092033852 1.181758323 0.006743612838 0.1143029944 0.02077370535 0.3273932652 0.5659914575 0.4575869226
10.56954423 -2.785272669 -2.059849527 1.071244698 -0.9428755524 -0.4279111019 -0.5932613359 -0.8595235588 0.3367589628 0.03110575063 -0.7382724291 0.1848448333 0.06522397283 -0.2118422632 0.1703444048
2.889574889 1.098899288 -1.462637188 0.4927427503 1.100427253 0.5742346427 -0.2687355806 0.1653232245 0.4301691667 0.07108621328 -0.2415739025 0.06324250624 0.2472435671 0.206682424 0.1962450346
