3.68607344 2.103304043 0.4675462766 0.7501679543 0.1664884722 0.7666638822 0.09626337506 0.1541428338 0.366050134 -0.2409567444 -0.2354416783 0.07076162249 -0.2179672598 -0.2327731528 -0.3958371222
5.427184856 1.900299395 1.994836394 0.01197799963 -0.2560806011 1.970479235 -0.3849576644 0.1407742301 1.192380097 -0.6845949364 -0.5497434123 -0.08174696135 -0.8729845734 -0.02129888165 0.07649169968
3.58537366 0.3765743994 -0.7778044672 0.8880148919 -0.2699918129 -0.5530102371 0.2633993739 1.343784004 0.3853796699 -1.057425226 -0.428429526 0.8104500128 0.2935276613 -0.2697727247 -0.331243449
4.719274418 -3.965499082 1.9874319 0.9992999307 -1.375521387 1.037659195 -1.061795448 -0.2473559716 0.3376752688 -1.038037952 -0.2323580702 -0.5222382518 -0.6437224424 0.023411213 -0.4721134563
3.607031706 1.483209621 0.02296830624 0.7231675368 0.1668520962 0.6012006868 0.02018962357 0.2765418159 0.4503688198 -0.4384758107 -0.6354771281 -0.134062733 -0.3109236849 -0.2556051622 -0.211321621
9.809904856 1.619643447 0.05628861099 1.13873252 0.5275324103 0.07922601858 -1.241687657 -1.123343992 -0.578264607 -0.9869011487 -1.155605831 -0.9208177707 -0.8312564744 -0.5644903149 -0.8594774023
4.631757418 0.4541660201 -1.125650495 0.2993844842 0.04049412956 0.6896904878 0.4452347648 0.7549563793 0.5147755036 -0.4980115048 -0.323286805 0.140382945 -0.4409637922 -0.3086609721 0.1273865881
5.46706365 -1.162068805 1.371293867 2.395668619 -1.927974194 -2.369597271 -0.09042975686 0.3458590723 -0.71693706 -0.9788083404 -1.138174199 -1.057247916 -0.3430150392 -0.5042193323 -1.262400063
3.927730085 1.896924019 -0.01403717011 -0.1356748958 -0.3454620368 0.6743181851 -0.2155547437 0.0444016894 0.6188208726 -0.05569640534 -0.2330916775 -0.05616623958 -0.2352761047 0.05808591001 -0.08457800245
7.717174826 3.257098134 1.258979015 1.41758057 0.8069179598 0.890029771 -0.1013944233 -0.2214650328 -0.3589967224 -0.9570037238 -0.8112128556 -0.4913916576 -0.7900190838 -0.5323482865 -0.3934391084
4.927382687 0.1752239429 -0.3864373784 1.051280915 -0.7357376674 -1.146811371 -0.5541156051 0.9731066579 0.5243104272 -1.02879365 -0.2157070604 1.117034916 0.4430202087 -0.4372565211 -0.6910761166
10.00956503 -4.353844555 2.63118439 2.538108816 -2.712574733 -1.781632364 -0.8417186641 0.733700218 -0.2121776354 -1.448763175 -0.7332431604 -1.082375521 -0.3214614619 -0.02983944268 -1.650819625
3.069535561 0.6523719982 -0.891572754 0.4114277877 -0.08291128608 0.2130050384 0.0005492330871 0.4770916061 0.4926854576 -0.1459170724 -0.2517097802 0.156890862 -0.07693630846 -0.07246994895 -0.007565077907
6.188986125 2.250197094 0.2877416828 0.6967477811 0.3820594458 -0.170290444 -0.9144154264 -0.903153169 -0.8004542667 -0.9492235379 -1.253369346 -1.115699184 -0.816920462 -0.6675662286 -0.7691477743
7.27856637 0.4161610569 -0.06476804249 0.6850564962 -0.2617163941 0.9085712674 0.001820870514 -0.3006004326 0.2891036589 -0.08055673632 -0.2113869771 -0.1859891375 -0.5421925222 -0.2127822422 -0.4033384281
8.404014416 -1.699527302 0.9022602831 1.717588682 -2.213226124 -1.970488243 -0.4509338589 0.1073049404 -0.4470861703 -1.081241029 -1.252638522 -1.075354916 -0.3032802379 -0.2450701962 -1.237303868
2.67384446 2.087053199 0.11802905 0.8337595391 0.3470397281 0.5568207025 0.2793372594 0.4610956144 0.4320184084 -0.01349221129 -0.0830969377 0.08858911255 -0.1432925797 -0.06361493742 -0.1062909701
4.749019411 3.088503952 1.39457205 1.431889123 0.7697134341 1.060333189 0.3062794057 0.2280090858 0.1162984923 -0.5092881977 -0.5088640919 -0.4661566212 -0.7626576865 -0.4325790936 -0.5463204313
3.27726807 -0.6696742255 0.1311392217 1.888542749 0.0415824302 -0.2305247624 -0.3512913713 0.8317085308 0.5970628853 -1.230620061 -0.6073654863 0.640814478 -0.1589445159 -0.8018401296 -0.6138837807
3.72663486 -6.578060335 4.069690035 1.842704155 -1.681330617 1.194942891 -1.651125644 0.008943215452 0.7686907196 -0.8366309586 0.02275920437 -0.8490355882 -0.4191178651 0.535698081 -0.4236451528
3.309761916 0.9356858253 -0.5241757719 0.9957886033 0.4723739085 0.5039561188 0.06967252714 0.3154663441 0.3015862763 -0.3542020938 -0.3261161555 0.1355097783 -0.1972422084 -0.3130915185 -0.07188756192
7.826268393 0.8785931363 -0.1186465844 0.9305284573 -0.3283405243 -0.8425329597 -0.968316431 -0.8213111983 -0.6599195538 -0.8056486729 -1.355550637 -1.318241952 -0.7895419831 -0.6144477211 -0.8787241739
4.657133738 0.04073675165 -0.9355003504 0.1124419004 0.2411249458 1.447077486 0.2785165803 -0.03666046171 0.1710189625 -0.6285059388 -0.4887945806 0.2869599526 0.1282395992 -0.1376386236 -0.43511535
5.696710188 -0.5467688244 0.5455558284 1.586543275 -1.044719665 -1.863404064 -0.9604248033 -0.110189882 -0.8302392908 -1.482162393 -1.297579127 -0.988503702 -0.4450745853 -0.4105117046 -1.278960096
2.568632022 1.722163976 -0.2199027564 0.3141350395 -0.1473657324 0.2760036137 -0.007967712965 0.1704392143 0.1801297442 -0.1683615938 -0.2380353351 -0.1349196797 -0.278763986 -0.02965623785 -0.06494642519
6.495877263 3.523196786 1.374216218 1.073924173 0.6564503575 0.5652950318 -0.4058685134 -0.6183979189 -0.6508392926 -0.7932289479 -0.7757380895 -0.833215684 -1.077881622 -0.9436816287 -0.8561778044
4.704533726 -0.984704181 -0.2545881017 1.336993435 -0.4006875896 -0.2495799644 -0.2300701728 0.9207291436 0.5189635512 -1.177658886 -0.5060772084 0.4978434104 -0.1990369313 -0.4399077879 -0.3330138325
11.05508988 -3.655694616 0.684107665 1.77598213 -2.040215994 -1.57000744 -1.226397471 0.1751761322 0.1354321677 -1.028251315 -0.9952116146 -1.307319093 -0.5433852374 -0.04857869793 -1.203214592
3.069972555 0.5380432693 -1.020418131 0.4138992548 0.0508227584 0.2708772392 -0.2489261929 -0.08137452685 -0.03565686477 -0.6528036608 -0.4761490187 0.01572900265 -0.4027960314 -0.3944045127 -0.1020770998
4.62365929 2.401564942 0.9880781611 1.162496641 0.5074763376 -0.2105699296 -0.8650349142 -0.8499222175 -0.8789400616 -1.163845049 -1.640282212 -1.539124418 -1.128109244 -0.9427439132 -1.01715682
5.223018005 -0.2009379411 -0.5955722349 0.2484968228 -0.3460138136 0.9349205642 -0.1974319542 -0.2264885634 0.6408210185 0.1984047173 -0.06057207545 -0.03186869732 -0.4394839687 -0.2739042343 0.002142905811
6.529963196 -2.735832886 1.326916189 1.821003096 -2.505237767 -2.804159322 -0.9482038663 0.9522399021 -0.2146971012 -1.471814977 -0.7213808919 -0.8844059257 -0.7082751727 -0.3067991875 -1.307704621
