6.018614875 3.881126017 2.097625716 1.331773842 0.929823878 -0.1830723925 -1.242082036 -0.7458467964 -0.3882380999 -0.2574173516 -0.3918146462 -0.2582478381 -0.1618625149 -0.3272946164 -0.1900432379
2.712692931 1.737185369 -0.1188753747 0.0768494281 -0.0935414239 -0.3680302807 -0.6614768561 -0.3496111518 -0.6704140741 -0.6287288906 -0.4263518856 -0.2735812278 -0.2477119434 -0.3068592725 -0.3373145907
8.323377702 1.04721177 0.009269627748 1.636260718 1.039068138 -0.2680017153 -0.956003178 -0.9031813827 -1.185534748 -0.7395459615 -0.2042056156 -0.4233140925 -0.7365071155 -0.3074558255 -0.02424455274
-1.893019644 0.4860839079 9.913801089 -3.778790399 1.294626626 0.8323965388 -1.922273493 -0.009941531736 -0.811876938 0.3510045483 -0.9836869022 -0.2364341551 0.297785704 -0.4465362995 -0.03395632279
10.09349861 -0.192982886 -0.5333766383 0.7235596086 0.04912248931 0.1403834499 0.02278662846 -0.9755670922 -1.004895936 0.38882257 -0.08100964814 -0.4492911791 0.1832016071 -0.0265768094 -0.6570103699
1.814052109 1.095396492 0.6421337717 0.02323836553 0.2137185494 -0.2115396709 -0.6897051197 -0.1947849818 -0.6699683774 -0.6474991456 -0.4900069758 -0.2786981391 -0.2768992666 -0.3245120818 -0.2626203101
5.731524416 -0.5117564992 3.469123571 -1.545888239 0.8947913149 -0.7452961971 -1.240704048 0.2161668843 -0.7856209825 0.4258783078 -0.8994960416 -0.6013161724 -0.07566946262 -0.419038202 -0.2700947262
-7.056615301 -1.104790695 7.73906359 -5.307134497 1.208870657 0.7399479073 -0.8325182236 -0.5194511258 -0.5359370625 0.7207057217 -1.24525319 -0.161003885 -0.1651492514 -0.4926227533 -0.4149457208
4.400897831 1.83367253 -0.7792781115 -1.198219017 -0.9118749809 -0.729723946 -0.6795668347 -0.2172183046 -0.5576863451 -0.5282487283 -0.3605808863 -0.1957437858 -0.1643839681 -0.3631616669 -0.4941647943
1.734614611 0.7650616286 -0.2995278201 -0.8325172763 -0.4453667393 -0.555140255 -0.9040400285 -0.4451347371 -0.6684539639 -0.4598946034 -0.3284139477 -0.2051634792 -0.1770119526 -0.3236517847 -0.3513293022
7.747631272 -4.370453445 4.386635025 -0.1288145511 1.419145985 -1.002965037 -2.560204837 -0.9949264404 -1.170700928 -0.08318378497 -1.055863011 -0.7510534757 -0.8580693375 -0.7476988472 0.4537092169
2.53487109 0.8497505825 6.076872452 -2.846248314 1.412237608 0.113285625 -1.525336756 -0.2640396463 -0.4496901559 0.2723776192 -0.9569321542 -0.2294820835 -0.01330948945 -0.4558311772 -0.387727887
11.61794386 -3.676552951 -0.7498598231 -0.2233798007 -1.454999818 -0.1666311517 0.2262106305 -2.099738847 -1.027007761 1.337282582 -0.7108071482 0.07945275119 0.6090972594 -0.8767476472 -0.2237415005
0.4938476384 -0.2582969875 1.459500939 -0.3760941439 0.2862975554 -0.5934562459 -0.7365767264 -0.1694471302 -0.6621351685 -0.5342366875 -0.5326376367 -0.3536680913 -0.310232021 -0.323966143 -0.3257925701
1.742565454 -5.248803348 1.668315764 -1.712311971 1.21502547 -1.863008196 -1.047487833 0.919539821 -0.7403133608 0.105338847 -0.392867967 -0.04412962176 0.03566677469 -0.3636260055 -0.5081802243
-6.012955778 -3.780648021 4.345567659 -5.790951836 1.248194452 -1.282390124 -0.03762095259 -0.1386743836 -0.1409403176 0.169646616 -1.38716498 0.07777810027 -0.05567156795 0.123386262 -0.8019978196
4.434107768 2.382020077 0.9718587497 0.4465297036 0.3753846106 -0.3041988108 -1.12853706 -0.7240965614 -0.8365994748 -0.6995199773 -0.4834801574 -0.1979466976 -0.1398703735 -0.2218522296 -0.3182293433
1.752420648 1.843022133 -0.4835895267 -0.3327562497 -0.4554323742 -0.5185556079 -0.7297519629 -0.525708022 -0.6635332874 -0.6736105396 -0.5416167156 -0.4160339452 -0.3545231697 -0.345068986 -0.3504359644
7.326969507 -1.360795879 1.32833214 1.930302767 0.6985635896 -0.6031713375 -1.967160625 -1.541397073 -1.010800555 -0.5350289007 -0.5623587036 -0.7162155666 -0.9564588983 -0.3783152875 0.3101571976
-2.868554589 2.779977204 9.509273505 -4.793399588 2.307950507 -0.01320868567 -1.28190765 -0.9982761267 -0.803018382 0.1435658241 -1.325149881 0.6167188026 -0.1432567409 -0.1895928203 -0.1873311203
7.597329746 1.625949849 -1.364129774 -1.333776339 0.08689022504 0.1013227965 -0.6234294932 -0.8627285564 -0.8066297286 -0.01290356759 -0.07719293459 -0.07458517684 0.05526150514 -0.2613516217 -0.4836247571
2.336755314 1.138425948 -0.0003024104521 -0.214969817 -0.3329901584 -0.7778252287 -1.202601748 -0.6580784098 -0.9526849268 -0.9018603347 -0.6902262997 -0.4241226237 -0.2564281531 -0.2817532017 -0.3304957665
0.5465066268 -0.8419218363 2.664711436 -4.402135605 -0.5846414045 -0.6715525254 -0.5525525605 -0.1354077174 -0.360599631 0.1351416131 -1.003408023 0.4615225035 -0.2911403556 -0.5155058497 0.191810219
-8.783332433 -0.3483014149 6.980219559 -6.62112948 1.426903805 -0.659598158 -0.9048027983 -0.9842895852 -0.3999447913 0.3713220771 -0.9447289637 0.1867024768 -0.5386488347 -0.02382275971 -0.636689242
5.236354459 -0.9243916339 -1.180512865 -2.234148837 -0.6962927013 -0.6255301463 -1.181897689 -0.8341949611 -1.043815837 -0.5622989145 -0.3269846028 -0.2519111843 0.246447052 -0.2189043301 -0.834715202
2.812515022 0.844270757 -0.674001653 -1.011661358 -0.5436127212 -0.5326909318 -0.7586167677 -0.2253759461 -0.6841133192 -0.6280227363 -0.5647171051 -0.4069404467 -0.3332799284 -0.5176443543 -0.5893195114
4.77430171 -2.41033246 3.388634329 0.8797723058 1.109977371 -0.8135504818 -2.583262627 -0.9933168717 -1.067309076 -0.3377642683 -0.8104739053 -0.8123730623 -0.9301308606 -0.6835388454 0.4245051437
-0.8695202176 -0.09922655905 5.631870342 -4.233099146 1.527021164 -0.6802077786 -0.5627984929 -0.9188381906 -0.3151766305 -0.08650663291 -0.9533580774 -0.4049318179 -0.4354154145 0.1414762294 -0.7650446101
8.693828007 -2.95958871 -0.6544441674 -1.112892894 -1.503063055 -0.06151838332 -0.2383801075 -1.55029066 -0.8579831953 1.013275676 -0.6446315056 0.1532853803 0.6373646966 -0.9940849677 -0.2391668557
1.145694459 0.01381921697 0.4198114818 -0.7563763876 -0.1438216698 -0.6755991653 -1.04528202 -0.4975679988 -0.8338169508 -0.6783919417 -0.6008273597 -0.3729267102 -0.3103290475 -0.3109897006 -0.3052492608
2.284866474 -6.219576506 1.113259319 -1.982480969 1.252096323 -2.777695847 -1.110875346 0.1987678196 -1.531865212 0.1317397433 -1.037501189 -0.385180404 -0.08327697216 -0.2913858137 -0.2724734902
-7.915393291 -0.4555614521 3.652543715 -7.738115035 1.685346704 -0.6017779836 0.7213723951 -0.6896786713 0.5430589168 -0.6189067958 -2.026146846 0.09089788669 0.1254645803 -0.3099397949 -0.8627167882
