7.772324121 6.096366084 3.337567286 1.963616483 0.508241991 -0.4486263258 -0.7072008918 -0.6179837475 -0.3758175146 -0.3341900674 -0.3745835847 -0.1257193389 -0.2258108039 -0.4405056262 -0.3780830975
3.455951222 2.84243039 0.9775935397 1.438239194 1.217161531 0.4276783242 0.4824273005 -0.1202454893 -0.2599310399 -0.324640972 -0.5171601983 -0.3288348812 -0.4153116609 -0.3365969955 -0.3432918844
10.40998211 5.085743814 0.07893273187 -1.919914166 -2.207290552 -1.003381552 0.3228572194 0.5762457922 -0.2268999191 -0.9639794196 -0.8941414261 -0.04870613298 0.2587124622 0.1041201096 0.1540857628
-3.026263402 0.6530831203 0.2034895151 0.09935565282 0.8958237199 -0.2270495884 0.7221493565 -0.05671641648 -0.567390238 -0.0357135976 -0.4797525279 -0.2296719785 -0.1904992883 -0.3948616368 -0.2065716436
8.672930171 -1.967950915 1.354054891 4.923251134 2.436080124 -2.358714782 -1.937213181 -0.3050176398 -1.437045035 -0.1887882845 -0.0105672847 -1.418285747 -1.272165528 -0.5547764023 0.3600653855
0.8028258478 0.639926102 -1.562183251 -0.04765622498 0.4044705984 -0.198671941 0.3267215937 -0.1601775464 -0.1135170481 -0.2886827728 -0.4996936703 -0.3112169454 -0.3990033004 -0.08500944606 -0.1638716876
12.51930896 -1.20279145 -3.111842741 0.2615565778 -1.647150742 -2.724407789 0.1950554533 1.400668404 -0.6061752063 -1.014954742 0.1026670284 0.1609893386 -0.1406544624 0.4991759828 0.2319974518
-8.070078803 1.719873277 2.179059362 -0.9858542654 2.449838354 -1.402589941 2.693916869 -0.7448136818 -0.4596694087 0.6459364861 -0.4455612216 -0.606043772 -0.296377306 0.3337656765 -1.172863054
4.738588925 4.204090159 2.647652431 2.474024392 1.622391652 0.5038582609 0.113307808 -0.07025180621 -0.1706537253 -0.7296412993 -0.9472808659 -0.2410323035 -0.2566799995 -0.731044597 -0.3025186481
1.668674609 1.457965703 -0.7250255076 0.6061495287 0.9361105657 0.2525395018 0.7827787431 0.1914712831 0.2197902409 -0.05871343264 -0.3722640066 -0.3008301873 -0.4977374317 -0.1934575114 -0.2978615598
13.14864408 3.401414642 -1.936744791 -2.302198903 -1.998715756 -0.9687400539 0.3513901377 0.4773546448 -0.2719737896 -0.8117985559 -0.8265069303 0.1340301967 0.5291204257 0.3448944434 -0.1055414201
-6.590902451 -1.986946495 1.663407125 -1.539999452 0.2856559083 -1.72520418 0.8277683408 -0.3533300191 -1.156050852 1.107786106 -0.456334617 -0.5450690839 -0.4438855525 -0.1311255908 0.04412536743
6.195500867 -0.5880431715 1.052856129 4.661618805 2.152697252 -1.824267444 -1.926662186 -0.4913147883 -0.8914279118 -0.6027754784 -0.3007193438 -1.168307341 -1.522490185 -0.4491676017 0.4240735182
0.5431373558 0.09243462783 -2.151804505 -0.5615848843 -0.07751836038 -0.4040150318 0.1314312297 -0.2408109183 -0.1076320035 -0.2682111354 -0.5344108824 -0.4145954403 -0.5325715648 -0.1698005251 -0.2202195496
9.94755175 0.1425801587 -2.348288092 -0.3272174208 -1.367249734 -1.934162446 -0.1017777111 0.7578849022 -0.7126121971 -0.9466529041 0.06214435556 0.2562150095 0.01551133825 0.4553115296 0.122806508
-11.42025544 -2.511125045 4.047877033 -2.873814493 0.8580879849 -1.914023889 2.128678854 -0.9060013726 -0.8855608555 0.6718573283 -0.3990663894 -0.571699951 -0.8753738636 0.2136118003 -0.1546015071
6.1579891 4.891011763 2.325537728 1.322042438 0.2848541202 -0.5754554536 -0.5849450989 -0.4011185639 -0.4091767057 -0.5408817988 -0.577229572 0.06412129055 0.09537610103 -0.5058129712 -0.2986166469
2.55090365 1.97260917 -0.317019862 0.9944008089 1.149390262 0.5499829559 0.8735935316 0.2288236817 0.0915961477 -0.1936285523 -0.5104943728 -0.4660349963 -0.6150309385 -0.2720656936 -0.3598215078
7.593668931 2.571582616 -1.355714477 -1.225708337 -0.5794867244 0.009774998635 0.4165584756 0.01609658258 -0.6140235646 -0.7152244346 -0.3717024857 0.08059262144 0.2176793167 0.07455767892 -0.4845717905
0.4852122861 -1.072335726 -0.5882558384 -0.0627160274 -0.9239758394 -0.6388143707 0.08627813542 -0.7300159723 -0.9404075814 0.03570126246 -0.075254747 -0.3978738924 -0.2150951393 -0.07232848138 -0.1797049
9.388104274 0.2933555085 -0.7439920034 3.193911496 2.723388046 -1.140724289 -2.107829153 -1.495078717 -1.076180829 -0.1459782389 0.01472446183 -0.5902181561 -1.417395988 -0.7444608106 0.5814406722
1.26649924 0.491842859 -1.794230765 -0.4170824973 -0.1721633874 -0.535535633 -0.08671563266 -0.4534476886 -0.5393028509 -0.5238770367 -0.6308411819 -0.5003355707 -0.5479891634 -0.1964829303 -0.1852597235
13.00155858 -3.323873246 -2.350759551 1.051349077 -2.359000677 -2.291501514 0.7618724775 0.3750555148 -1.069683756 -0.4385722178 0.2408521571 0.1000740711 0.02370828406 0.459195062 0.06261822042
-9.263792206 0.2825697579 2.432972127 -2.930414128 2.105918401 -1.967588023 1.364845272 -0.7366963394 -1.238726628 1.083401849 -0.8796633169 -0.4651547601 -0.209399087 -0.1232119642 -0.4292457301
5.965190846 2.753329889 -0.03074910096 1.993687106 2.800512307 0.4534973629 -1.275570204 -1.682686682 -0.9102113696 0.7000206195 0.2392248961 0.02534738823 -0.2990013503 -0.5956785565 -0.1878768461
1.697399513 0.9124609645 -1.102342417 0.1810702713 0.4230014024 0.008777256852 0.357871584 -0.02483146993 -0.07813694217 -0.1246598081 -0.3786215975 -0.2841743549 -0.362499456 -0.1769335226 -0.2515201561
12.56774911 1.531944074 -3.191293859 -1.877505015 -1.020167554 -0.8458069781 -0.5944399677 0.285994896 0.4855107928 -0.5699848037 -1.11027328 0.1202504039 0.8923589777 0.4294854015 -0.4613446865
-3.129258286 -1.665984093 1.421074464 -0.5161552767 0.2201041066 -1.26486783 0.2282082862 -0.1846508067 -0.6207633664 0.4528529588 -0.4512511738 -0.5006630984 -0.3509032941 -0.0639143659 -0.09881370476
5.955986586 0.7702644323 0.6874059902 3.519136783 2.381073391 -0.8645489886 -2.171598142 -1.236008805 -0.6282617693 -0.3316167579 -0.5749837291 -1.182200309 -1.30359421 -0.3590094592 0.4177341321
0.140187433 0.07353940991 -2.206706192 -0.6634808354 -0.1393700294 -0.7555290536 -0.145057661 -0.6426124951 -0.4614355603 -0.5968166673 -0.7786851778 -0.5082779244 -0.5927313632 -0.2149533086 -0.2673284091
8.23849597 -1.524685872 -2.198097163 -0.03162203335 -2.031835561 -1.992255826 0.4066125745 0.6967182749 -0.7903407414 -0.5727333878 0.1960825039 0.04907080461 0.003116503732 0.530922615 -0.03407720403
-10.01203315 -3.90343976 3.698265964 -2.740743289 1.042315809 -1.930834109 1.499578889 -0.8074985526 -1.560901506 1.56307037 -0.3797717888 -0.6266662236 -0.8290685789 0.1142287954 -0.2353431395
