5.560066449 4.107146228 1.646866048 1.231592981 0.7569725839 0.06164259527 -0.05903350131 0.223166893 -0.2344158309 -0.1207173204 0.04714052618 0.102967468 -0.01838961261 -0.1579961118 -0.06538189755
6.365387706 0.9907124472 1.276628403 -0.4292165131 0.5807501244 -0.5238304134 0.6263098127 0.5984351207 -0.8665787949 -0.3865396062 0.3285238234 0.1398298818 -0.3978506987 -0.5811423159 -0.4005147922
2.494884816 1.574977203 -0.07746690473 0.7928503998 0.8912807626 0.6034099563 0.5551799944 0.7222004271 0.1891036462 0.2385576839 0.4772249328 0.5117244051 0.4930135458 0.3467695849 0.4229851648
4.315460558 0.1012124016 0.4600024059 0.1690388697 0.9385040679 0.03200393556 1.609836211 1.095498141 -0.2810716596 0.05966484241 -0.2033321913 0.1135254055 0.2042452039 -0.2257945783 -0.3673253685
3.424793995 2.572544532 0.7847719985 1.458310538 1.382676747 0.9734220132 0.8224848975 0.8575156 0.1861080807 0.134665219 0.3392117987 0.3653636079 0.3364079188 0.1372900261 0.2310343856
7.002237464 1.671694645 -1.610900576 -2.264144067 1.036181906 -0.935071132 1.066827909 0.0818336213 -0.454792545 -0.6450072815 -0.04735150678 -0.1588484336 -0.6315297529 -0.02143618066 -0.9969011324
1.452496748 0.6724059241 2.597742059 -0.06330780425 1.951702216 0.5603298726 0.4132906589 0.7133321431 -0.1385904006 0.2939336223 0.08456052522 0.2569603788 0.2972478377 0.07791573141 0.1104237954
4.152450706 1.463278715 2.761937828 0.6393880548 2.32435115 -3.156729238 -0.6095654302 0.1667494778 -1.401497976 0.2023269416 -0.8808477265 -0.545065939 0.0402361399 0.2713661405 0.1735528
4.537830719 3.438758329 1.513492651 1.697568367 1.347196596 0.7129887838 0.3570231539 0.4390560596 -0.1418998883 -0.1031222945 0.1373911104 0.1473154946 0.110709665 -0.05341050175 0.0444098396
6.858082176 2.031687326 -0.7629318879 -1.782042302 0.4741855387 -0.5833510794 1.058060337 0.8218348052 -0.4243227587 -0.6510919359 -0.2348484484 -0.1526275372 -0.09470091389 -0.1138360996 -0.9876505409
2.555559206 1.594475968 -0.296008732 0.5043611912 0.5106121621 0.09255983193 0.06291006803 0.321881384 -0.1479289494 -0.004370742732 0.3249486111 0.4792209437 0.4756923261 0.3645294793 0.3817588002
4.745527687 1.382464351 2.497546776 0.807734282 1.436892901 -0.8196883188 0.003120711601 -0.3748676305 -1.048298452 0.4904200365 0.007850158547 0.1980806832 -0.332071023 -0.3602577632 0.2432031413
3.017638413 2.129318595 0.2477413554 0.9848356265 0.949231366 0.5387220912 0.4640741208 0.6624989506 0.1251881985 0.1467755864 0.4401581087 0.5420107119 0.4514679861 0.2597659524 0.2940896375
6.998833005 0.9166495128 -0.8106997905 -0.6733232017 2.38349821 -2.531547289 -0.4501134878 -0.03640930834 -1.523943612 0.7356798978 0.2337358004 0.143494168 -0.7425488326 -0.702932508 -0.2095151912
-0.3332458142 0.4035485002 2.00522322 -0.8497360044 1.951543167 -0.08115500757 0.2141369614 0.5112719587 0.0003298631492 0.2849887783 0.1552064772 0.2583701976 0.4921204529 0.1511061492 0.2296158707
2.59159655 0.764669187 3.934429052 0.8033604884 1.956316622 -3.547804735 -0.3947038066 0.6079040479 -1.846357405 -0.4963674685 -1.04414306 -0.08061183332 0.4174644736 -0.1768131534 -0.340729624
7.048546963 4.217808985 0.6437675024 -0.05038797001 -0.04699855853 -0.05482764856 0.1925636183 0.4833377737 0.06696564576 0.1200622815 0.02163552178 0.02997562038 0.03111085325 -0.05092624724 -0.05203233175
5.541571557 2.691534643 -0.3838407159 -0.9176625745 0.7010495055 -0.3711924178 1.01983772 0.7601301294 -0.1829837084 -0.2888398068 -0.2640737127 0.1089906954 -0.1080254381 -0.1732365125 -0.5638904625
2.041553289 1.139401221 -0.05065209743 0.3569200498 0.6898127042 0.3560783301 0.3453712346 0.6011545192 -0.02246503032 0.1107758392 0.2350321223 0.317416584 0.3378973159 0.1276055802 0.2013707205
4.741703684 -0.2069871998 1.866755401 0.07551985256 1.67541922 -0.284251433 0.9858315287 0.7631771724 -1.004298348 -0.1209915617 0.08641652492 0.2298648942 -0.5626049858 -0.9341445783 -0.6286452299
2.779531763 1.889846283 1.011010499 1.121084287 1.210804999 0.7983782271 0.5320051314 0.650477468 0.05965778559 0.2028711553 0.213415962 0.2164820388 0.2016995446 0.07589700301 0.2004480475
6.993882887 0.9488556661 -2.073797027 -2.477841433 1.404385583 -1.167987478 0.397393321 0.00937399375 -0.4269921121 -0.88881779 0.03350120572 -0.2582514778 -1.00644349 -0.004216679116 -1.22062299
1.266983438 1.087263532 1.198557182 -0.2382736551 1.286484088 0.3418184515 0.3053775883 0.6639670429 -0.2326637577 0.2428347775 0.2680367041 0.2842033745 0.4084095494 0.1619432423 0.2609388706
3.28437269 0.3065273744 2.935909374 1.094256397 1.802176317 -1.548172037 0.4559822752 1.027603028 -1.244810092 0.09150658971 -0.4990199421 -0.4860437271 -0.2795305932 -0.7251391189 -0.5481271255
3.761964157 2.697390044 0.975750172 1.195293226 1.127177211 0.5848903387 0.3576479617 0.4319805425 -0.1848803622 -0.06019592781 0.104072551 0.1724003573 0.1577766695 -0.02105213455 0.1101659073
6.834480821 0.9990027991 -0.7798652787 -1.902710909 0.4747289436 -0.6417756185 1.028887281 0.5112000847 -0.7440329164 -0.6101431164 -0.103367461 -0.2467560161 -0.3853048325 -0.1175135627 -0.9659608744
2.398362556 1.020410747 -0.8139775427 0.1220879861 0.4531343045 0.2917535754 0.1284217914 0.2225185596 -0.3267685972 -0.1800400544 0.2303928521 0.3249409331 0.2856442814 0.1259896425 0.2096064069
5.364595326 0.7924622868 1.63458388 0.2458979877 1.516181053 -1.938543606 -0.4324250183 -0.4526769049 -1.174114429 0.469988195 -0.4465301442 -0.0940580831 -0.4794340828 -0.283889922 0.3487076548
2.822713015 1.881423085 -0.008277776041 0.7670940481 0.7577000178 0.3681524002 0.321120903 0.4480728304 -0.1459902945 -0.07853826427 0.1339584019 0.1904448568 0.1754236178 0.1136795907 0.2554459309
6.758443741 0.5812298019 -1.775369272 -1.931190622 2.122398117 -2.156239843 0.06600226344 0.1069768303 -1.165407123 0.2051463471 -0.01496905491 -0.05554108271 -1.030630686 -0.4111643799 -0.8845016169
-3.237689362 0.4849159344 1.828160144 -1.125172742 1.647289107 -0.7861571388 -0.2251891953 -0.1158721403 -0.4144917272 -0.3634220301 -0.2122068912 -0.03968689902 0.1237127155 0.06065099717 0.2773773053
2.794497028 0.97770206 3.078258172 -0.07418079695 1.525829477 -3.659665718 -0.1599900024 0.969712737 -1.692367328 -0.2356748818 -1.07784819 -0.4394337871 0.1332600501 -0.2604561807 -0.6469566801
