4.995342547 -3.824661484 1.689380536 1.065139618 -0.7283077694 1.886286952 -0.09762311585 0.6117763525 1.126661874 -0.267895389 0.6289972067 0.3292517439 -0.318421261 0.3410785598 -0.2454314921
12.19617256 -2.839098341 -0.5041292279 -0.04048823857 -1.091171038 -0.1170476738 -1.071218112 0.1383682029 0.01311688184 -0.4480647295 0.8107523652 -0.4538146336 -1.258875035 -0.195939632 -0.2992674158
6.957312752 -2.747928213 1.084338282 0.3991789695 -1.138975636 1.66942126 -0.3930590666 -0.1663849487 0.8204223856 -0.3027937526 0.2348423862 0.03846837678 -0.7129644624 -0.05674054173 -0.3301036481
8.495467223 0.9340102911 0.4249773394 0.3678719801 -1.571026266 -2.333661333 -1.241317445 1.034681794 -0.006279454249 -1.23978182 -0.5654210514 -0.8869973987 -0.476985503 0.6471049382 -0.1837365074
4.286467235 -4.435409326 1.198784126 0.9952183964 -0.5148928208 2.28956566 0.4830359153 1.249784752 1.739416502 0.1079546381 0.8031351153 0.3223164515 -0.5727882213 -0.05067114931 -0.5983945506
11.57583061 -1.016879501 0.9825492562 0.1264938885 -1.929617983 -1.699173149 -1.559872911 1.073154035 -0.003776190801 -1.270300264 0.1519467357 -1.013630721 -0.7989398492 0.7729668077 -0.3253017534
4.606474088 -4.480557577 0.9673939709 0.2813647595 -1.554753807 1.345423934 -0.3351860691 0.6519238123 1.25996391 -0.1424878457 0.7472542756 0.3489724925 -0.2963970639 0.3997281619 -0.2255303604
7.133299124 3.207950842 1.052969882 -0.6196322916 -2.092494754 -1.612831018 -1.232210106 -0.7125382455 -0.6249401517 -0.9224385575 -1.11774616 -1.211699431 -1.145780273 -0.6573969181 -0.527513197
4.633360346 -4.16380693 1.259896083 0.8109558329 -0.9590359268 1.619925066 -0.4583518887 0.222237237 0.7871483266 -0.6415227338 0.3449258807 0.2032384979 -0.3616546763 0.3497458095 -0.1891034668
10.63852654 1.344134021 1.988189804 -0.887158218 -3.19040786 -1.295508653 -1.660699091 -0.711975404 -0.5217198536 -1.268538152 -0.8134427887 -1.56214594 -1.490092985 -0.1263697208 -0.5093581792
7.813407544 -0.3736622906 0.4737378607 0.4936690364 -0.5034436994 0.6105211375 -0.2998987906 -0.265856162 0.1055271351 -0.23240629 0.1982516185 -0.2063001106 -1.091064039 -0.4834178748 -0.2663864008
6.259927338 0.4909714565 1.064415191 0.8804642604 -2.091763723 -3.326340741 -1.501680749 0.963592367 -1.131337817 -2.632500816 -0.7710902764 -0.4152674217 -0.5659880202 0.1189096661 -0.2691424945
3.147464746 -5.205001498 0.2898959767 0.2741926011 -0.7159982846 2.402616695 0.5522593189 1.455708765 2.044581094 0.3105872368 0.8357365663 0.4171705897 -0.3785890417 -0.004457487941 -0.6611670268
11.71067667 -4.238871362 3.281025927 0.1190403262 -3.019302951 -2.993567234 -2.585432525 1.707978199 -1.393006827 -3.213898275 0.204989847 -1.422888491 -0.8491746833 0.7151339742 -1.261236695
4.278665875 -4.872753915 1.149580024 0.5979218729 -1.363531173 1.422843592 -0.4883303059 0.2972334823 0.7389968151 -0.6084009314 0.4806445855 0.1441660724 -0.4668778048 0.3255431127 -0.2123610277
8.568063198 2.246323801 0.4649153565 -2.124573676 -2.493197922 -1.504309488 -1.866359678 -0.5095010134 -1.209251248 -1.763434117 -0.6548890913 -1.497734266 -1.314877557 -0.06806548774 -0.6875047735
5.187199857 -3.271611833 0.845547963 -0.04295095624 -1.042854879 2.199717513 -0.2179866077 -0.029649954 1.169146554 -0.1533419594 0.2554007777 0.1469311663 -0.5079374187 0.002756805785 -0.3266640515
9.769539769 -0.9555277227 -1.39201794 0.03862489999 -0.6196175942 -0.5426225766 -0.7094356342 0.04566378532 -0.03726403773 -0.06179419646 0.5897670745 -0.3466124042 -1.209831646 -0.4005415135 -0.07659534314
8.514165487 -3.146177941 0.2819855599 0.512785796 -1.155315534 0.6381162075 -0.7818062669 -0.1606931634 0.2843104249 -0.5189311816 0.3923350843 -0.1446364972 -0.9603668996 -0.1916773135 -0.3968593694
8.681950804 -0.5940065084 1.881929951 0.7324914668 -2.617299479 -3.054375286 -1.305286476 1.637442927 -1.169669033 -2.836470013 -0.2599274347 -0.6699081534 -0.4086524415 0.8724196479 -0.6291462221
3.944220082 -4.799822343 0.9218820061 0.7491063681 -0.7853652359 1.994173799 0.001699703043 0.7248308437 1.233923204 -0.2839473413 0.5993067146 0.2794287643 -0.4046820101 0.2445386429 -0.2913716784
11.24940487 -2.174601196 1.215207419 0.5483316697 -1.997857716 -2.865501087 -2.377860493 1.320078655 -0.4910567491 -2.693341454 -0.6097722165 -0.9161542109 -0.3449329327 0.8705435591 -0.8470956838
3.676338278 -5.302031251 0.5795823124 0.1784111189 -1.478355941 1.459712597 -0.2811350096 0.7000197417 1.318306049 -0.03291458075 0.9320747287 0.4426277879 -0.3391591268 0.2925489077 -0.3427153266
5.358791224 2.543214696 0.5175309447 -0.9158773331 -1.785849042 -1.682276902 -1.698059389 -0.9475989009 -1.113962579 -1.399775679 -1.118073389 -1.265106079 -1.158083959 -0.5298125767 -0.6196209575
4.618782965 -4.230446971 1.013786412 0.4196417334 -1.422587805 1.22778595 -0.7181070677 0.03690922563 0.6238367168 -0.7973429153 0.160671894 0.01178639077 -0.5240369397 0.2489661319 -0.2418243149
11.05407688 -0.07837921317 -0.1227032226 -1.469074387 -1.14356975 -0.6510982787 -2.998191314 -1.224023517 -0.8811018789 -1.696953562 -0.6870551855 -1.735527576 -1.486141997 0.3261691118 -0.4106915824
5.255863591 -0.4789441983 1.718385046 1.096327264 -0.9157242506 -0.1505799647 -1.143643837 -0.9902768586 -0.7058960936 -1.44626166 -0.9386400633 -0.7495299993 -1.102316193 -0.4515014244 -0.3276638839
6.59182902 -0.9301671123 1.309536114 0.646449363 -2.521109061 -3.324430608 -1.729699479 0.7759850433 -1.788255504 -2.670408746 -0.1151490484 -1.010353292 -0.9799686485 0.4100113376 -0.9700740555
3.48473294 -4.071710758 -0.03334302322 -0.5849256547 -0.7737423961 2.432679767 0.07661832232 0.941394576 2.00483047 -0.1609968589 0.07608355684 0.3197740434 -0.2627647497 -0.2775025419 -0.7501349896
8.970793142 -2.781232805 2.3270303 0.3071885042 -3.083158415 -3.018439883 -2.041523238 1.176880117 -1.811442918 -2.843110507 0.2214394165 -1.591203538 -0.9020965804 0.9873924875 -1.396228797
4.094729449 -5.059273379 0.8082404288 0.2603981722 -1.706418405 1.063934786 -0.7930855139 0.01272428105 0.5183393316 -0.7944133794 0.3644617314 0.1295327602 -0.4659299191 0.3058176495 -0.2201174158
7.233721897 1.717534466 -0.720117811 -1.601272001 -1.149644891 -1.086390186 -2.207789168 -1.274674135 -1.298722178 -1.543125796 -0.9627690614 -1.514849754 -1.191443005 -0.07622751244 -0.5717463101
