6.882004434 2.3850605 0.4818338539 0.6297686946 0.1064786538 -0.1969705754 0.05384527892 0.5031116965 0.04439890874 -0.1024087826 -0.2299749562 0.2683984599 0.466545937 0.1128274057 -0.04870752881
3.365708782 2.948027079 1.390699827 1.467257646 0.7483968541 0.8923329957 0.432121526 0.1241257326 0.01193297368 -0.02348015333 -0.03954671695 0.1010891521 0.09246292573 0.02746146033 -0.07695555107
11.01548749 -0.1391910902 -1.338992433 0.2311415624 -0.5542598376 -1.679359412 0.6088902931 0.910954184 -0.1203257442 0.05906991357 -0.4261662579 0.8051067294 1.000638825 0.3606132248 0.2268452188
1.483520406 1.518548895 0.2590469347 0.8053996209 0.4668533171 0.9168299417 0.5206458656 0.5000512287 0.5977789927 0.5465401307 0.4552277162 0.5477870439 0.4212474068 0.3193065906 0.2724062151
9.187893335 0.9257309485 0.4475976669 2.074788115 1.837973223 -1.083449783 -0.9255622615 0.6207082534 -0.5721990418 -0.1989789172 -0.3407928766 -0.4987559852 -0.2469929039 -0.214901167 0.4167549367
2.315746474 2.087337163 0.6200936992 1.132042201 0.7199611121 1.056765267 0.721741711 0.6555349491 0.6074981881 0.430530177 0.3494664292 0.4971816894 0.4317146773 0.2515967307 0.1567143148
6.280386515 -2.320869598 0.6510829752 0.3864649037 0.1380559537 0.05873852239 0.1088979774 0.2324988614 0.366363096 0.01956855403 0.2464743418 0.4236599305 0.1165300181 0.01239277828 0.1730656803
1.039441142 1.167411686 0.3527182691 0.573702962 0.06689536501 0.6416202562 0.272595549 0.1995081327 0.2912850122 0.3384285732 0.2840020126 0.3861376838 0.3461916234 0.30726585 0.2235575684
6.271191538 4.005955997 1.082737483 0.2938046828 -0.4254678475 0.1814241451 0.130838019 0.08189979349 0.008415463674 -0.04337997096 -0.1580141734 0.01305438449 -0.05129896124 0.006317338963 -0.04018997942
4.503161417 3.359939709 1.703406076 1.499956542 0.4803334547 0.4657218758 0.07891674506 -0.01584779262 -0.04300518622 -0.05893470459 -0.1179133342 0.01840970138 0.07025198915 0.07777961413 -0.006319604371
8.68761097 1.840084805 -0.4503544747 0.2904508541 -0.3229619984 -0.594693453 0.08916052972 0.4987381109 -0.2022233544 -0.3534719109 -0.2155748355 0.3593167909 0.4898089729 0.402742486 0.3150351942
1.537431041 1.516369507 0.2812419545 0.810502642 0.5015994837 0.9743291009 0.5754546558 0.4361946561 0.4097150778 0.1928981208 0.007959262094 0.06559276081 0.03244190815 0.03519843642 0.08366590751
8.089316992 -0.9633120746 0.287661419 3.533654461 2.529587694 -1.57583207 -1.614851054 0.4638420424 -0.6524109838 -0.03176858052 -0.3557023969 -0.6566288983 -0.6133804884 -0.01819095122 0.6796358823
1.761973119 1.806974418 0.5000980001 0.9630088566 0.5722002079 0.8725640853 0.2890124654 0.05888965441 0.1342748189 0.1915861653 0.1604619748 0.3557588302 0.3005181264 0.2026906835 0.1915120262
3.662401165 0.0738502546 -0.1336538475 0.9896202753 0.6806944222 0.2138650347 0.3949522261 0.7547931331 0.1039720529 0.0604277153 0.2439242694 0.6128337232 0.4552176671 0.04581693904 0.01627458585
-0.1262103877 -2.547847512 1.076526652 1.604005382 1.070367218 0.4451943051 -0.3519109741 0.6148610938 0.5261016771 -0.1715647126 -0.4520364107 0.3801997406 0.2944307007 0.1031464913 0.2046725544
7.311429685 0.1247220257 0.09333268814 -0.1756074253 0.4497799361 0.1508061749 -0.03914232725 0.2439211913 -0.1572892241 0.1108061104 0.04062822069 -0.09428670643 0.1866905606 -0.03202537422 0.08532386907
3.592290649 2.349587889 1.016672391 0.7600685213 0.3275259934 0.4649803747 0.03542240099 0.03380770919 -0.1084340509 -0.0239990837 -0.07485084596 -0.01225552856 0.103649337 -0.007854585815 0.04438837918
10.27373184 -1.060009335 -0.6675329741 0.591331178 -0.7621026218 -1.401582446 0.5163410574 0.4829141009 -0.5403596776 -0.073160923 -0.3321182695 0.9104261609 0.9333159945 0.02087121064 0.2031182477
1.951891535 1.614072294 0.04436527342 0.4627310769 0.1289731568 0.6149311073 0.350559244 0.3039635143 0.2935678592 0.255687338 0.2458098821 0.4428041856 0.3849183454 0.2523972254 0.1238478143
7.550832721 1.637301669 0.7335275284 1.787907292 1.081034684 -0.637836215 -0.7800386261 0.04193484829 -0.1573844906 -0.1175610099 -0.4336403159 -0.1818826331 0.2124761114 0.0009853014456 -0.1213991232
2.492356087 2.347112096 0.9674574367 1.182954427 0.5594161211 0.9092814279 0.4270676543 0.1235332834 0.1301251529 0.1861376276 0.07805148967 0.1708117499 0.1330392567 -0.009766347925 -0.07344641418
8.766405793 -1.991529149 0.5792343676 0.1905481267 0.06760924425 0.06933816391 -0.05071596875 0.01552932598 -0.01475499667 0.1446392036 -0.04739246248 0.03054270385 0.1056276206 -0.06067317132 0.0575055893
1.326035973 1.06330283 -0.297555429 0.2107441457 -0.07279873915 0.4855145052 0.1658284101 0.09442943535 0.1390505741 0.00491535959 -0.03992641781 0.1230655741 0.1148962432 0.09789465739 0.0872460997
7.536343871 4.07478986 0.6687516724 -0.2316556364 -0.7579913326 0.3774269154 0.2000655281 -0.130308414 -0.03723700074 -0.03192872577 -0.1263219952 -0.1285346116 -0.2071816737 -0.08106294266 -0.1257652614
5.109380167 3.807238605 1.613339965 1.070472651 -0.1134564734 0.0357452043 -0.3204435257 -0.285294487 -0.1012929857 0.007246154107 -0.02316261843 0.01068731516 -0.04301134735 -0.02224233442 -0.05650513893
9.181025849 0.4417249687 -0.9610967579 0.1277880749 -0.8475925741 -1.185134309 0.2667500308 0.6875690417 -0.1368606343 -0.3120615492 -0.325232219 0.7738110042 0.9556327446 0.3119353253 0.1369818778
1.407919287 1.213618594 0.1715426053 0.8172564119 0.3394883876 0.4857022393 -0.01720615785 -0.02449566345 0.02671038517 -0.03888693337 -0.01832806279 0.2057216777 0.2163435998 0.1247521612 0.1037594501
6.626601966 0.9554907546 0.9588767767 2.815246983 1.996639126 -0.9313257329 -1.352731966 -0.06013531729 -0.3820815607 -0.161598463 -0.5678748781 -0.7470040713 -0.460751903 0.0734179223 0.5453756307
1.978729081 1.94023538 0.4328241242 0.6281106551 0.1598672177 0.6038926759 0.2117747623 0.07357276805 0.1279912698 0.0883249717 -0.05080393552 0.02435590368 -0.02173531438 -0.01256805701 0.03675046021
5.87522771 -0.8749674134 1.721748053 1.757842568 0.02785704729 0.02616624251 0.2303805699 0.3716832753 0.1654197175 -0.3019090431 -0.02755420087 0.67464431 0.09969314003 -0.2311492685 0.02252451427
-2.320918332 -2.152636643 3.883064891 0.4436366498 -0.5640489676 1.743464426 -0.3782705454 0.5034470246 -0.02004622801 0.437996571 0.7577202651 0.1748491174 -0.01233839893 0.005664741768 0.3901930016
