5.451292492 3.33024444 1.989797424 2.103614222 0.9322439246 0.4737818984 0.01031532708 0.288332022 0.05296470254 0.1351500216 0.1060708873 0.1809490851 0.03618695924 0.01693146932 -0.01691495947
9.213812136 4.115336765 0.2110565499 -0.3403919061 0.03991660885 0.5246089978 0.2268601067 0.2731592236 -0.01808847117 0.1395375722 0.09329752894 0.1432836727 0.1040810496 0.07194676013 0.009314840172
6.01335742 -0.009234541193 2.19983833 0.6475834548 0.154249302 -0.4024429465 0.6498264204 0.2102509863 -0.5238800879 -0.1720613816 0.7074007399 0.4599815668 -0.1349008839 -0.1938675469 -0.3701243442
4.701765882 1.19011268 1.001414062 2.40147676 1.408517848 0.01667002115 -0.8704875131 -0.1245474959 -0.0971592695 -0.1712189505 -0.4088372331 -0.2358006547 -0.05941149456 0.1229147661 0.1838058823
3.889881106 2.306785776 1.377605362 1.786940226 1.070367685 0.8336514725 0.3202867267 0.4635416796 0.2084395212 0.3082340749 0.2357020504 0.2575165436 0.07899581 0.1060204567 0.02003893016
11.82757368 0.5192017185 -1.244181548 0.9554817701 0.7755781665 -0.02446316742 0.1028345173 0.4894643446 -0.02817107882 0.2380766681 0.1023174038 -0.006994678645 0.03569117383 -4.794420088e-05 -0.08387444552
0.2031603754 -2.44690375 4.192625131 0.8386953997 0.4636339765 -0.2787542595 1.165444858 0.4721829807 -0.007017876423 0.1732379666 0.8169657013 -0.01686675015 -0.1135198378 -0.1932645264 -0.266371918
7.886802186 0.1779883097 -0.4082241165 -0.4012650286 -0.2693718344 -0.6253188766 0.003672005005 0.6083439994 -0.2404074023 -0.5852581996 0.5385123389 0.7609861433 -0.09241873315 -0.5975890991 -0.314641981
3.193493456 1.277731865 1.432569467 1.98724773 1.075249891 0.4128762391 0.08101895311 0.8589250638 0.3972395653 0.0685752595 0.3035205666 0.5520083151 0.1617780085 -0.000283216272 -0.05831910122
7.619465569 3.987986046 1.46986741 1.017666129 0.1020751293 -0.08807427604 0.03527200642 0.5774180744 0.1720646525 -0.01484452443 0.006864877584 0.2222021521 0.0658908602 0.02619220894 0.07460703058
1.547507708 0.7363286838 2.727374372 0.2731746322 1.367795342 0.3148552452 0.2877446791 0.567741243 -0.188067777 0.3886179738 0.4319662176 0.2710809681 0.2331872434 -0.009310205243 -0.01450432728
5.496194071 -2.11794687 2.100671609 2.731253035 2.551104002 -0.8947011486 -2.549347241 -0.4077532013 -0.1062191114 -0.2875353301 -0.589490725 -0.5547607196 -0.4572224107 -0.1161874028 0.04971487391
2.631542619 1.483262652 0.7696680629 1.161427872 0.7083939743 0.7095320816 0.3748622923 0.4975286634 0.3318239538 0.4103305294 0.2635972837 0.2335549071 0.1165011001 0.0976495412 -5.296729579e-05
10.32301507 2.766313851 -0.7891644837 0.1795050249 0.7508646751 0.2976644232 -0.1033845201 0.2361028792 0.1090869778 0.123897873 0.01814224045 0.0364914274 -0.01882154024 0.03641626967 0.01832283543
-2.179530979 -2.453273092 4.168451655 -0.006258468778 0.9995484934 -0.5886344819 1.149011482 0.7472963239 0.1761258225 0.58555473 0.820510901 0.1345200422 0.0674947467 -0.0874890374 -0.1142809301
8.649994189 -2.59103038 -2.168821247 -0.3001949485 -0.8292100066 -0.2534940607 0.2696648669 0.9196384709 1.399819829 -0.9848429217 -0.9429329141 0.7261960022 0.1402476921 -0.7486067642 -0.2588586638
4.76073532 2.262624132 2.127443104 2.06063612 1.084737546 -0.2847359728 -0.1926139114 1.087938855 0.2252747728 -0.2922794554 0.0003436518038 0.5284725487 0.1676962328 -0.3312960656 -0.1314933973
8.184571349 3.000284528 -0.4057535768 -0.1844087562 0.3560618945 0.5053834473 0.06530185117 0.05585601428 0.06026351015 0.215273666 0.1344985885 0.09849832654 0.0156550741 0.02478697031 -0.01567958566
3.51436719 -1.3489818 3.544871011 1.507416506 0.6220227582 -0.5867524755 0.117131587 -0.3265002865 -0.4642287094 -0.1369276116 0.3040572045 -0.06859561871 -0.2887440156 -0.1832318633 -0.1842727087
6.85250557 -1.228386097 1.408435905 2.903653463 2.137192603 -1.127812043 -2.450077265 -0.1056506644 -0.7547836229 -0.7302209629 0.2225577883 -0.4328509243 -0.346113562 -0.2196328566 0.1377164548
3.373971133 1.668816217 0.7050054971 1.233308895 0.6176105555 0.6321540261 0.2602267994 0.3743727814 0.1072948249 0.3681934958 0.3490471034 0.3000192904 0.1457954355 0.1339582713 0.05144734593
11.17343989 -0.9643254584 -0.3555784352 0.9763956466 0.06287916478 0.1658625449 0.2913130694 0.2909017469 0.1003870721 0.2401379385 0.0605842743 0.05095890107 0.003852916304 -0.08564011807 -0.01416318795
-0.6312021756 -4.015076554 3.435249856 1.478225716 0.8711142951 -0.3384348332 0.7776567262 0.08534516575 0.3052217714 0.3372612881 0.8281936195 -0.08261488273 0.02070755431 0.1276553614 0.04979081127
9.146688253 -1.465004135 -1.332209417 -0.3368200441 -0.6710580082 -1.064186774 0.06807224855 1.538180578 0.05703679746 -1.032770647 0.2209696682 0.9317284534 0.1436070556 -0.5423430124 0.04203177265
3.02926166 0.3146902737 0.6222314357 2.014795297 0.6172001784 -0.255985065 0.2201922503 1.013542119 0.1081901132 -0.27716693 0.2439472737 0.7238281009 0.16229853 -0.2590972925 -0.01312260048
6.213952982 3.464119436 1.17046058 0.6028959152 0.1167940893 0.2526796709 0.2867875852 0.4719394465 0.3025217261 0.1927586959 0.1117340741 0.1234442647 0.03232821669 0.09161729341 0.07717003826
1.780097208 -2.012227291 1.027904226 0.3595039561 1.349363345 0.02527446651 -0.04165547916 0.1253511254 0.09197837671 0.4858756722 0.6140504975 -0.04407403536 0.3144855631 0.3228260208 -0.003574838656
6.17193418 -2.164497341 1.645308525 2.265012421 1.696435687 -0.93682177 -2.541410713 -0.8780585463 -0.6559338928 -1.176343454 -0.3043846745 -0.09971624584 -0.4463730711 -0.3627146816 -0.295403263
2.246997035 1.338349551 0.5818151319 0.7289195106 0.4038630678 0.3959220172 0.2084635361 0.1605608387 -0.03360494566 0.1031456312 0.1016665327 0.1035386877 0.04314688436 0.0363227074 -0.01571283134
9.468736265 0.8166390259 -0.970390269 0.9010430524 0.602831853 -0.06302028447 0.04329941664 0.3057363336 -0.04338195433 0.07753829287 0.07736025436 -0.009180775283 -0.04674615143 -0.08213906224 -0.1340861492
-2.191108904 -3.804442987 3.799813441 0.4011396394 0.6390845 -0.6374209166 0.952143193 0.4512613615 0.0246534194 0.3795845789 0.6634152262 0.1239421307 -0.1331558227 -0.1483633341 -0.1045370893
8.220143554 -3.286024015 -1.410360492 -0.6469911513 -0.9593225501 -0.1238090259 -0.2138688867 0.7885624663 1.225427909 -1.377051083 -0.1905849054 0.8139835857 0.01811194936 -0.8850761202 -0.6152948106
