11.00795559 5.468133645 1.303744951 -0.9989627698 -1.932041396 -1.271982443 -0.562489212 0.1155415515 -0.07994989925 -0.6011890065 -0.7579433016 -0.5791576877 -0.5066570593 -0.386687103 -0.1266333346
3.454503466 0.8119995219 1.685085789 1.56744548 0.5501728498 0.4112663107 -0.08862024315 0.1185411772 -0.263089629 -0.8199697934 -0.4310869593 -0.1050001079 -0.3343249513 -0.5425189675 -0.4926127124
8.130418029 -3.331472967 0.3146495861 1.413882006 0.08782964239 1.115011696 -0.1118636129 -0.657169632 0.01549737774 -0.3270829371 -0.3104138674 0.194312283 -0.6845643987 -1.071340191 -0.1604926352
2.145332809 -0.3561772821 1.06164839 1.194929124 0.3167695106 0.2774181234 -0.07796243557 0.2426006478 -0.3108988751 -0.8776983601 -0.4088168535 -0.06199076892 -0.4036074256 -0.6457343301 -0.4447692478
4.876383685 3.047387531 2.510105298 1.548454818 0.4627241606 0.08789129896 -0.3898018539 -0.2433184113 -0.5023763089 -0.7188345964 -0.5933876711 -0.3192834459 -0.3237209289 -0.4793756377 -0.3975896709
4.089657063 -0.4047403485 2.910036787 3.591340336 1.011664139 -2.055896458 -0.9639875813 1.132314482 -0.09419291151 -2.053740851 -0.9129782021 0.5494792901 0.1187680591 -0.7490288798 -0.6867983242
6.954064722 -0.2875367993 -0.008212411832 0.1839685836 0.146284067 0.008147758885 -0.4235657179 -0.5228315363 -0.3783498678 -0.5080104348 -0.4047921199 -0.2004915302 -0.4032923861 -0.5778522359 -0.2407538167
1.55252252 0.02272286496 0.9171549257 0.6931507299 0.4764058054 0.8211702789 0.01643903158 -0.2285680321 -0.4173050251 -0.5360857315 -0.3523009188 -0.4557376822 -0.5419462434 -0.4390439981 -0.3681700408
13.44152315 4.018754695 -2.024950135 -2.124764747 -0.2001355514 0.5182863509 -0.3074887118 -0.7553968665 -0.8229347376 -0.5618701652 -0.2294995072 -0.1508063848 -0.440867013 -0.6675830475 -0.2888317156
2.570891614 0.5200525628 1.185104431 0.8849536945 0.4789179319 0.8877503062 0.06822405565 -0.1077216699 -0.3706512304 -0.615256357 -0.3846038808 -0.3304547182 -0.6168169853 -0.6397855939 -0.4062835974
4.520135808 -2.421737049 2.839375069 0.1660768356 0.3317731194 0.7186745314 -0.6968222808 -0.7549077017 -0.6547786243 -0.572602952 -0.4883047088 -0.3661467874 -0.1942489501 -0.626219241 -0.05196767306
2.486414152 -1.155764154 -0.01103794461 -0.08990987961 -0.1649398711 -0.2153213687 -0.3890526183 -0.2884111024 -0.146845431 -0.2511483377 -0.2760772289 -0.182265517 -0.2885078334 -0.3278675198 -0.2542616114
6.767538822 4.074969064 2.171793115 0.9191534706 -0.1258010472 -0.4108502384 -0.6026310605 -0.2226791905 -0.2477126381 -0.5763330127 -0.5355178571 -0.2306180106 -0.2293837192 -0.3861540003 -0.1998086765
2.060554682 -2.171483147 1.981068627 3.311361615 0.9394685976 -1.762226339 -0.1565237893 1.340470695 -0.3339897318 -1.870178706 -0.7000624176 0.2989444148 -0.4846733519 -1.095502918 -0.5519715733
10.62666463 0.7457373432 -2.518356211 -0.6383762344 0.3562285128 -0.2521399161 -1.017944241 -0.4620243431 -0.3549097657 -0.5533516147 -0.3606557568 -0.04892874587 -0.2298739865 -0.544076215 -0.4015867205
1.196375093 1.019805592 1.213349521 0.5815853908 0.195911705 0.2022789736 -0.2447700273 -0.1125742853 -0.4216163238 -0.6252076769 -0.5732373825 -0.4971514002 -0.5754972123 -0.5812427466 -0.4917352879
8.730418435 4.139103062 0.2261476326 -1.382107767 -1.241852148 -0.2975179584 -0.04982453351 0.0735511504 -0.5042497827 -1.030173894 -0.7100917723 -0.2874511659 -0.2851849013 -0.3356100536 -0.207868077
3.839710176 1.568123897 1.776338412 1.115472725 0.1110492522 0.05430410188 -0.5858584778 -0.4098482147 -0.6041730072 -0.9430903553 -0.5797357617 -0.3240747217 -0.4003829337 -0.4176870424 -0.3502063471
9.116110691 -1.484437545 1.682947227 -0.4112245322 -1.027967243 1.87570802 -0.5497757258 -1.509465051 0.1596071109 -0.9086141714 -1.547162001 0.03972495648 -0.03386672864 -0.9525519519 -0.1074923606
1.435230253 -1.125060376 1.035752862 1.204207077 -0.07633883667 -0.2079272796 0.1329389111 0.446448985 -0.582727896 -0.939504118 -0.1441261267 -0.09474640544 -0.6647251419 -0.6451405225 -0.2619002441
5.274545037 2.454640158 1.835282001 0.481350841 -0.3960696749 -0.1960407493 -0.6552636599 -0.3816641072 -0.3990503897 -0.4926471347 -0.3861691469 -0.4245821827 -0.4437486887 -0.422483932 -0.3437977248
3.296483094 -0.8405976565 2.220240607 2.627481638 0.7026746973 -1.106415705 -0.08041322108 1.08745675 -0.4833417757 -1.672829754 -0.3178822754 0.3570642342 -0.4428894851 -0.8445520888 -0.3265413622
6.785362024 -0.01669571462 -0.8382351134 -1.366415701 -1.053871366 -0.6647481021 -0.3159140313 -0.1673080267 -0.2671190461 -0.5927221441 -0.5268553737 -0.2060317442 -0.1985543348 -0.2343599302 0.03141914254
1.4219351 0.1645184561 0.6717541666 0.3396833103 0.0344749109 0.2827649027 -0.315262908 -0.2975733836 -0.5039634061 -0.6494573285 -0.534148756 -0.4597478166 -0.3934796059 -0.3822794173 -0.4153960141
9.993631985 3.265998815 -1.50669163 -2.834120801 -1.741505556 -0.5221032273 0.1764599533 0.2412945719 -0.5427115635 -1.1713561 -0.5158266131 0.1151280705 -0.2016953495 -0.4813360171 -0.2807286051
2.511594224 0.4182728307 0.9753377518 0.5994768048 0.04400716979 0.3565593461 -0.2526184391 -0.2506870684 -0.368337287 -0.5763858872 -0.31657146 -0.2154763334 -0.475442625 -0.5789161379 -0.3998586535
3.803049942 -4.02591014 2.03620311 -1.67706939 -0.8753676268 -0.08518365417 -1.117811853 -0.2538330521 -0.3593570193 -0.5908919021 -0.2864678251 -0.6200465486 -0.01647782746 -0.3735346281 -0.2945565573
0.6672067163 -0.7349810362 0.2814077193 0.07919004074 -0.08193409422 0.2579274564 -0.263984474 -0.2379509489 -0.3726270945 -0.4684047509 -0.3367600354 -0.3396246736 -0.2601349559 -0.2202701537 -0.2417818545
7.318808355 4.450160821 1.477037285 -0.4164620906 -1.663844936 -1.619332116 -1.09940522 -0.1657028981 0.007753992513 -0.4459164956 -0.5957442019 -0.4390000254 -0.6180027569 -0.6126995044 -0.2186640234
1.133613594 -3.747711154 1.26178412 3.582013418 0.8412692908 -2.472025111 -0.4198487684 1.864510778 -0.1386840834 -2.164226969 -0.7898293312 0.5616514656 -0.2076145317 -0.9090027502 -0.2877881414
8.63476163 1.193378282 -0.4618354521 -0.7346134143 -0.6212001101 -0.429573989 -0.5266779999 -0.4822542886 -0.427069855 -0.3999105481 -0.3722858546 -0.3206530277 -0.4291421285 -0.4276712198 -0.2493661156
0.1278623268 0.1835580561 1.499969187 0.4805476762 0.3736454988 0.0008693635458 -0.3190985508 -0.2776463583 -0.4744006411 -0.6648414075 -0.6730897414 -0.4085470428 -0.3213294777 -0.3643085761 -0.3849315605
