7.484821132 3.793611554 3.247034485 1.829419213 -1.008399357 -0.1566392256 0.1005077267 -0.1724963996 0.124839824 -0.4597216143 -0.3859557357 -0.03042813567 0.06997121524 -0.4031834259 -0.1091552248
7.957347011 -0.7667930257 2.11032264 2.395342806 -0.6665451008 1.606478374 0.7378811912 -0.5936822393 0.4713837328 -0.3704093106 -0.3384885013 -0.004067090294 -0.584302978 -0.5731774503 0.3325440508
7.191118639 0.01836995046 -1.773657762 -0.5974301204 3.101534823 -0.2187774158 -3.198253146 -1.164493269 -1.725317935 -0.4388061941 -1.927063623 0.5025685005 1.175729913 0.4138096829 0.1122248299
10.78925592 2.482972492 0.2965621192 0.5408959681 -2.537507483 -1.698145108 0.9830473537 1.814405518 0.549285159 -1.077261155 -0.09650268661 -0.09327263896 -0.143031903 -0.3082460089 0.6518895914
8.75905947 2.800022913 0.5030157113 0.8257484613 -0.02948078888 -0.2533138973 -0.5780116251 -0.4321872029 -0.2221901814 -0.2827810425 -0.5646414623 -0.4929880629 -0.255513566 -0.3050620905 0.09235177514
8.303034019 -2.35060662 1.075769432 1.058858502 -1.846205775 0.9693442469 0.1487076725 -0.9559481536 0.426238229 -0.3408681873 -0.3286384099 0.3254112554 -0.3198072458 -0.2788435847 0.2116194916
3.679541663 0.2055986218 0.6063020292 0.4932264749 -0.502365355 0.2921313041 -0.005522029358 -0.4988597874 0.02567702004 0.1304643555 -0.3040256071 0.01326470192 0.005812250426 -0.02156936853 0.03551519337
10.55324703 0.3435699994 -3.064042022 -0.7517620493 0.1191517903 -0.2680936471 -0.1676279814 0.3911054111 -0.2485869231 -0.4790079302 -0.3456871772 -0.04105992797 -0.1112669255 -0.4698810265 -0.06386669589
5.982588641 1.980187701 2.354753919 2.21344211 0.5961178127 1.322806709 0.6325500851 -0.2900977512 -0.02974109652 -0.4241295837 -0.7358264546 -0.3794190786 -0.4113177889 -0.6576519664 -0.2776407463
10.93889014 0.1691815923 -0.8385032941 3.262432979 1.848620493 0.0217721505 -1.485411074 -1.507975823 -0.3550256432 -0.6275129059 0.05266185903 -0.1818946806 0.03036858547 -0.3759023588 0.5974047246
6.359250089 1.471499286 -1.137598084 -0.2120966827 1.566975745 1.10305729 -1.563429328 -3.177504142 -3.196373495 -1.209536929 0.4295613142 0.5547897738 0.09533682027 -0.1268583306 -0.1717609905
9.322326478 2.958285073 -0.3761382783 -0.6758823284 -1.767065637 -1.164681674 0.1963058511 1.306516891 1.162270724 -0.1249742862 -0.6379092892 -0.5075105139 -0.08914044247 -0.2137687087 -0.008043630968
9.860805584 2.767227884 -0.4345255684 0.0677510392 -0.4698040298 -2.084967829 -2.467868428 -0.1045349306 0.6932822727 0.08381035358 -1.601812345 -1.874177464 -0.6110555962 -0.04560594579 0.2117789125
9.794262014 -4.10726869 0.6187782575 1.049204864 -2.372594506 1.480106162 0.05422336802 -1.239464122 0.8542570638 -0.4930589885 -0.4416145869 -0.152802537 -0.4125244686 -0.01957698475 0.2371834639
-0.8214387804 0.1393941375 -0.6786459882 0.6713234829 0.5696736516 0.9326873641 -0.2720139548 -0.3573696447 -0.6902158928 0.3215243808 -0.7677815364 -0.3837974888 0.09826079901 -0.6282771645 -0.01339013722
7.598087143 -0.3041173755 -3.083705452 -2.077195362 -1.265036172 -0.513499785 0.08542565745 1.276769198 0.6987259763 -0.3527879482 -0.8871940351 -0.2955294162 -0.2708088913 -0.1140302215 -0.06842159652
8.961760697 1.332003266 1.618932223 1.660910394 -0.6746050598 1.054871843 0.7366866938 -0.479779257 -0.1102796221 -0.7389785729 -0.672139314 -0.3329263936 -0.2003764694 -0.5535921905 0.04432001237
12.82125944 -0.6762797969 0.1904998632 2.114975208 -1.40275198 1.196846918 -0.008858215281 -1.404037961 0.7497717197 -1.026410424 -0.2020015995 -0.5430315965 0.213039098 -0.566523836 0.6973636378
8.880658038 -0.2326340241 -2.142488687 -0.5595998626 2.863253273 -0.8943116273 -3.564770008 -0.8831537932 -0.6849655432 -1.114796062 -1.897572918 -0.3853704385 1.14527723 0.224006312 0.8048988666
12.63213323 1.838665222 -0.8419712363 0.2020797883 -2.388358923 -0.4369053963 0.5824079362 0.6332648196 1.402955072 -0.9205784663 -0.4141577149 -0.5738264614 0.3989318614 -0.6840577532 0.4102463446
7.412435259 1.553670879 -0.8566896754 -0.07703453363 0.01500957918 -0.3196775209 -0.7360767107 -0.5909286768 -0.6798233955 -0.9589794586 -1.300343246 -0.7189535854 -0.04957382676 0.2882788247 0.3440701636
8.698230381 -5.940386488 3.924528587 1.968958772 -3.521096851 1.269840677 -0.3611618482 -1.154022161 1.638327248 -0.7146961038 -0.6908563269 0.6266596456 -0.6050777416 -0.3715631527 0.5975737595
5.870882968 -0.703865795 -1.71240717 -0.5599353302 -0.2818682662 0.1825647237 -0.303087633 -0.6573409098 -0.7301334067 -0.2418956946 -0.4011634824 -0.3046607107 -0.499143833 -0.3499008049 -0.34777559
10.64768741 -0.8376417347 -3.564098703 -1.677293565 -0.6900431812 -2.29031992 -1.350563426 2.041370224 0.9734245407 -0.280046611 -1.072483602 -0.8509500905 -0.6281301918 -0.4817580632 0.7530214345
6.162835945 2.985600891 1.155885744 0.9932437334 0.3293510236 0.198937403 -0.3485721493 -0.3607678024 -0.286461597 -0.3839283999 -0.6648218103 -0.5595496742 -0.48828345 -0.4085072635 -0.2817306057
9.762101441 -1.110756331 -0.2944786612 2.033489153 0.2664598358 0.585223236 -0.5232856023 -1.480619523 -0.1797906358 -0.2027303366 -0.3798871741 -0.1066974585 0.07255941706 -0.2852454492 0.2046672164
5.932745941 -1.214650579 -0.8113801367 1.830080247 3.320986073 -0.1781961037 -4.384735077 -2.18110713 -1.063557727 -0.7829300959 -0.9010384588 0.01137050015 0.173601543 -0.4423553569 0.3528446852
9.442271046 2.850911649 -1.368602838 -2.38521343 -2.393552583 -1.041973618 -0.3102184116 0.2289973498 0.06254988947 0.01726271835 -0.3327486437 -0.2087020978 -0.026216021 0.06023556159 0.1584310328
6.853050212 1.461076284 -1.608984589 -1.539338343 -1.225323274 -2.494737275 -2.603177614 0.02032864332 0.9209962103 -0.0462732181 -1.655681919 -1.385255934 -0.1271654637 0.4683768361 0.43925755
8.287567366 -5.063487167 -0.05986173772 -0.1131018851 -2.911419234 1.017343458 -0.3839983741 -1.253755028 0.8437167151 -0.4301296205 -0.1362301408 0.3516665676 -0.3397641854 0.08077456717 0.2700351155
-0.6701569173 -0.9022111075 -0.1259266985 -0.6325494457 -0.7827869847 -0.222397395 -1.587772144 -1.367570628 -0.294414947 0.3000482695 -0.5643253073 -0.1685531854 -0.7337029521 -0.6581103209 -0.1037674535
7.942359024 -1.644132452 -4.596771641 -3.591049597 -1.301816127 -0.7965940659 -0.5449093559 1.309137578 0.902843243 -0.1761090539 -0.9185415907 -0.6596993615 -0.1915970527 0.09158745243 0.4232402027
