9.069893748 0.6846567699 -0.5511883564 1.638057196 1.459712041 -0.1784260751 -0.6688124597 0.3525345967 -0.08872664568 -2.62208583 -3.192993863 -0.7758625756 1.208078742 0.5971649178 -1.218888946
8.023243532 0.7518194131 -0.6994082306 -0.5882269603 -0.5939265541 -0.03302167295 -0.851938339 -1.316196894 -0.9461007418 -0.1543588886 -0.132092638 0.3580851712 -0.01810309554 -0.4581601472 -0.5859403639
11.59594803 -2.880913164 -3.572343382 1.3885327 1.60723597 -2.642545225 -2.010691694 0.5596879505 -0.7168902618 -1.976006727 -1.258234154 1.062443455 1.023025161 -0.2004425998 -0.1152818743
4.443569988 -4.682771191 -2.460834394 0.9939998802 0.005484366419 -2.356612469 -2.206988805 -0.8430755291 -1.096007381 -0.6505170348 1.32075488 2.219060214 -0.768658854 -1.31029076 0.5260438896
6.20051687 1.850378081 0.9508528591 1.282054732 0.7251524074 0.07848011701 -0.674708333 -0.6317073284 -0.7908876788 -0.869313181 -1.104522091 -0.7998177763 -0.7233286319 -0.9797024052 -0.8065227859
3.668466086 1.747885716 0.4972123334 -0.03547250005 -0.4589313742 -0.0947607146 -0.5406917996 -0.3968302933 -0.296404752 -0.3723600342 -0.6010935877 -0.481764796 -0.4129965463 -0.2804896705 -0.4204426395
11.090454 -1.678457071 -3.136359815 0.3458673264 -0.2355816535 -2.93935572 -0.8277524581 2.10528616 1.003106527 -2.172456923 -2.206713048 0.1083334965 0.7410152059 0.1155706531 -0.5894097247
3.41787248 -1.18839926 2.973949499 2.06927802 0.7671761318 -1.162240147 -1.257691297 -0.2507555915 -1.09057946 -0.3357654577 -0.522124014 -0.9606149103 -0.131156331 -0.6724383816 -0.1051094491
5.823321539 -0.8865580795 2.199011358 0.7344547627 0.5557534813 1.838208893 -0.7963313821 -1.205924827 0.5047837012 -2.053976227 -3.04475533 -0.7243994131 1.116049909 0.9770631882 -1.13197582
4.662571432 -0.777083965 0.01311197528 0.6801114148 -0.1693968949 -0.3243702138 -1.055706929 -0.9850878315 -0.7435000099 -0.1259991132 -0.4899990764 -0.2162934789 -0.4623757817 -0.6445325616 -0.3204558039
7.648941752 -1.969181409 -2.482805252 0.811558976 1.352241649 -2.502910301 -2.200284449 -0.1390683742 -0.2632099692 -1.320650085 -0.9232201012 0.8842946026 0.03515140123 -0.7382854389 -0.2500074825
2.762689646 -3.118539382 -0.3403389171 -0.4967737249 1.635871149 -0.7805881622 -2.804766177 -1.483558536 0.5100495863 1.037508277 -0.9311956523 -0.08339648385 -1.266016006 -0.4771823867 0.8386400044
5.871991624 1.436214282 1.472089721 2.862170472 1.69716437 -0.9209099614 -1.65963134 -0.277375636 0.008792312481 -1.684523667 -2.695222107 -1.069464467 0.2421080635 -0.4367027763 -1.484419917
-0.3945361008 3.229384172 2.933633197 -0.5804886501 -0.4983445747 0.9753587367 -0.1270975328 -0.2903104213 0.2511386969 0.2120378206 -0.6243185479 -0.9235174914 -0.8942120841 -0.9417833176 -1.019389355
7.896249041 -0.8264705669 -1.738182442 0.03510871405 -0.552252389 -2.25957811 -0.7607628994 1.714062843 0.8778967839 -1.639113425 -2.532988669 -0.3455555192 0.7779261173 0.1750175195 -0.4951896644
0.7652945394 -3.659969476 1.531272999 2.394899929 -0.5779741608 -3.047138944 -0.08426368155 1.992269871 -1.266121672 -2.563204027 0.097671444 2.095327203 -2.035292139 -1.89072562 1.104606842
6.608238944 0.4661482574 -0.5404916797 1.014006157 0.8870939656 -0.8030297289 -0.553534714 1.092687018 0.1822725443 -2.256622758 -3.064903725 -1.214171862 0.4096214171 0.2260311988 -1.061521605
6.089087327 -0.6482777062 -1.456798729 -1.091039604 -1.672129451 -2.678924894 -0.7469640391 0.6306363608 -0.8649128519 0.1922214461 0.4597373349 0.8773882866 0.5205620116 -0.420736956 -0.1751235036
9.456286075 -2.616970174 -4.419033806 0.3324346456 0.8284750916 -3.207728148 -1.021875951 0.5738402874 -0.1118494165 -1.823044206 -0.6644129482 0.7321081621 0.5812786594 -0.7781626313 -0.6392663436
2.76384504 -6.994264767 -2.131154982 0.182783942 1.184083132 0.1672510165 -1.41318747 -0.06848456842 -0.7829880594 -1.147228537 0.3175017374 1.014976596 -1.311302669 -1.741583608 0.2966382977
6.142272998 1.6372082 1.250273316 1.000178778 -0.2171352822 -1.468250534 -2.074774733 -1.804103466 -1.458604446 -1.116687037 -1.381565825 -0.3092919686 -0.3129229083 -0.7516394779 -0.1206460014
3.057417773 0.9183523657 -0.9368533354 -0.7489589116 -1.657144651 -1.593120274 -1.694049921 -1.516922836 -1.097693329 -0.6097689565 -0.3009530928 0.2646964267 0.2219126534 0.1130100146 0.009066341893
9.230141521 -1.691176049 -3.538356272 -0.4326400254 -0.3595250385 -3.078468913 -1.406654538 2.022156984 0.9278314923 -1.920282282 -2.351172603 -0.1450447392 0.7790229812 0.04567557306 -0.3597297227
2.735225836 -3.048757856 1.063774342 0.2333907666 -0.2302655178 -0.7983708354 -1.022550628 -1.130655936 -1.304510214 0.8646170359 0.2739956948 -0.5392935533 -0.4792979796 -0.2631841652 -0.3123215662
6.68272389 -2.22062717 -0.4632896835 -0.6240527229 -0.4562033291 -0.1495590698 -1.312335047 -0.64865356 0.1552029106 -1.372162262 -1.801807426 0.1497465242 1.451136646 0.9709201289 -1.183913221
6.309714764 -0.370534475 -0.6637494677 0.6605884206 -0.01676650948 -1.262184796 -2.68867342 -2.628322776 -1.430555149 -0.1618816185 0.02223767344 -0.05863167058 -0.4050333796 0.05579171441 0.6616686891
7.776258285 -3.699455433 -1.328825643 1.4645083 0.2693012271 -1.526775746 -1.577882921 -0.2784135077 -0.5361159678 -1.158581098 -1.313174872 -0.2703872446 0.06878786866 -0.4124526164 -0.7547151109
1.92915441 -2.273023155 -0.6673486551 -0.3789486675 0.4131984017 -0.2626263371 -3.718967302 -3.913156017 -0.7892312044 0.7316030724 0.06820971182 0.2564075099 0.4113829824 0.2524420114 -0.9522594247
3.893721442 2.401805666 0.9492522848 2.83998983 1.319066009 -1.137343074 -1.589432872 -0.4901542371 -0.07112849573 -1.363111623 -2.448070483 -0.8225580367 -0.124176347 -0.4101514686 -1.383605115
0.7148263034 1.954264739 2.851409404 1.242211054 1.775033248 -0.6108374866 -0.9833986035 -1.007727623 0.02554976871 -1.675303684 -3.183051675 -0.180857175 -0.005474416515 0.3410489753 -1.308845986
6.888237872 -2.411969945 -2.659348835 -0.3880047752 -0.6842238892 -1.933290377 -0.8856263379 1.335282828 0.631903238 -1.43437561 -1.759193079 -0.08087639547 0.4096980034 -0.2348940059 -0.6842861078
0.07504691226 -4.545481846 1.371666382 2.311741232 -1.013014243 -3.082044668 -0.1196283894 1.490777414 -1.286092774 -2.322197783 -0.001514067797 1.533766627 -1.646311916 -1.435333156 1.001275784
