7.796751922 3.587822649 -0.5535998046 -0.3928449737 -0.3785776574 0.0004782831712 -0.1913178116 -0.1421165927 -0.04937050813 -0.1121298448 -0.001314771828 0.1488227852 0.008546276633 -0.04791309277 0.02688802545
5.179243988 3.446328239 0.9600091768 0.4984184315 -0.1515185481 -0.004468009387 -0.2109277305 -0.01514237736 0.003110964856 -0.211655785 -0.1185534087 0.1350793856 0.0572283881 0.101358499 0.06243449331
6.649694226 3.320766668 1.963310085 -0.03667516553 -0.7920051097 -1.790075232 -1.752609536 -0.1996312539 -0.6491993606 -0.04092873897 0.3203221521 -0.2194617868 0.1017727404 0.1431751556 -0.8013147321
2.221312722 2.056920826 0.3340417099 0.6736375955 0.3816842326 0.5096020467 0.2784255198 0.3523327677 0.2245091833 0.05923615785 0.1756535258 0.3133941244 0.200981288 0.1000040561 0.08626825452
9.15992219 -0.1609682327 0.2847620259 0.500272267 -0.5257362396 0.2555536796 -0.368392321 0.0284452294 0.1125769757 -0.1487605936 0.1210257513 -0.043786326 -0.126040412 -0.06509895828 -0.1632051741
2.707883569 2.564057333 0.6489562455 0.9249083316 0.5406287606 0.527019318 0.1575463931 0.137723777 0.0319913073 -0.1251067476 -0.08937511166 0.0407330752 0.03784414267 -0.01772891791 -0.04972903643
4.460436649 0.262373411 2.552442057 0.8073144801 1.204833268 -0.8267445259 -0.8520725904 -0.2198144957 -0.7582790238 0.1581007005 -0.4680513458 -0.7127661084 -0.4448625498 -0.08684061812 -0.07534848354
-1.582638129 3.452079102 1.132689579 -0.7938819819 1.531009234 -0.121314183 0.5591814239 -0.3340836332 0.593420201 -0.358412947 0.3086422321 0.2523484325 -0.374426856 0.348513546 -0.0935384493
6.114232064 3.477208364 0.3032431313 0.07944688885 -0.2863744716 0.1062440822 0.02975850833 0.1602201649 0.08304447309 -0.0291309756 0.1006026305 0.1236222414 -0.01754123729 -0.08153729136 -0.01087443736
3.870515526 2.864078448 0.5880665166 0.9274509658 0.37629277 0.2494550121 -0.01727901717 0.1205222858 0.07880010016 -0.1323664037 -0.182383741 -0.007407777372 0.06900439765 0.01417145954 -0.08240042928
5.867724107 2.007006885 0.920678838 0.6142100925 0.2035526523 -1.064315787 -1.862480088 -0.5275139594 -0.6794450357 -1.070174652 -1.186585327 -1.160265991 -0.5517777121 -0.256393914 -0.6802443153
2.005347152 0.8714015607 0.9229270737 0.8981241821 0.3191499231 0.4487977008 -0.1491988718 -0.009061020385 0.1398367177 -0.1236219647 -0.02565915421 0.07895922298 -0.04783279707 0.05151420918 0.05260534078
6.665756212 1.061819989 0.1822307801 0.4242058589 -0.005463206661 0.4524197315 -0.05570255602 0.0590371033 0.1927618855 -0.06007926914 0.01323166819 0.003411178799 -0.1417130955 0.03671803547 0.04389563569
3.861753242 2.422228689 -0.3630608398 -0.2087734528 -0.6404306634 -0.2204410486 0.1692399606 0.4723132845 0.3119508051 0.07002949124 0.09311732531 0.1874671437 0.02268085439 -0.08383034861 -0.07900831504
4.30186568 -1.345148289 1.854341583 1.709857374 0.5485962581 -3.066955803 -1.217426313 0.2287612423 -1.626228178 -1.015934543 -0.9463875267 -1.246296364 -0.9740254632 0.06403078303 -0.2373523591
0.7780174726 0.1420851317 2.066333316 -0.04753652508 0.3626507754 0.2950957444 0.04896441633 -0.1149225035 -0.09734530306 -0.118489364 -0.1326869827 0.1709976704 0.01018819551 0.1536910008 0.0774494361
6.671971161 2.547098213 -0.4812659591 0.1232586403 -0.01254791905 0.1924364812 -0.03038059942 0.01990613328 0.004578153738 -0.09751573419 -0.02858568935 0.04608836718 -0.03523925499 -0.05162119645 0.005850563806
4.836005436 3.219451757 2.371099623 0.9137754356 0.342669366 -0.2414230296 -0.8317943242 -0.02625479991 -0.3314832292 -0.3031435515 -0.1029340862 -0.2676064721 -0.09393596331 0.003844424927 -0.3135342137
6.406649701 2.143667215 1.645025445 -1.15281637 -1.405941635 -2.725803768 -1.833102556 0.05195294922 -1.042527187 0.1556868294 0.54134033 -0.9441522165 -0.5208853427 -0.1124364732 -1.12260145
2.296082869 1.733540293 0.3754798391 0.7295433384 0.2407831901 0.1343874869 -0.2391338054 0.02911726881 -0.0125207955 -0.2575147561 -0.1584353939 0.00984449194 -0.03128782217 -0.05096363077 -0.06740563284
8.144370061 -0.5673335774 -0.4170946951 0.0722996344 -0.6144403906 -0.1033624618 -0.4038343458 -0.2949459587 -0.1894021388 -0.02069948783 -0.08964710386 0.06934551785 -0.05365236807 -0.09768719686 0.05267914128
2.822454522 2.520383172 0.1944916057 0.3713339968 0.03769753632 0.07119546661 -0.2020648376 -0.1079446981 -0.1719259681 -0.2322451025 -0.097552279 0.07841857701 0.1225864358 0.05813950643 0.004445797217
4.511265156 2.179463818 1.867154096 -0.4126117911 1.597661484 -1.582946362 -2.382462408 -0.4848744867 -1.141659494 0.0502768183 -0.234677712 -0.7713496603 -0.2987123224 -0.05520222579 -0.2555161018
-1.940296686 2.028415494 3.099217989 -1.799049613 1.816794645 0.1616028886 -0.2349879293 -0.1704968007 0.3274949302 -0.2922152028 0.2028524534 0.4649758821 -0.1106239759 0.0827642523 -0.1224599431
5.042807112 1.783696953 1.130285096 0.3360792776 -0.3549593216 0.2436198458 -0.04462206141 -0.01781105827 0.1762787735 0.006734821056 -0.136292408 0.04539826748 -0.02726953649 -0.005937024419 -0.01883370128
3.512401666 2.039086081 0.9949491083 1.001404204 0.1601523822 0.10612375 -0.3743196984 -0.2042169172 0.01006667053 -0.1108549859 -0.1973905846 -0.1127777738 -0.01220607329 0.06859768215 -0.09154912257
5.87178495 0.5918872361 0.9104899582 -1.119714565 -0.0279972649 -0.9426173299 -1.379331207 -0.6076760035 -1.092376543 -1.020407979 -0.7258442455 -0.5900080835 -0.7264349227 -0.3670908494 -0.3740797853
1.746283676 1.773340358 1.43026256 0.1147705371 1.021235005 0.4051594402 -0.5124720135 0.3664675295 0.04929779287 0.06300268556 0.09071984537 -0.1610842228 -0.03725972044 0.06906178738 -6.644252162e-05
7.938661584 0.9933581106 -0.871985886 0.2971385397 -0.3272901666 -0.04687209827 -0.2448178924 -0.2628741494 -0.07832914299 -0.0503082155 -0.1008864324 -0.03404684889 -0.103053749 -0.03225877471 0.01480786036
3.591649415 1.10055956 0.06265185049 0.2169531772 -0.01757552225 0.3381283314 0.1093066314 0.249693926 -0.001168505129 -0.2872257613 -0.1749212414 0.1059805782 -0.03376654664 -0.1096858427 -0.02237947663
5.164672237 0.1933634167 0.7959601485 0.5497320158 1.544886192 -2.757068592 -2.013649615 -0.3723508041 -1.423396349 -0.4042568068 -0.9902650128 -1.237435672 -0.5808602194 0.02981648751 -0.2275354366
-4.347043285 -1.363548664 3.475352674 0.1163594869 0.6791956587 0.285562855 0.448186312 0.02570072159 0.3133922088 -0.08109876567 -0.02033624485 -0.09835968447 -0.1553129069 0.04003800306 -0.03567855445
