12.53128455 -1.098424083 -1.174268427 -0.479505312 -1.768595789 0.6226448641 -0.3701114906 -0.6243785016 1.143629926 0.1355503299 -0.1729115889 -0.4690198593 0.2707662703 0.6785674945 0.3387525542
10.09402118 -2.340933184 1.142333074 0.7067309587 -1.618864667 1.718449717 0.05646446716 -0.6318291136 0.7725891415 -0.4409148194 -0.2149598817 0.3255753648 -0.4184793642 -0.1671233713 0.05136352728
11.04291453 -0.007502622986 1.61887117 1.095482349 -0.6304001477 1.447515164 -0.870478364 -1.422254644 0.1003689753 -1.415107542 -0.592463961 -0.164747175 -0.5801819927 -0.1962532678 0.3057953251
8.424619849 -1.618070595 0.6123274329 0.567243421 -1.214811005 1.184208895 0.09338610504 -0.6287524598 0.6580005789 0.0002977394345 -0.2170810995 0.3698059915 -0.2606442287 -0.1605753027 0.1067131378
9.410509947 0.7847904583 -0.5689395141 0.1769372459 -0.3116132109 0.3215282948 -0.3313124268 -0.4604252521 0.2068929246 -0.3208098379 -0.9581000252 -0.4972500683 0.2103768958 0.676419643 0.2585511197
10.67559144 -4.164152597 -0.300781257 0.46361913 -1.839950313 1.048771414 -0.2584396483 -0.5689489224 0.6631031243 -0.669561416 0.01951094432 0.7363275235 -0.1425303536 -0.1702318164 0.01842346907
9.851432723 -2.188702634 1.771035426 2.808073389 0.240712306 -0.08735106894 -2.60057094 -1.383049856 0.5301147036 -0.8009124563 0.207802382 0.03683716356 -1.151108179 0.2005323061 0.9419348733
8.781854144 -3.998990705 0.3291921784 1.461555083 -1.887612914 -0.168339731 0.1902543134 0.2926798945 0.4586412413 -0.9368941383 -0.06557107334 1.12760234 -0.1708951504 -0.4275250105 0.0618984161
13.07316456 -3.215817804 -0.7575722482 0.5100368622 -2.006071139 0.1022584027 -0.633117288 -0.2141156848 0.7402500344 -0.8641464096 0.4998936882 -0.2204484568 -0.07681325353 0.2712509431 0.1160590308
9.364605946 -3.539311146 0.4336441475 0.5434409467 -1.479239432 1.834315173 -0.08783419615 -0.7450013547 0.6976590194 -0.4482216465 -0.2500118831 0.2403044066 -0.5656768786 -0.05747707807 0.1340863948
8.620811076 1.125716422 0.9990152763 0.7462045556 -0.1577569282 0.8073950652 -0.6734774348 -0.9742652195 -0.1104879378 -0.8903442419 -0.7120792004 -0.1200698791 -0.5631707497 -0.1670874701 0.08103458592
8.092219827 -1.626217233 -1.060462712 -0.3575088276 -1.193106222 0.6858670255 0.1636001419 -0.3595292481 0.538945496 0.1931198896 0.02234125545 0.5591820503 -0.05436364311 -0.3986381356 -0.3184555874
10.41475453 -1.828976315 -1.419680033 -0.4479606504 -2.016807977 -0.0971745252 0.3072093182 0.373452957 0.6091068641 -0.4651194844 -0.4675018696 -0.1068543604 -0.2038866191 0.4134501312 0.3663868549
9.441965415 -2.593593784 -0.4273044028 -0.1072063666 -1.76455993 1.038526268 -0.1259262141 -0.6486548734 0.668825494 -0.1948404915 -0.0934674544 0.5646593201 -0.232248259 -0.1155257578 0.1073772938
8.62377772 -2.311538643 1.363466807 3.557040387 0.1850066475 -1.428553133 -2.548976771 -1.019733446 0.1639456604 -0.5975369171 0.3242757992 -0.1026921604 -1.2947323 0.3892470235 1.019425386
7.633819626 -3.066332953 -0.2725377249 0.5653483157 -1.199382155 1.175691977 -0.09844682861 -0.6608435797 0.5053714847 -0.3187855912 -0.2313872288 0.3762877582 -0.4083133278 -0.1186910715 0.1283712026
11.39088465 -0.8001379656 -0.9961195814 0.2347327808 -1.138188317 -0.03570141931 -0.4783991902 -0.3747593813 0.6016350237 -0.3532272247 -0.6402274553 -0.3074385815 0.1338940687 0.5730033845 0.2607543508
9.599528018 -2.968393492 0.5295350532 0.526201274 -1.78013217 1.221220582 -0.5170038324 -0.990477733 0.6280672571 -0.3685889494 -0.09471569826 0.4926349621 -0.3935619674 -0.147579098 0.1736614373
9.206404463 0.02787206877 1.71052113 1.101941298 -0.6010376949 1.161374684 -0.8039358573 -1.48504088 -0.0748128868 -1.023851957 -0.8119781954 -0.2436298248 -0.7923006532 -0.2563291161 0.2766656075
7.856284935 -1.859484195 -0.04442409944 0.04844394919 -1.428184205 0.718304986 -0.3390161705 -0.8544507881 0.4512885275 -0.1530338415 -0.2867999591 0.3289690927 -0.3675642461 -0.2922303951 0.02812699724
8.298885454 0.1480798844 -1.713557504 -0.5369766989 -0.8085609299 -0.5845474112 -0.3505290106 0.2543748851 0.3243266599 -0.09636622965 -0.231723056 -0.2412368772 -0.1123135652 0.4927588451 0.1650146564
11.0506876 -5.35509196 -0.849795698 -0.07392104318 -2.517893106 0.8096058007 -0.1552903854 -0.5771765411 1.012571154 -0.2004343168 0.03399963655 0.2534730655 -0.231578126 -0.5725490828 -0.2727807364
7.640476406 -0.2922918661 0.7028596931 2.151025398 0.9913969594 -0.04262638173 -2.304516953 -1.633913819 0.3662522865 0.05162440044 -0.205260201 -0.2723241262 -0.9379348718 0.06810746039 0.7408157093
8.154611723 -4.249740598 -0.7058152392 0.4842682905 -1.488225414 1.305669248 0.06236603633 -0.6216888174 0.4796239381 -0.3907525066 -0.1643777628 0.3747110474 -0.442975323 -0.05304127404 0.1087116369
11.35628673 -2.947594485 -1.69355808 0.3881002503 -1.442064069 -0.5875604335 -0.409036467 0.3309632437 0.5040486408 -0.694944128 -0.02487601884 -0.0614364775 -0.3881487811 0.2595575219 -0.06340565205
8.662398194 -3.240906913 0.6306891486 -0.08779415796 -1.75961576 1.632224055 -0.49467413 -0.8818617702 0.6506723764 -0.6585692414 -0.432392195 0.2766559034 -0.3879858739 0.001396037639 0.122708384
6.955684051 1.34049574 0.7742030354 0.6011512172 -0.1582206149 0.5265740405 -0.493551741 -0.900191616 -0.4158384266 -0.7949772762 -0.761593027 -0.2675765857 -0.4738945726 -0.1725314398 0.05228403343
7.306528077 -2.633886107 -1.478832153 -0.4057933575 -1.656177924 0.1895936148 0.1301050631 -0.2613556472 0.5269733002 0.05705550875 -0.248847886 0.3639930583 -0.1059511845 -0.4446545525 -0.336057153
9.368659634 -1.347329348 -2.052265841 -0.1326837328 -1.225383566 -0.9390936654 -0.02548786793 0.6994832485 0.3734734898 -0.3300266577 -0.2635156007 -0.2152220182 -0.1287713915 0.451726708 -0.02787932343
9.071217321 -3.656100051 -1.124676879 -0.2933889832 -2.042203541 0.6115936853 -0.4758290819 -0.9388455643 0.4600547967 -0.350778889 -0.242542536 0.4178004699 -0.3517652693 -0.25258482 0.006210816699
7.260208386 -1.408278947 0.740645194 3.111671831 0.02947611704 -1.926115115 -2.114937579 -1.304502063 -0.9289894944 -0.4937064557 0.2915329128 -0.5390656167 -1.327581815 0.2127073477 0.7639787289
7.207683394 -3.594797205 -1.002499798 0.150075943 -1.58762866 0.7244705324 -0.2843758088 -0.9025721105 0.2834055326 -0.3880160909 -0.3589245405 0.2988493249 -0.4161237831 -0.1765952205 0.06861415368
