10.31463394 -1.085023659 -0.6287876693 0.637476819 0.05999769018 1.218872964 -0.2419285534 0.2786202128 0.7225958187 -0.5594040514 -0.07406395789 0.2289762662 -0.1301894882 0.1727604303 -0.328586975
9.767662269 -0.7626568313 -0.7931169967 3.229583349 1.915555189 -1.30280475 -2.241007 -0.07025960974 0.6267432375 -0.7314024683 -0.8970732887 -0.2012018806 -0.3052171021 -0.1791388764 -0.09949561865
7.362584841 -1.124775503 -0.3250667327 1.531531124 0.608093859 0.9815349857 -0.105232613 0.242913051 0.7004646962 -0.3349510447 -0.5007641236 0.1948679357 0.02729667959 -0.154512264 -0.4056272289
8.118429223 -1.835400319 -0.6982301471 3.650615116 2.086493907 -1.697625772 -2.64477291 -0.3772979542 -0.05907569476 -0.8215753639 0.095973186 0.4424275844 -0.4792648792 -0.283763827 0.1815407607
9.062844973 -0.9658124008 -2.930053632 -0.3052242148 1.105186364 1.135003547 -0.4329679915 -0.7238894118 -0.3292795337 -0.2474641219 0.2777310909 0.8117878169 0.2950444863 -0.422044072 -0.8756426514
9.566648951 -0.5611031346 -0.4343297261 2.063070544 0.7406104754 -0.07371765313 -0.9064192709 -0.08051484948 0.3049988132 -0.7199263354 -0.6396459089 0.1596926768 -0.01606355468 -0.1281249232 -0.1868080892
7.808620966 -1.88678671 -0.6816508408 0.6948787266 -0.1685468875 0.9868750466 -0.4516355589 0.04966566595 0.5965549979 -0.5742195891 -0.1501745803 0.1152637828 -0.2950222547 0.09304527361 -0.1930378674
9.950389516 -3.454347287 0.08791121884 3.879906642 1.331138945 -1.804835957 -3.084189581 -0.130618716 0.5064023948 -1.140123371 -0.1398675812 0.3066170294 -0.4008356988 0.1538373781 0.08461656192
12.13813297 -4.730935922 0.7612230074 1.073342968 -0.2372350569 1.362168137 -1.168955868 0.0977238248 1.344498325 -0.4149681792 -0.06920228175 0.07055295858 -0.2411466499 -0.2432423631 -0.607288912
6.139900366 -1.126689552 -0.3373003998 3.550495782 2.116653815 -1.73973336 -2.576641378 0.3659968939 1.717738278 0.6903117402 -0.1451768811 0.2127090367 0.512407342 -0.1353359411 -0.6847107339
8.723717796 -0.9981493881 -0.2769929681 1.176238011 0.2586780872 1.124877039 -0.3563988008 -0.07714031981 0.4864264007 -0.6036833682 -0.3786621525 0.1541759398 -0.1654464806 0.08385174202 -0.08532080577
8.847355434 -3.154330085 0.06052425679 4.188702506 0.9958765501 -2.249523944 -2.564742131 -0.05761842523 0.7452908066 -0.989332739 -0.9009496112 0.3842803562 -0.17485315 -0.3564143916 0.1657682859
12.85597213 -4.384141494 -2.666790566 -0.3562301458 -0.5307568326 -0.4214299382 0.1728808497 1.714927293 0.9319642112 -1.150710018 -0.7915090738 0.182012742 0.1603036087 -0.2405138673 -0.6050850265
11.73231454 -2.175175949 0.3401221317 3.20496958 0.9245843757 -1.084682869 -1.940721462 0.2791241922 0.7131447872 -0.8174336435 -0.3872713332 -0.01688986781 -0.2186061958 0.1485132619 -0.4496717234
7.009742611 -4.790633462 1.573278053 0.3700187363 -1.773514399 1.051296965 -0.7018136771 0.3814903609 0.2461291457 -1.060706595 0.6212777075 -0.1119304595 -0.6841263022 0.5482261303 -0.4192842741
9.969215582 -5.084237498 0.6814582246 1.724719725 0.4558758691 -0.4743541524 -2.484429204 -0.4052486045 0.6320330403 -0.4152020345 0.04594190945 0.3076419874 -0.2097748114 -0.3128358604 -0.4911009812
10.10352922 -0.7369995341 -1.136439742 -0.1404825569 -0.8480677138 0.2599355925 -0.4454280787 -0.09858711951 0.359396799 -0.5622755716 -0.4673034145 -0.09287039509 -0.3179092866 -0.1581831555 -0.3940809092
8.458240028 -0.6867010782 -0.5501041081 3.813304133 2.544500892 -1.426947317 -2.47420633 -0.09171693437 0.5092807545 -0.8588442393 -1.034266926 -0.2957419108 -0.2933644733 -0.2200457384 -0.02591041064
6.65201813 0.2910447296 -0.1329966612 1.47155877 0.8121173619 0.2803534831 -0.2952012333 0.01468438957 0.1883799602 -0.4673748597 -0.8594420685 -0.4113738597 -0.1560090051 -0.1421402623 -0.3064409589
7.277483811 -2.078846352 -0.387514194 3.724003953 1.530706939 -2.215108385 -2.645982827 -0.175860034 0.2558653509 -0.8283927657 -0.417801349 0.2094727356 -0.2715634229 -0.08536054752 0.1442361647
8.776651801 -1.482679775 -3.27567104 -0.09812445127 0.07950603712 -0.5938702463 -0.07206641207 0.9961671175 0.5673365014 -0.3474733758 -0.3791130212 0.1982031457 0.03888297866 -0.5817634412 -0.6425310822
8.82378526 0.7338014749 -1.154040881 1.391397478 0.8900539974 -1.07333408 -1.53674243 0.03140698378 0.4673753964 -0.539224217 -0.8792777758 -0.04908858391 0.3980279692 0.2084533139 -0.008204133554
7.436316607 -2.218734989 -1.036209446 0.4487893033 -0.4052189432 0.625092502 -0.7308375673 -0.1764183298 0.419489893 -0.691114455 -0.290954601 0.04428413318 -0.333995457 -0.07689321518 -0.4291947392
10.30905663 -4.148911105 0.3777585464 4.12343932 1.010001645 -1.987382345 -2.726294921 -0.2895910586 0.6490830134 -0.9986524772 -0.8475836336 0.115552838 -0.2908586741 -0.306719004 -0.04673403751
10.83268302 -3.251992485 -0.9595179346 1.107483806 -0.2584550511 0.4922931662 -0.3806188024 0.06887990586 0.7750736923 -0.1936423829 -0.1302031851 0.1893813366 -0.4875585658 -0.7093273959 -0.4891375031
8.03897142 -0.8417407413 -0.6241886258 3.013695299 1.103728117 -2.024126152 -1.849060257 0.3653083369 0.4410948375 -0.5824235268 -0.5960516212 -0.3210703684 -0.5452436572 -0.3517012505 -0.05318388155
8.155434183 -0.7699287918 -0.5245755641 0.838626263 -0.1490135479 0.2537375666 -0.6635919498 -0.1717800907 0.3703172017 -0.4966141892 -0.3687146919 0.1473256365 -0.01682833978 0.02882158136 -0.2209777414
8.030172992 -2.789282495 -0.2010051993 4.081875409 1.11396161 -2.346235998 -2.560945318 -0.2383967982 0.4665411005 -0.8317884973 -0.9197152613 0.04622812226 -0.2175358916 -0.3780665491 0.07335647454
10.47803387 -3.07668955 -3.770072969 0.07543067167 -0.1818013333 -0.6884647036 0.248725065 1.554020785 0.7743860205 -0.7952873097 -0.9049412358 0.1365707785 0.4104025339 -0.3812492119 -0.8884345978
11.06644078 -1.578209798 -0.9467133942 2.682085906 1.08252774 -1.327752045 -2.121358752 -0.1148769073 0.7403077346 -0.7106637021 -1.022590927 -0.2432128835 -0.2763643289 -0.2825037177 -0.1815215042
7.613054482 -2.992471611 0.1328631235 0.5565503325 -0.6798739086 1.180937335 -0.5800675915 -0.01911989996 0.4725839174 -0.7160966504 -0.02062305336 -0.09322341612 -0.532218732 0.2429334791 -0.3351479934
9.307135331 -4.635192991 0.7472164456 4.356699004 0.3252176215 -2.105566908 -2.537858014 0.01643649432 0.8673514884 -1.153978418 -0.7479361994 0.4034428119 -0.3383178572 -0.1594342267 0.2094494541
