9.604526624 1.242875588 -2.666546524 -2.491235089 -1.646461808 -0.1638989409 0.730360622 1.406687544 0.1583195918 -1.143102433 -0.3350579165 0.9122736865 0.6726506482 0.004134094094 -0.6971871171
7.177575958 -0.939974896 -0.9656548096 -0.9698153022 1.460791379 0.06960117143 -0.4069439328 1.315565244 -0.09540460771 -0.1143520814 0.9293312022 0.6549748646 -0.4584798194 -1.13986514 -0.1701187812
9.872845332 0.06859867814 -2.332052415 -1.11079714 1.388146338 0.263753686 -1.402519899 -0.06359381539 -0.4256655937 -0.2655711438 0.4095531582 0.1808332317 0.513775698 0.0004020322998 -0.01268788159
-1.776144736 3.690562143 -1.372316173 -1.072627455 -0.2232358043 -0.2123080853 -1.286483556 -1.146021047 0.1190788142 -0.6034033093 0.3865684608 0.1105862865 0.1105568942 -0.1243635634 -0.2148772558
8.548914471 0.9144680356 -3.286742162 -2.613133185 0.2136479375 1.375961172 -0.1915012602 -0.8563977874 -0.4581568162 0.1827452446 0.9221666669 0.8074909626 -0.1353402059 -0.2104450677 -0.3801445419
4.893534933 0.6869476401 -0.04106649432 0.4820434383 0.2194103233 -0.1556778043 -0.9851993895 -0.82966923 -0.6125818013 -0.4352168721 -0.9051619368 -0.3431601999 -0.2354809301 -0.1467444349 -0.2288214791
5.296120541 -1.596452268 -3.680102974 -1.214878078 -0.3455917303 -1.514353866 -2.835809758 -1.813482179 0.09590712987 1.12048515 1.099970354 1.063249946 0.5387912039 -0.2800821178 -0.8450559605
-2.161204879 -1.155942636 1.489772584 -0.4209765603 -0.8633932818 0.4254095035 -0.8679291189 -1.627978369 0.3622542376 0.115187495 -0.3649103357 0.08651040586 -0.4405396883 -0.8067654825 0.02341640614
12.0478533 1.016358114 -3.958451935 -2.635224669 0.3462097497 1.401570836 -0.4970060515 -1.139445287 -0.4463182476 -0.3642937468 0.4091523999 0.9552725049 -0.05765815564 -0.2819447045 -0.3112385897
4.091607281 -1.122775611 -1.890136157 -1.629147247 -1.154074435 -0.7124800182 0.3446987262 1.47876973 0.3795773426 -0.4913353225 -0.09208842143 0.3274369814 0.06903727592 0.01626774528 -0.3775550391
9.065415265 -2.329041157 -3.756706123 -1.362741665 -0.5615024054 -1.085770656 -0.8552379709 1.44076887 1.059599666 -0.990065592 -0.6660707145 0.8160144738 0.1382960524 -0.1321930682 0.2639733782
-6.065306227 2.213462296 -0.6856492876 -1.293044617 0.6158891894 -1.055605492 -0.4843082675 -0.2986956199 -0.4027690765 -0.184771122 -0.7778187494 -0.6100331932 -0.1764859099 -0.1347449692 -0.9532928807
6.722172989 0.5015771584 -2.466779956 -3.071814849 -1.921406956 -0.01797133207 -0.2479450589 -0.6879350376 -1.072449197 -0.8741894448 0.1437248844 1.243623556 1.307449807 0.4599266595 -0.4818181368
2.26368196 0.537265547 -1.023025062 -2.724727298 0.5073410767 -1.754058222 -1.74200964 -1.005533136 -0.9379281049 0.07164141813 0.6739170055 1.050422335 -0.1533735672 0.3671753609 -0.009027315045
8.117360138 -1.8470508 -3.523644224 0.18149514 0.2776943255 -1.862015772 -3.004828984 -1.431591803 -0.2192962328 0.08779436451 0.5119988488 1.159939 0.03915755331 -1.029638928 -0.5658831418
-3.193407796 -1.519426128 1.875326993 -1.032595112 -1.201250507 0.1815766647 -0.2391132309 -1.624289442 -0.7443791808 -0.05455481306 0.01718950411 -0.2786317979 -0.8482944299 -0.3432625182 0.3714173643
9.678195267 -0.6757365644 -3.970025513 -2.442778844 -1.966080474 -0.8075069397 0.2205315628 1.066157071 -0.7988895305 -2.119288477 0.3148208604 1.944828558 0.5409905419 -0.3144689003 -0.1068883615
5.74633267 -4.338996289 -0.6289955043 -1.476597148 1.661311136 0.4633124091 -0.1572230871 2.325069472 -0.8375108062 0.2963398693 0.4755342307 0.1995532571 0.8524957582 -0.8785878695 -0.1537905552
10.82866857 -1.641146314 -3.705920379 -1.206675483 0.7440725406 -0.5185799053 -1.586665608 0.6567943244 0.2349661922 -0.7069848976 -0.04931955231 0.892205888 0.07712707884 -0.6189925692 0.4902785528
-1.114331184 1.313571602 -1.72620398 -1.381919643 -0.1988066004 -0.8437364893 -0.5517692775 0.1462907984 0.1128362832 -0.2968646636 -0.9677427107 0.2511168814 -0.1039742113 0.006897556257 -1.090474338
7.659975119 -0.258729961 -3.786568964 -2.335070623 -0.6934715731 -0.01164311952 -0.4783535888 -0.1831383428 -0.1312456037 -0.2590658451 -0.06699751332 0.6515049737 0.5737752564 0.008896291631 -0.5308462292
4.240446113 -3.035711339 -0.9935955375 1.452890688 0.1759421651 -1.191656436 -1.709181748 -1.180286085 -0.7768356579 -0.1576205754 -0.1194342597 -0.1284188518 -0.6841522304 -0.2796537082 0.431439552
8.154700701 -2.44181017 -5.207447662 -1.769304089 -0.4117794532 -1.364715163 -2.093503803 -0.7761249863 0.2710651382 0.3257290528 0.5702079635 1.516593916 1.091979074 -0.167969152 -0.8526317206
-4.408567705 -2.886455227 -0.7636132731 0.1417166252 2.044086557 -1.122874039 -0.9118034237 -0.4294495432 0.2679960928 -0.229233477 -0.07122653895 0.7430334069 -1.160165902 -0.0625523759 -0.3722181203
12.40392366 -0.6782040078 -4.524903314 -2.407448477 -1.105666419 0.1155962322 0.08428112037 0.9817620797 0.2505078442 -0.970036618 -0.5033999624 1.37331545 0.7877599716 -0.1073171024 -0.6377424054
6.432438469 -2.558268738 -3.592778423 -1.802565546 -0.8558428087 -0.9662564213 -0.2140053738 1.403933076 -0.01606219112 -1.38705678 -0.2498244134 1.047488182 0.1735442472 -0.4106987622 -0.1002366451
11.77648141 -2.617924815 -3.747713739 -0.7605224782 -1.387927001 -1.879373724 -0.02507698656 2.074713568 0.6003878662 -1.487724108 -0.5535658903 0.7989384284 0.1734235397 -0.08343398627 0.2878527813
-4.713034113 0.7747582138 -1.013930937 -3.220644894 -1.896573567 -0.6674515493 1.037793993 1.223912923 0.6805739611 -0.8780798665 -1.397637405 -0.2204535835 -1.003141977 -0.1075862953 -0.5094916126
7.379516998 -0.02017718285 -4.240320728 -3.806160631 -1.9454117 0.04252047436 0.6376653272 0.3228469288 -0.9290479457 -1.156809626 0.002552066557 1.185089549 0.8481754038 0.1341886159 -0.425419228
2.980986892 0.1287940592 -2.864628128 -0.1203014933 0.8867287338 -1.071998043 -2.12331553 -2.574321492 -0.3368225397 0.08415929268 0.3165617046 -0.6562844338 -0.783721442 0.1286163777 -0.1213943686
8.117364193 -3.18926865 -3.546890637 1.227077219 1.417942286 -1.373258047 -3.115093492 -1.944230298 -1.235123249 -0.9707993613 -0.3767948004 0.5882144495 0.07957879301 -0.478646194 -0.1257612881
-4.65601737 -2.868971915 1.992867178 -0.1016481178 -1.810188656 -0.4529561519 -0.3540779655 -1.227359875 -0.7753213153 0.100450452 -0.2487391802 -0.006076612264 -0.6684223079 -0.738009604 0.0003810422097
