7.558775535 0.3417084153 0.8291297579 2.19380182 0.7509817265 0.3017008995 0.180811389 0.7248560298 0.1131498814 -0.8248042695 -0.08841731973 0.349016919 -0.3930035183 -0.3037833721 -0.08125943666
10.96564888 -1.476687504 -2.06004817 0.9319881206 -0.4878510507 -0.7493595729 -0.1835892778 0.6350921616 -0.106324529 -0.941028222 -0.0005884944106 0.5315032814 0.04028082418 0.161559029 -0.4192730454
9.77871407 -3.175483059 2.914648262 -0.5021158181 -1.257167196 1.655853833 -1.815538431 -0.1890284386 0.9493583697 -0.9535409619 0.119507155 0.1707313322 -0.2632028141 0.005102419894 -0.2846808515
7.000280415 -3.454022019 -3.244088177 0.9364479575 0.8120398653 -0.9032549376 -0.807312945 1.071197031 0.829351775 -1.137694768 -1.303503079 0.1554362713 0.3331121124 -0.5521693421 -0.9769741624
7.625102746 -2.756808067 -0.4535128379 1.301831866 -0.4139061057 0.4758387471 -0.3419268029 0.386938342 0.5285505184 -0.7778452193 -0.01054330318 0.3366120472 -0.4728404269 -0.06049349046 -0.04804226531
13.48935589 -3.856957247 -2.946827306 0.921990006 -0.9736290437 -1.155168856 -0.4758557847 0.3670733523 -0.2581908422 -1.088388895 0.1115034693 0.5251017175 -0.143367406 0.4364108546 -0.1211452823
9.905939141 -4.474261911 -0.1911552638 1.343418072 -0.5066181154 0.3909820601 -1.04304576 -0.2189984262 -0.07330672746 -1.39750203 0.05714485069 0.4216152828 -0.6672605797 -0.2541698839 -0.2592539249
8.536125107 0.4581821991 -1.563343507 0.3210624986 -0.2218103938 -0.6085923726 -0.1446524039 0.3225199162 -0.2147708444 -0.3383493091 0.2254710791 0.3970386967 0.04494083044 -0.06269357854 -0.7470209055
7.464792069 -1.252244298 0.3272030722 0.9574193681 -0.06280491824 0.9470798316 -0.519162577 0.004939633618 0.6633550041 -0.559568904 -0.1563921928 0.1108680189 -0.543038607 -0.2391949037 -0.3165621119
8.760305517 -3.260295305 -1.561787923 0.7525144151 -0.3098840516 0.3957666175 -0.5473401532 0.3661350415 0.7293806629 -0.8505898652 -0.4826785826 0.2926789853 -0.1281811904 -0.2469472164 -0.6458735949
5.723574785 -5.304825852 2.986434042 -0.3666697186 -1.266809181 2.52782688 -1.0930567 0.262389304 0.9739393339 -0.8102533629 0.3605870141 0.1599114481 0.06875865376 0.2985942751 -0.575608953
3.814664233 -6.003491287 -4.187772253 0.8220397732 1.241162874 -1.26735437 -1.087673385 1.300679041 1.232500211 -1.197458214 -1.888592307 0.04999308602 1.216021136 0.1450099595 -1.007059339
7.282128586 -1.82244021 -0.6272782628 0.7197203871 -0.4412903188 0.5133360734 -0.6204538881 -0.1569355263 0.3055970682 -0.6236189194 -0.1187643698 0.1972939591 -0.3588887819 -0.105973927 -0.2868420452
10.53515737 -5.862594788 -3.931199385 1.002697844 -0.06710620818 -0.7836266325 -0.7976972462 1.294743948 1.131264132 -1.308413611 -0.8699116392 0.3137343624 0.08141693453 -0.1807598733 -0.7432269889
11.32268364 -5.09384276 0.7789645731 0.971765576 -0.7553961782 1.350123061 -1.154542563 -0.05351888473 0.4026177565 -1.28325852 -0.02537143881 -0.08806811261 -0.5872562361 -0.08114259398 -0.6544792707
8.447553688 -2.838489835 -3.721347052 -0.2916172499 -0.8101054456 -1.407941468 -0.2785668224 0.897016793 0.07081352802 -0.5984726097 0.09566724988 0.3304276367 -0.1056851771 0.03836330114 -0.5279115964
8.810368938 -1.712508023 0.394739337 2.093015376 0.06095147688 0.6236283493 -0.1220442889 0.4924739727 0.3393541144 -0.8918734105 0.05518712462 0.4106794976 -0.5176131017 -0.1346800339 -0.1134606571
10.67219675 -3.00901486 -3.095232247 1.471215496 -0.1301966409 -1.791061293 -0.6143870827 0.3337298091 -0.738184132 -0.9682390292 0.2649643659 0.7167971906 0.1126840779 0.08187438046 -0.1782294143
11.61131166 -5.042246145 3.995927062 -1.614319503 -1.13926994 2.065537638 -2.005050639 0.384492565 0.7327371907 -1.327915579 0.3382616383 -0.389711649 -0.4142969979 -0.03008810255 -0.6117913359
8.529902469 -5.009429339 -3.332702983 1.302513557 0.989306732 -1.031246794 -1.108928571 1.177637853 0.9772124315 -1.430001084 -1.513102094 0.2867911915 0.6508822292 -0.2131786794 -0.8231452805
7.873981495 -2.319612082 -0.3510156504 0.9939931399 -0.3783627151 0.7538792706 -0.7494868779 -0.3125650903 0.3078616596 -0.7795152354 -0.2059060833 0.1065778433 -0.5211236652 -0.1768575732 -0.364253849
14.9341242 -6.01261942 -2.405619866 0.3686779784 -1.279866567 -0.7288364652 -0.8037682797 0.7707329725 0.1262410667 -1.196138654 0.5932406919 0.6049099251 -0.3146642796 0.4367669089 -0.3496121402
8.48123795 -3.50638228 -0.4409934467 0.0886738879 -0.8123939348 1.004973751 -0.7561248971 -0.3323037075 0.3732713047 -0.8378096935 -0.3771408977 -0.2080961546 -0.5352197561 0.009086591354 -0.3767064203
7.927856828 -1.386087166 -2.106785203 -0.05395865217 -1.034163915 -0.6889704699 -0.6515633439 -0.2933061094 -0.3486050649 -0.4649246051 0.499838654 0.7723602453 0.006586970356 0.06937346234 -0.3876274035
6.374041952 -2.087896065 2.046972455 0.08226634357 -0.9973187267 1.259256922 -1.333246718 -0.3931141706 0.55280264 -1.053611652 -0.01549615788 0.2417537573 -0.575975616 -0.2503221719 -0.3550821613
9.523584458 -4.204068882 -2.175112614 0.9692532151 -0.01697215617 0.1730437233 -0.9437635307 0.359883978 0.7506641196 -1.060151749 -0.6140553861 0.3858227563 0.01225102288 -0.3316094099 -0.7672757319
6.111852234 -4.256118456 1.771265687 -1.314276049 -1.327923641 2.018684544 -1.779540384 -0.2332824173 1.144449487 -0.7802962819 0.05817686491 0.02014989661 -0.6123875914 -0.673376822 -1.078756746
2.546882304 -4.523452247 -3.425483256 0.9573943186 0.6728536497 -1.544035086 -1.162988254 1.306936897 1.258095857 -0.9729257857 -1.769873711 -0.2323144656 0.5878244858 -0.4168675887 -1.321787644
7.116126445 -2.493841461 -1.278168958 0.3451644937 -0.7541980395 0.1705221062 -0.7529874703 -0.2935057572 0.07760539525 -0.7866441745 -0.1468439705 0.2276311302 -0.4357560019 -0.1395815969 -0.3135957319
10.9515469 -5.630998953 -3.289800823 -0.3698526469 -1.683034966 -1.380649099 -0.7551963513 0.07241688436 -0.4680906246 -1.087584786 0.3846985129 0.2229372418 -1.031642126 -0.1928152386 -0.6738406123
10.48069914 -5.330461272 0.5261827915 -0.1598549045 -1.160545949 1.31622407 -1.526958421 -0.4926217015 0.6041416337 -0.8530591532 -0.05507063849 -0.2343432756 -0.5186690887 0.0502698228 -0.5269820704
7.56733184 -3.463943537 -3.566414929 -0.6452941279 -1.351996669 -1.594706048 -0.8948139383 -0.1549465465 -1.029752375 -1.159706271 0.5931055502 0.472969338 -0.9878316837 -0.3189146154 -0.4642388013
