14.35949917 -3.620850111 -1.738680414 4.413263668 1.166185886 -1.744644294 -1.344333563 -1.057392826 -1.156979868 -0.3451110064 -0.03902652101 -0.6500740936 -0.8403808383 -0.01121532682 0.4301132888
9.057100823 -3.685740099 2.879698067 2.200131606 -2.396220112 0.9493891288 0.2483174062 -1.414871218 0.2876118717 -0.0789556245 -0.6804723075 -0.05224540719 -0.4506538435 -0.132348694 -0.1493235872
9.113339686 -0.07220948907 -1.110605277 2.144442972 1.361372299 -0.5800099994 -1.318608596 -0.9341198556 -0.6880348582 -0.5025181624 -0.4613275482 -0.3901281133 -0.4021546342 -0.1056818508 0.1910759703
16.21908839 -4.114891245 -3.562348423 2.198928284 -0.8098756046 -2.551752186 -0.05636969699 0.5197881722 -0.9854550376 -0.5147860678 0.447630991 0.328742522 0.2875448713 0.3077512145 -0.3662875374
9.059632558 -3.994512282 0.2754447054 6.217052972 1.505678115 -2.405748513 -0.5766732241 0.2351720344 -1.262733405 -0.9462264195 0.01057783551 -0.3519589768 -0.9632337413 -0.5993952513 0.1420002662
7.033846004 -3.509397939 -1.749407629 2.166257505 -0.0719182272 -0.157177391 -0.06676892937 -0.5209518789 -0.06838360526 -0.1316757113 -0.5767000154 -0.07078913105 -0.0005735290451 -0.1238929834 0.07424273282
6.969769007 -0.05393744268 -2.678769412 0.7679998478 0.8443853578 -0.3546155746 -0.564440854 0.4580222559 0.2218265837 -0.5080834183 -0.1771462351 0.3562196187 -0.05469742737 -0.1071901885 0.1033124067
9.201621258 -3.601925294 -1.297768312 0.1140088427 -2.191033702 -0.5756427458 -0.3376048669 -0.6200228954 0.5683939186 -0.02304431079 -0.1968774091 0.8548230129 0.3720804017 -0.1231650013 -0.2823574285
11.88051931 -2.337553882 -1.698739837 3.881430791 1.464192138 -2.052208968 -1.595778694 -0.55683806 -0.9032604303 -0.5455928435 -0.185396026 -0.4978152302 -0.6144919419 -0.06023711725 0.3767399061
7.006714147 -6.096726476 2.556972101 0.6535048565 -2.535268407 1.837647874 -0.3222304319 -0.7274854019 0.9678754598 -0.5642730258 -0.02808427673 0.2014975661 -0.5902644786 0.3854346204 -0.2934644172
7.321913746 0.3903630194 -0.6825859133 2.19315159 1.619617415 -0.7144885992 -1.784768749 -1.124073823 -0.602135441 -0.3572753126 -0.3891255132 -0.5210390803 -0.5176048578 -0.02286743115 0.3433351145
10.22157575 -1.179365254 -3.033468317 0.3256443921 -0.5354595234 -1.752248055 -0.541126862 0.4265549451 -0.3600675613 -0.3912083432 0.3434413617 0.5759579461 0.228256406 -0.008790565973 -0.294455517
6.973595972 -1.005023483 0.4481753805 3.217278584 0.1008615122 -0.5537248975 0.629263585 0.06030246485 -1.015868963 -0.8013872812 -0.4090431114 -0.564583689 -0.7656592326 -0.39119443 -0.185223688
9.32896777 -5.446792952 -1.724030674 2.021257835 -0.4270155007 0.4239744614 -0.5703406619 -1.213267318 0.1292038411 -0.5328031747 -0.9448435075 0.08423405526 -0.3858433985 -0.2991564803 0.189782391
4.641709503 0.01451682375 -1.605262202 0.3003750091 0.4978316611 -0.06181090181 -0.2641144111 0.2971440697 0.1362798503 -0.2104062729 -0.2127514114 0.05886377799 -0.02321616222 -0.126236833 0.02501081964
7.37856908 -2.644537274 -1.639166803 -0.2363990931 -1.802485911 -1.055163637 -0.3859831354 -0.358306968 0.3468586958 0.0071697933 -0.1281895464 0.6954209931 0.5502481972 -0.123225726 -0.4491786127
12.0265874 -3.726413944 -0.8696831097 2.828234191 0.2428794574 0.3121111807 -0.5515711704 -1.168112344 0.1024902712 -0.3764287532 -0.8547985664 0.03167273229 -0.2588828772 -0.3216578317 0.2139252812
7.645326651 -5.370264977 1.230257652 1.05587991 -2.538481782 1.116550919 0.06073359229 -1.198353109 0.841340047 -0.1329074686 -0.6190661896 0.4206105859 -0.4157398423 -0.1652661309 0.01331489378
10.23196911 -1.535311769 -0.720612403 2.660405535 0.645343129 -0.3374563941 -0.5414448596 -0.9116441355 -0.5972388581 -0.3186766205 -0.5404194521 -0.211520083 -0.1830666498 -0.2607352171 0.01094306895
13.2871923 -2.682752691 -3.444922789 0.9137019468 -1.15880229 -2.1195254 0.05334784094 0.5412568184 -0.5828942612 -0.2408080574 0.3428787784 0.3498159879 0.281749594 0.1608922438 -0.3212626778
8.323212294 -4.131175526 1.204163443 5.672081934 -0.1249310126 -1.451796161 0.2474697773 -0.04749007376 -0.7316422818 -0.8051716095 -0.8613142907 -0.2233024413 -0.5508253634 -0.7502572813 0.2255922849
6.611516492 -3.410303116 -0.01806717903 1.578782451 -0.7917908736 -0.1544038059 -0.9127976946 -1.488986736 -0.05815312385 -0.2662744058 -0.1425912626 0.7811108356 -0.04682670501 -0.3619820633 0.09629975019
5.916541375 -1.195319275 -2.366553581 1.154473923 0.678892278 -0.3845247472 -0.1562748457 0.4307567988 -0.03563476066 -0.3373574731 -0.1270007131 0.07010673355 -0.01295886397 0.06137694267 0.06281350288
12.13167291 -6.119318448 0.08491129406 1.01078102 -3.053170917 0.508294382 -0.07704216024 -1.168325918 1.025792275 -0.03994741431 -0.2753961207 0.9679111823 -0.1250354895 -0.06722516721 -0.06847411523
9.434384349 -2.566852192 -1.793377355 3.973400591 1.789494937 -2.038500933 -1.690496606 -0.4042362038 -0.9454506241 -0.7992205018 -0.1485594866 -0.3410333469 -0.6874870537 -0.2315030555 0.2348087875
7.099862814 -7.587893366 1.958356497 0.2518926383 -3.105780294 1.521689474 -0.7053788024 -1.271830904 0.7746870781 -0.6281359392 -0.1517211162 0.2933236624 -0.6267721984 0.3331176551 -0.2150644578
7.379297084 -1.826203863 -1.059504268 3.43600597 1.648319634 -1.939801274 -2.022105289 -0.4970152754 -0.6051036933 -0.8851749307 -0.2832684025 -0.1126547611 -0.6365505488 -0.342469192 0.4481190782
10.29086971 -2.358881039 -2.317365119 0.07935099951 -2.033235031 -1.351022925 0.215452845 0.1767482054 0.2187967644 0.1836463369 -0.2585962828 0.3943987055 0.5822069139 -0.1212644043 -0.3775602154
6.126997835 -2.628474969 0.7880065369 4.99578187 1.071218777 -1.828083396 -0.2695913697 0.577004123 -0.9547425669 -1.303474497 -0.5012846289 -0.3572746871 -0.8910481586 -0.6436891845 0.1133720217
7.718534589 -4.921435148 -0.9679562356 1.926715137 -0.8558950656 0.4253046107 -0.4585129971 -0.9780460607 0.3096102906 -0.6958429426 -0.8628234031 0.3826765612 -0.3154121895 -0.1643974703 0.3153067123
3.142859641 -0.3954197828 -1.184627977 0.5297162703 0.5652241263 -0.05007021358 -0.2208394378 0.1540682225 0.006400126397 -0.2270990293 -0.1893102423 0.05501312762 -0.03119418959 -0.07370347859 -0.0364921599
6.901251316 -3.700613543 -1.299742141 -0.2399123702 -1.847889304 -0.9019922395 -0.2127440795 0.4588556126 1.540928794 0.0857627293 -0.3692982189 0.5122103989 0.2930773541 -0.1273056638 -0.5439793317
