-0.2434227797 6.271601459 1.31293612 -0.4197756416 2.318008021 -0.3933688369 0.9939747632 -1.119980866 0.8637033896 -0.9757638981 0.6323960423 0.08263530773 -0.1298668487 0.09240663764 -0.4400759128
2.678264519 2.069503919 -0.0744433409 0.538046082 0.3788219756 0.4187944734 0.1967126027 0.2891687882 0.1739308753 0.03760303925 0.09196085191 0.1499553131 0.05864004934 -0.01846070301 0.01639813894
5.267760249 3.78375279 1.027909321 1.236898915 0.739247187 0.6031196522 0.397866033 0.4360190746 0.2596167088 0.1802647793 0.1449805484 0.0924420729 0.1194571653 0.1001897706 -0.004042178897
7.007655555 1.555911649 -1.293873973 -0.9337298103 -1.480560554 0.1783298043 1.652871731 0.7229184135 -0.2484069111 -0.3921994849 -0.6098379651 -0.7381023577 -0.2803518691 -0.4759576168 -0.536654244
-3.009011305 2.443471676 2.633384792 -2.367924615 2.473234854 0.02003271341 -0.07295636741 0.6815261649 0.1163203717 0.09229067577 0.2888997776 -0.3118703016 0.3557863204 -0.1356582322 0.122036328
4.666436224 1.070737029 1.028123705 1.721352339 -0.05859892155 -0.7085224647 -0.6002439425 -0.5296076724 0.1168150201 -0.2650609985 -1.059070617 -0.4827429287 0.1328048133 -1.024885238 -0.5452415772
3.26451705 2.708773425 0.3681245534 0.8398137746 0.5749703336 0.5580859272 0.3518783637 0.4432836564 0.2676071725 0.08032528936 0.1328954218 0.1726318334 0.0785797416 0.03418072884 0.06183689613
9.112821177 -1.147529219 -0.69645227 0.8904300205 -1.168330626 -0.907462871 0.4551561014 -0.1196043745 -0.5711630493 -0.06587541788 0.1215600402 -0.2024027821 0.3485144001 0.1862596166 -0.7250432018
0.7567775891 1.575578063 1.648979012 -0.5225900303 0.9515256021 0.4328292442 -0.1768743466 0.0818023426 0.2031993209 -0.06493474288 0.2259645892 0.2088239603 0.157960089 -0.05450191683 0.08985813567
4.968129041 -1.335727107 -0.9282205324 -0.2167350252 -0.2104061197 1.204382237 0.9817891881 -0.4445660253 0.3137201387 0.350748529 -0.6931319438 -0.388905627 -0.2595728551 -1.126927014 -0.3722076399
3.741490065 2.104161745 -0.4112812895 0.2453900835 0.2440611947 0.520381811 0.4626684407 0.4237941981 0.1352668303 -0.0853684957 -0.04787267699 -0.1086548854 -0.1673162565 -0.08741637378 -0.08183899749
7.940097094 -0.5322340111 -2.297460203 -0.7858735988 -2.07021611 -0.3105488107 1.783549747 0.4740402577 -0.2689366037 -0.02826340491 -0.4266267821 -0.6752426211 0.2078890286 -0.3404133283 -0.9874377138
-4.094072614 3.796816971 1.457737128 -1.017363508 1.999713758 -0.3895308269 0.9146325359 -0.3405372827 0.3974639202 -0.1516658845 0.1830709667 -0.001101824968 0.05689160251 -0.05889111184 0.06274618944
6.888099601 -0.6775469385 1.270083808 3.484252826 -0.2460688077 -2.080146652 -0.02483207303 0.2168825085 -0.4272618628 -0.146277771 -0.09196781377 -1.027811741 0.6136834067 0.6140595832 -0.9738970138
3.639816953 1.977297828 -0.3508225158 0.4955417995 0.3186939247 0.1894523401 -0.122191365 0.01872297443 0.01331065885 0.01818191466 0.2563217284 0.363025166 0.2281900576 0.1156796288 0.08808027301
7.050035371 -3.069537103 -3.581591465 -0.6273550481 -1.174682178 -0.7799096204 0.846980293 0.09461955034 -0.4489449523 -0.4247310042 0.1916624841 -0.359452654 -0.4778021679 -0.6720886225 -0.8729016804
-1.531925008 3.481779195 1.208570581 -0.7848744247 1.366017871 -0.6786662924 0.5677438337 -0.5506760163 0.6073480289 -0.636594606 0.2375278022 -0.1678333457 -0.1204089548 -0.1718645123 -0.01230711462
3.07514475 0.981808212 0.2155476706 0.9759305632 0.4761751306 0.5121016732 -0.005089966827 -0.02406463981 -0.04654050339 -0.07772252274 0.05085811711 0.005887601463 -0.09181375468 -0.01003308289 -0.02398674283
4.278993461 2.671121529 0.2360899099 0.5679380003 0.2694641975 0.1490275702 -0.1411379637 -0.108353255 -0.1975089505 -0.1977170249 0.01711238083 0.07945834434 -0.02985178834 -0.03312417377 -0.01365967642
7.048002599 0.9843223141 -1.678540508 -1.02882436 -1.000300599 0.2306512767 0.9272398014 -0.6800298892 0.02278510264 -0.06586900545 -0.6541316912 -0.6674202477 -0.05689710794 -1.003760994 -1.056007745
-1.598770884 2.310758678 2.442377717 -2.193812007 2.036022889 0.1308519469 -0.9431127352 0.1990506964 0.005699509089 -0.5580869867 0.3746959766 0.004792309186 0.1918669971 -0.01684855076 0.02657620084
4.56632748 1.204103194 1.718701105 1.91021585 -0.6737625634 -2.055832607 -0.7804380461 -0.4925521476 -0.580526912 -0.9207949284 -0.7812771714 -0.6621181121 0.6036685095 -0.9182353718 -0.9824324287
3.186209849 2.450398382 0.4720036019 0.8642157691 0.4811901879 0.3347821538 -0.02084054546 -0.04967716257 -0.1912984102 -0.3071340601 -0.1088700458 0.04232363324 -0.006248106643 -0.04301703168 0.01392448771
8.090394353 -1.094359981 -2.25322141 -0.5710584424 -1.399595527 -1.336570753 0.3181456338 -0.668117381 -0.6505918535 -0.317003617 0.4449981356 0.2294066122 0.09572157448 -0.5494206168 -1.03905316
-0.841301579 0.9721001786 2.217177891 -0.07344610655 0.4496529407 0.4677440629 0.8193339698 -0.564373445 -0.1721628753 0.1968406058 0.03142982221 -0.1729072356 0.3678978634 0.1036642637 0.05402630835
4.458462624 -0.518329567 0.2690037668 0.3719348186 -0.1182724613 0.2004661773 0.08969665644 -0.2168337885 0.7111841562 0.5174316687 -0.5784247101 -0.4620457585 -0.4880061466 -1.218518706 -0.6576737454
5.166660696 2.335900532 -0.2660032838 0.4247214671 0.2278050495 0.5003803328 0.6686666074 0.3308141346 -0.2815135765 -0.3542754409 -0.2157892484 -0.3376988455 -0.4959031687 -0.5524177947 -0.5720105672
8.224668107 -0.3205161835 -2.878176962 -1.097300306 -1.357726837 -0.2399051122 1.160227151 0.1172127196 -0.1266874495 -0.1056212247 -0.4127910963 -0.5481858834 0.07291285256 -0.4285712836 -1.000712074
-4.579056521 3.456697923 2.317271068 -2.120123552 2.300614462 -0.2186270316 0.3218147599 -0.1718205205 -0.01602995297 0.2403088224 0.06501777885 -0.03758127459 0.492840042 -0.2125106438 0.2768221319
4.924156812 -1.094825765 1.956960115 2.822582679 -0.7067710322 -2.316076656 -0.02911231802 0.08036095434 -0.855986867 -0.540861449 -0.3728002647 -1.109209636 0.5998509518 -0.2193677394 -1.254582387
3.064797245 2.370430471 -0.04072017162 0.2398544103 -0.008205503829 0.03122250746 -0.2437485249 -0.1766787286 -0.2152442756 -0.2281772366 -0.05987861382 0.07846870084 0.000299429788 -0.03084971911 0.02338699685
8.621452466 -4.090355394 -3.50322628 -0.1742393832 -1.436745287 -0.8155373511 1.063006446 -0.1556763274 -0.3702934619 -0.4945250397 0.2924020447 -0.5369117171 -0.2860312481 -0.5414529233 -1.040834829
