7.683076374 1.469267458 1.781183136 2.194272361 0.05295338714 0.1990739313 -0.3512054233 -0.3094386596 -0.435110516 -1.202967561 -0.7400477626 0.05320623435 0.1392210654 0.3666352202 -0.1795373681
5.358908061 2.483891094 1.943112189 1.905082456 0.7238923512 0.918498637 0.5301237813 0.1086205388 -0.1965813269 -0.521777869 -0.4638491499 -0.1897464542 -0.2704600318 -0.2396962927 -0.3429246241
10.77870519 -1.481996858 -0.1104170929 2.784355463 0.1224497645 -0.6969442186 -0.7485584887 -0.140640723 -0.6495658354 -1.47485479 -0.5084633936 0.1861532748 0.4492908807 0.9110775215 -0.3012357861
5.011933992 0.2927819371 1.282748329 1.549106106 0.08290257092 1.401826222 0.4671760593 0.03838676169 0.4374544885 -0.1366851053 -0.01887196559 0.228332913 -0.2774761216 0.06553557125 0.07482050693
10.13243481 1.591772218 -1.187174561 -0.6260874733 0.7453915671 0.8660770722 0.2500398534 -0.1449578276 -1.362119579 -1.556243571 -0.8032925999 0.4438050727 0.9517380851 0.1901319643 -0.2032611472
3.536780898 1.787472314 0.6076439066 1.038899148 0.2912233366 0.6396157339 0.5205380857 0.2495296506 0.1053187866 0.05306097895 0.02054577227 0.1948380323 0.1671434393 0.1084180669 0.1589666428
12.63166668 -6.074808337 0.9495634092 0.3817235844 -2.174158642 0.3200037134 -0.998133213 -0.5730248343 -0.01332802477 -0.8575691699 0.3263881315 0.449088191 -0.195646354 -0.00543558385 -0.3832096247
3.968284755 -0.752818247 0.469201829 1.009628737 -0.379229125 1.326798611 0.4403540102 0.04608979148 0.5507641175 -0.1649261154 -0.0236800857 0.3851444307 -0.1179360144 0.1210012438 0.06679056957
6.453091135 -0.3777046907 1.642742719 0.3739663349 0.5328503681 -0.968028625 0.1366231825 -0.07861180325 -1.177801363 1.480458885 0.2607547253 -0.5644813535 0.4978628966 -0.5261114529 -0.1464695409
3.730142544 1.743290201 0.2483882276 0.6998997375 -0.02536498467 0.2367748605 0.1562867627 -0.02194609767 -0.1837586702 -0.2167723564 -0.1857814798 0.03058847973 0.1402737035 0.09588635962 0.05960671621
8.158892021 -2.393002644 -1.003500823 1.557475164 1.066055299 -2.191248731 -1.968845384 -0.8231044945 -1.190877623 0.7396888206 0.4885222135 -0.1942217929 0.3071354746 -0.6691820034 0.2333369572
4.372751578 -0.3580008702 0.7005571751 1.072163584 -0.4751942138 1.096230092 0.1225098855 -0.3364023425 0.1725201479 -0.4364868385 -0.2121410681 0.2106478278 -0.208601059 0.1566099488 0.1217194029
11.75363788 0.9646273839 -2.724537089 -0.5060739748 0.8986980936 0.1304349168 -0.4189092189 -0.5038007538 -1.430545946 -1.540975812 -0.7354655976 0.4444878584 0.8480633649 0.138559419 -0.3328527834
1.957595605 0.207315681 1.37171334 0.3385786878 -0.09375005069 0.6309080022 0.2423520171 0.004033504355 -0.004029251476 -0.0008548230492 -0.1780944178 0.1230543291 0.1714085268 0.02111723168 0.1727277968
7.944979573 -2.546353516 1.847021622 2.418662252 -0.09994395488 0.3945424045 -1.426549271 -1.151498579 0.3870168408 0.07420709926 0.0735003893 -0.616329788 -1.302679756 0.1477315818 0.2863840042
5.525304839 -2.388857761 -0.5706850121 0.8726064792 -0.2551824483 1.513604558 0.5167786957 0.1170630319 0.1030804389 -1.019619488 -0.1549821293 1.004014883 0.5095036436 0.1899008386 -0.4387169752
8.688504186 -0.9701794403 0.8192563242 1.155331651 -0.7448408468 0.9450615681 0.2212504374 -0.5903426311 0.00190275476 -0.2238892893 0.03503382884 0.2598873333 -0.4813666142 -0.1270454219 -0.06127433578
5.095606658 1.724321006 0.6194422249 1.381199418 0.2939307093 0.2127187114 0.4651656319 0.2126033458 -0.321065924 -0.2394787528 -0.2742172701 -0.1462151025 -0.003859135235 -0.207066184 -0.3875654447
9.550442684 -0.9346487775 -1.641645758 -0.40355929 -0.5174145482 -1.561856309 0.6960015795 0.9756555538 -1.435693736 -0.2558205582 -0.004946871573 0.02412325004 0.67078769 -0.1101499601 -0.2339291557
4.543450655 -0.2222706599 0.7364892013 0.9931291715 -0.5212926718 1.205163662 0.3747095629 -0.02464870058 0.5045704015 -0.1294518912 0.07843812485 0.5007709082 -0.05014379698 0.1558458795 0.05207612016
7.951435053 1.143967728 -1.780933453 -0.6617694853 0.2119344219 0.29243035 -0.2145610795 -0.5386835522 -1.25680071 -1.336060814 -0.4945984245 0.6231470179 0.7244473719 0.02031464156 -0.3538765477
2.907579742 1.327908974 0.2977696247 0.4205795052 -0.1243630273 0.5058542285 0.4302953301 0.21521068 0.1369289123 0.03119801946 -0.0617340635 0.177316627 0.2466736537 0.09939448078 0.1710693612
9.081207575 -5.028974709 -0.02253060448 -0.06318358299 -2.382365797 0.1485921928 -1.067830637 -0.7774229806 0.2208333974 -0.8347777479 0.09968755012 0.8242471904 0.05098971842 0.01190507727 -0.5954242458
4.358111899 -0.6952876326 0.1572532042 0.5728238148 -0.7306558799 1.095342025 0.2008872692 -0.2121907044 0.3258708385 -0.2453614145 0.007948212008 0.505594578 0.03330663078 0.2880480678 0.193574004
7.331531205 0.7128275605 -0.2484859662 1.396322167 0.1959157192 -0.7434055753 0.04725559988 0.4838118682 -0.6783565135 -0.9235174855 -0.6167225356 0.02973794305 0.4590796805 0.3365136586 0.07882161252
4.162780563 1.716330813 -0.3611138234 0.3298396987 -0.2915377133 -0.2551127658 -0.01529075382 0.1341256905 -0.03870750075 0.09304811927 0.2653431416 0.1602515108 0.005450238852 0.03630880819 -0.01584335852
9.896685998 -3.08131791 -2.762658594 0.5662801081 -0.5804769459 -1.850107169 -0.346895212 0.1303355274 -0.6647259905 -0.3306847277 0.04398522514 0.6430870148 0.5081177947 -0.2807548101 -0.3909169408
3.985173369 -0.7215367777 0.2997738828 0.6080979725 -0.8995927564 0.8183944415 -0.03298454191 -0.4475281698 0.1617312689 -0.4124263239 -0.2164064706 0.1667681207 -0.2895327078 0.01974284255 -0.01916191799
14.52507756 -0.8690015653 -3.022488787 0.02773572647 0.6852524907 -0.2946349877 -0.6493405196 -0.4398537606 -1.545453147 -1.57577175 -0.3862785921 0.4283064812 0.7110185634 0.3112033309 -0.3682782916
3.132524368 0.857435396 0.2785335082 0.7289779438 -0.06909764989 0.06641466486 -0.07856964049 -0.05227944482 -0.2024720084 -0.2038481916 -0.09897933088 0.04909180386 0.06416219741 0.02085438796 0.1396303396
7.836554469 -5.833564631 1.622147416 2.022857306 -0.7337963237 -0.05524539598 -2.539728801 -1.393200174 0.431273662 -1.046990481 -0.651882986 -0.4621963184 -1.15095955 -0.0148564791 0.5698841819
7.575965364 -3.344062411 -0.9398538922 -0.04866479663 -1.942720121 -0.5434133226 -0.8020411105 -0.6892911055 -0.1327742056 -0.6998176739 -0.04514230514 0.7120173148 0.124096503 0.07699307958 -0.2747483228
