9.228788824 0.4175375999 0.6193067931 0.6410754949 -0.6294579159 1.248185675 0.5509109061 -0.1447730007 0.4073820657 -0.2814836222 -0.294111081 0.1979963017 -0.3699110952 -0.3487425171 0.03621539972
10.18328005 -2.137607722 0.9822510066 0.9041007993 -1.143710084 1.816304156 0.3336472258 -0.2429572499 0.8824821706 -0.1922972974 0.01412446841 0.1911240071 -0.3968446847 -0.159722352 -0.1293616284
7.638695181 2.563309869 1.852635639 1.19485619 -1.345925772 -1.853234008 -0.6593013606 1.051824988 0.2886198744 -1.088022324 -0.07586984098 0.4026334019 -0.774064224 -0.4387005279 0.5230022973
12.41728146 -2.525633675 0.4397049946 0.4075351541 -2.329832418 0.8295208715 0.4677317791 -0.674900307 -0.7069611855 -1.888321545 0.5649011838 -0.02973428034 -1.221220132 -0.7622042775 0.7605555394
6.200769917 -0.4322348987 0.5140999201 1.260759821 -0.3670614415 1.269519398 0.6201000019 0.04552172478 0.6739091013 0.09902247939 -0.1925656046 0.1632006256 -0.318532799 -0.1588356358 -0.02949608432
10.22790557 -1.971991197 0.657701646 2.306907055 -0.7463562739 -0.08413950838 -0.03684050683 0.7805994911 0.9890049619 -0.9270109216 -0.3976694263 0.5709667973 -0.2221056483 -0.4071337004 0.002763788575
8.252456681 2.971999079 1.327186237 0.90447297 -0.0869286728 0.5086369787 0.268082552 -0.100220257 -0.07321826643 -0.265520241 -0.2695199038 -0.1907157933 -0.381547639 -0.2668720159 0.08108367367
11.61996257 0.1256835684 -1.212518837 -1.274692749 -1.426339985 0.9305593787 -0.02002255702 -0.8032557502 -0.8244120224 -1.589600886 0.1823508356 0.23200512 -1.305652116 -0.577582411 0.7015826684
8.661702245 -0.8652817659 0.4232109827 0.8977650393 -0.4945153344 1.579234221 0.6167417673 -0.06288915249 0.7841062474 0.06426031247 -0.03666594358 0.363081302 -0.3701988285 -0.3143233038 -0.09247024329
11.91869674 1.309026176 1.024698664 2.501951092 -0.3748585202 0.1910761273 0.4646438032 -0.717315272 -1.538992809 -2.39543844 -0.6466954342 -0.2540503852 0.05827747422 -0.4491139256 0.2524238952
11.250851 -0.2273896988 3.666871383 1.111891052 -2.786608711 -1.232145569 -1.416580559 1.553734075 0.8729048983 -2.549415903 0.8188446595 0.4442971377 -1.233068973 -0.780964134 0.7808619697
9.757933415 -3.40313963 -1.050085892 0.3040660406 -2.143875798 -0.2237583237 1.07418604 0.8602072413 -0.5477356605 -1.78136293 -0.2398034396 -0.306520536 -1.960318616 -0.7985317791 0.6098387356
7.350302459 -1.65836718 0.7364354582 1.232830157 -0.7345920945 1.601064991 0.4619750533 -0.1369240324 0.9233108769 0.06727372822 -0.1656804499 0.144499259 -0.4820880249 -0.1086003904 0.02106967516
9.737128162 -5.466177162 2.149898628 1.086096232 -1.428907038 2.108620576 -0.3178601184 -0.5344739072 0.4494623401 -0.504478463 0.5998058688 -0.09037677276 -0.5229115201 0.06396834708 0.07396741955
7.999691252 2.484475043 -0.1470319434 -0.4811976665 -0.4254179293 0.7216234047 0.5051575753 -0.3549370328 -0.9247891265 -0.8979173774 -0.3653753473 -0.05957875266 -0.4600458579 -0.4156706986 0.04037065572
7.757101986 -2.058582765 -1.048463131 0.2104695195 -1.858649388 -0.5916295994 1.189219979 1.123340438 -0.7646121103 -1.672566541 -0.2455070027 -0.364057998 -1.965279645 -0.7905898909 0.6366881886
7.627980992 0.6687114184 0.2651009318 0.49766915 -0.3320737549 0.8655575091 0.3814620671 -0.07851642432 0.3671099797 0.05956067141 -0.1136284583 0.1739296174 -0.2863378311 -0.367531334 -0.1695387541
11.12789697 -0.4602992673 0.7594857294 0.726241281 -1.267925777 1.477155583 0.4579386195 -0.351946209 0.6303564525 -0.4600607139 -0.2281706957 0.1987180448 -0.3433553189 -0.3774109268 0.05855952943
7.259133906 1.575182998 1.509452546 0.6637596163 -1.829722127 -1.696113851 -0.5650261128 0.957500887 -0.1854151807 -2.054950857 -0.5552800503 0.1981026152 -1.324080697 -0.5689176984 0.7602479172
11.9026082 -4.95019019 -0.2236633992 0.1279262436 -3.064313661 0.5503361892 0.8544057832 0.4860029947 -0.03524221439 -2.211899335 0.08825474045 -0.4696432139 -1.648228577 -0.7670171837 0.6450971841
5.438632575 -0.2262702503 -0.09084423981 0.7256529102 -0.5336552825 1.08757972 0.5034612755 -0.09004650118 0.5551750568 0.1338881737 -0.1989381143 0.158822488 -0.2906677316 -0.2075851505 0.0100713467
7.730225557 -1.203580019 0.4195773102 2.264421748 -0.2396465728 -0.4479686958 0.0841964719 0.9065890042 0.5539316643 -0.8896706793 -0.3994986269 0.6465437204 -0.1811494739 -0.4768100147 -0.03641610038
7.061429533 3.204334238 1.364574388 1.472869176 0.4596067958 -0.01606099166 -0.1831378885 -0.4504824284 -1.222093307 -1.50112018 -0.8854316388 -0.2195876568 -0.161074055 -0.2930373645 -0.1110361299
8.91711609 -0.9764918651 -1.190632581 -0.8395883397 -1.910545618 0.2253381812 0.8455497685 -0.07941268131 -1.086712675 -1.242220723 0.1485030199 -0.03677237064 -1.657867088 -0.7701766223 0.426133178
8.6926076 -1.340899244 0.04242621565 0.2984068475 -1.359337334 0.9982333199 -0.03563199388 -0.6952856122 0.3820359659 -0.2379224253 -0.2486087034 0.2307993115 -0.4394814018 -0.2546234144 -0.01371233468
9.560140067 0.8980413427 0.3976458089 1.453807958 -0.7172783708 0.08821732696 1.200730932 -0.4797547509 -2.376409364 -1.921349451 -0.3267449902 -0.1890509757 -0.4601969768 -0.2510458232 -0.04838374223
9.665305255 0.9908460602 2.012165822 1.264979027 -1.967483527 -1.772694631 -0.822699674 1.237849622 0.3466132785 -2.044424288 -0.07119625784 0.4924773647 -1.273777344 -0.4625967448 0.846483173
9.048356585 -4.448983373 -0.731368186 -0.6998768043 -3.168470712 0.3450275952 1.129814755 0.3420800548 -0.551815421 -1.999611385 -0.4115591889 0.1537727477 -1.282215195 -0.6032689488 0.4400472412
6.852070798 -1.144746284 0.0684699517 0.6456752461 -0.9115164812 1.133035662 0.2968011771 -0.270825034 0.619589656 -0.0304927072 -0.2436265246 0.1866367849 -0.3669575398 -0.1696933135 -0.0009612560514
7.755547841 -4.189957032 1.580931489 2.186754941 -0.9623321283 1.445309966 0.7882321742 -0.4479939344 -0.3415122706 -0.5918730436 0.4083240071 0.3588030887 -1.073521146 -0.5953700428 0.2268169247
8.493190644 2.035465676 -1.31386731 -1.424704252 -0.6269644635 0.7598454739 0.2288160899 -0.9976308691 -1.720044887 -1.193541042 -0.00740837994 -0.07075281424 -1.014819762 -0.7825039177 -0.07310099952
7.328247559 -2.939234774 -1.406667471 -0.6348300067 -2.506785388 -0.1009038744 1.251411031 0.4680753171 -0.8132219709 -1.569157969 -0.4589618681 -0.04446220228 -1.307326311 -0.7005646682 0.4185805064
